1.000000,0.921532,0.735765,0.700716,0.757590,0.452494,0.586892,0.357956,0.447870,0.107445,0.035765,0.500854,0.355025,-0.039909,0.386262,0.703286,0.839894,0.654208,0.746050,0.412162,0.502433,0.489774,0.431473,0.581440,0.493327,0.606516,0.605324,0.640210,0.695280,0.643266,0.229356,0.558946,0.450133,0.823140,0.451551,0.449168,0.691985,0.638478,0.404393,0.467592,0.395393,0.394580,0.371298,0.120410,0.019399,0.478435,0.257571,-0.038690,0.142786,0.249235,0.238274,0.210626,0.408408,0.145951,0.374773,0.348439,0.455865,0.379160,0.519166,0.411268,0.422830,0.435514,0.502658,0.463745,0.272085,0.342716,0.476833,0.390043
0.921532,1.000000,0.798092,0.778733,0.720709,0.596380,0.739053,0.480340,0.597442,0.309390,0.190429,0.641905,0.484879,0.129667,0.518860,0.762243,0.775260,0.634044,0.750513,0.531129,0.571859,0.564299,0.370275,0.624181,0.428905,0.532865,0.486702,0.535460,0.633730,0.552193,0.157581,0.417309,0.326935,0.730519,0.525015,0.521600,0.765811,0.724674,0.457545,0.536150,0.467474,0.481546,0.461097,0.216762,0.163528,0.616095,0.407075,0.124141,0.305920,0.341044,0.304359,0.356667,0.500838,0.306632,0.455409,0.420364,0.539456,0.418754,0.570757,0.459503,0.475480,0.503085,0.549773,0.523170,0.324895,0.390721,0.531350,0.458602
0.735765,0.798092,1.000000,0.934795,0.584477,0.777436,0.818091,0.691509,0.771043,0.454133,0.349903,0.818869,0.691551,0.292946,0.674012,0.711706,0.597819,0.639333,0.658197,0.669342,0.642524,0.637439,0.347095,0.689648,0.400903,0.583040,0.458280,0.388306,0.519240,0.389079,0.060793,0.328402,0.251206,0.549924,0.698182,0.718349,0.930580,0.910744,0.633578,0.707189,0.647352,0.675946,0.615696,0.310954,0.311313,0.811361,0.601870,0.274230,0.482908,0.446445,0.374380,0.502734,0.650827,0.479558,0.617763,0.569609,0.702236,0.564042,0.720353,0.585567,0.607235,0.646516,0.647057,0.640410,0.387550,0.465240,0.684353,0.620918
0.700716,0.778733,0.934795,1.000000,0.606761,0.840263,0.885790,0.758664,0.831681,0.503681,0.385104,0.901716,0.754373,0.325288,0.696051,0.718745,0.576137,0.640802,0.648503,0.689774,0.630365,0.629840,0.301529,0.679261,0.362997,0.534005,0.397127,0.345209,0.489706,0.366671,0.033102,0.307380,0.191169,0.553614,0.743715,0.762447,0.944496,0.979754,0.666885,0.760096,0.702284,0.740349,0.673111,0.355443,0.342724,0.879649,0.654400,0.306571,0.505372,0.482280,0.386955,0.542359,0.685029,0.504434,0.634261,0.586779,0.733680,0.588277,0.748284,0.593210,0.617821,0.671836,0.669362,0.665857,0.387313,0.471397,0.700603,0.666085
0.757590,0.720709,0.584477,0.606761,1.000000,0.457311,0.583956,0.364398,0.432672,0.101299,-0.005318,0.453796,0.351559,-0.077600,0.286867,0.575176,0.736873,0.485486,0.505823,0.307556,0.389839,0.382364,0.254017,0.452537,0.299833,0.422227,0.388206,0.423919,0.448208,0.547742,0.253359,0.486372,0.287495,0.930965,0.454785,0.454371,0.603306,0.555219,0.402958,0.472066,0.416015,0.393508,0.391642,0.135858,-0.014451,0.421872,0.236500,-0.069221,0.082584,0.247519,0.240252,0.206402,0.415961,0.094903,0.310193,0.284246,0.452600,0.324289,0.518250,0.416572,0.427707,0.432743,0.485412,0.458429,0.264804,0.316821,0.471089,0.382954
0.452494,0.596380,0.777436,0.840263,0.457311,1.000000,0.918397,0.950531,0.992015,0.785865,0.561758,0.935300,0.943379,0.542026,0.755310,0.665291,0.392561,0.527321,0.514874,0.730564,0.602126,0.605943,0.173155,0.608714,0.219700,0.328881,0.190082,0.202297,0.302126,0.201233,-0.036376,0.115270,0.023481,0.380254,0.803037,0.815081,0.764609,0.871762,0.687645,0.858802,0.752996,0.903658,0.825364,0.587834,0.506832,0.926941,0.853128,0.496436,0.663415,0.608357,0.459812,0.706779,0.780673,0.655705,0.686912,0.641329,0.809909,0.622917,0.776445,0.616018,0.637584,0.716030,0.702512,0.712303,0.426231,0.507994,0.704884,0.723288
0.586892,0.739053,0.818091,0.885790,0.583956,0.918397,1.000000,0.833446,0.915700,0.629690,0.417815,0.904435,0.820104,0.378427,0.687493,0.707168,0.516318,0.562080,0.599090,0.670303,0.606766,0.609349,0.229729,0.628611,0.288163,0.398445,0.260139,0.257449,0.403507,0.313503,0.031700,0.222918,0.104290,0.496783,0.740144,0.757422,0.840589,0.886376,0.654957,0.773677,0.743249,0.788810,0.714946,0.422074,0.368545,0.863282,0.709317,0.348204,0.529544,0.508439,0.391247,0.590518,0.699219,0.526553,0.612197,0.564920,0.736805,0.560188,0.734835,0.600690,0.620363,0.676080,0.664694,0.652093,0.370005,0.451504,0.674435,0.661976
0.357956,0.480340,0.691509,0.758664,0.364398,0.950531,0.833446,1.000000,0.941458,0.797343,0.550084,0.880974,0.981808,0.545585,0.678435,0.570355,0.312974,0.450244,0.423380,0.648298,0.515568,0.517330,0.125684,0.516489,0.167596,0.261418,0.142118,0.164323,0.243456,0.152911,-0.036415,0.072126,0.008699,0.298718,0.808676,0.822400,0.675543,0.797938,0.686156,0.888722,0.779258,0.978633,0.873301,0.696760,0.493315,0.884246,0.890494,0.491244,0.626311,0.638619,0.464559,0.714488,0.772584,0.616563,0.629706,0.596192,0.797120,0.599272,0.762602,0.621667,0.633762,0.715317,0.691345,0.691019,0.404625,0.486896,0.681821,0.725969
0.447870,0.597442,0.771043,0.831681,0.432672,0.992015,0.915700,0.941458,1.000000,0.815112,0.569682,0.926200,0.935325,0.551327,0.763840,0.681462,0.394123,0.529457,0.532139,0.739076,0.602720,0.607137,0.170400,0.607450,0.218788,0.337149,0.194882,0.204897,0.313409,0.204452,-0.036666,0.108190,0.027608,0.359456,0.779359,0.791688,0.756108,0.868739,0.658960,0.838580,0.729916,0.894443,0.811176,0.591566,0.514904,0.925081,0.853191,0.504816,0.673017,0.596642,0.453022,0.708546,0.768583,0.664084,0.691840,0.647605,0.796029,0.619637,0.758012,0.604923,0.623564,0.698896,0.685486,0.695196,0.420317,0.497360,0.686300,0.694581
0.107445,0.309390,0.454133,0.503681,0.101299,0.785865,0.629690,0.797343,0.815112,1.000000,0.662076,0.676410,0.802833,0.700714,0.649273,0.504015,0.116168,0.281867,0.303226,0.615832,0.402428,0.416384,-0.034491,0.355316,-0.011377,0.062278,-0.036564,0.060537,0.083156,-0.006838,-0.145572,-0.169275,-0.149231,0.033388,0.512375,0.509863,0.410181,0.556627,0.365495,0.597722,0.451752,0.738351,0.663984,0.713132,0.612754,0.714936,0.815041,0.643328,0.715127,0.504498,0.361576,0.690429,0.572416,0.701857,0.543554,0.513363,0.558483,0.433663,0.468224,0.384214,0.390021,0.469011,0.431159,0.454001,0.295645,0.336884,0.385185,0.451290
0.035765,0.190429,0.349903,0.385104,-0.005318,0.561758,0.417815,0.550084,0.569682,0.662076,1.000000,0.530247,0.608633,0.985308,0.718923,0.340503,0.035860,0.194523,0.222405,0.669255,0.474000,0.465933,-0.082749,0.382376,-0.072500,0.086718,-0.016489,0.040395,0.056517,-0.016789,-0.142896,-0.201739,-0.145483,-0.070840,0.427084,0.403420,0.315446,0.425324,0.335286,0.439171,0.262650,0.491794,0.460756,0.474920,0.980679,0.606420,0.674818,0.972916,0.907432,0.463524,0.414930,0.614481,0.507367,0.910587,0.566775,0.532383,0.483740,0.430208,0.357215,0.299979,0.325871,0.394267,0.300752,0.408764,0.369663,0.399810,0.339889,0.429623
0.500854,0.641905,0.818869,0.901716,0.453796,0.935300,0.904435,0.880974,0.926200,0.676410,0.530247,1.000000,0.898353,0.502811,0.760830,0.659550,0.404024,0.558068,0.542699,0.737150,0.603395,0.607153,0.181248,0.619259,0.222852,0.357937,0.219880,0.235176,0.334469,0.213974,-0.054867,0.153545,0.040540,0.393905,0.777860,0.797966,0.825764,0.924552,0.678782,0.806000,0.742880,0.831680,0.755776,0.486507,0.473192,0.958446,0.832727,0.465431,0.637540,0.567378,0.422595,0.670051,0.741980,0.630605,0.678109,0.637224,0.780626,0.623150,0.751395,0.569473,0.600257,0.679275,0.666012,0.679079,0.398255,0.474820,0.698496,0.706585
0.355025,0.484879,0.691551,0.754373,0.351559,0.943379,0.820104,0.981808,0.935325,0.802833,0.608633,0.898353,1.000000,0.605854,0.713401,0.579467,0.314410,0.453837,0.429053,0.679967,0.527846,0.528316,0.118351,0.517026,0.149478,0.252871,0.137735,0.174473,0.239602,0.152556,-0.040788,0.060485,0.002262,0.291192,0.781568,0.794205,0.666406,0.795190,0.644410,0.853415,0.718876,0.948280,0.835919,0.674726,0.550490,0.910162,0.940570,0.550786,0.684451,0.633593,0.475508,0.734326,0.764057,0.673632,0.667456,0.637347,0.789527,0.627253,0.735309,0.587793,0.599860,0.682037,0.655022,0.671814,0.418402,0.489288,0.665224,0.697934
-0.039909,0.129667,0.292946,0.325288,-0.077600,0.542026,0.378427,0.545585,0.551327,0.700714,0.985308,0.502811,0.605854,1.000000,0.700236,0.302528,-0.034253,0.143731,0.167265,0.645964,0.428272,0.423861,-0.129024,0.329227,-0.124528,0.023187,-0.069910,0.004251,-0.003788,-0.079750,-0.180239,-0.260795,-0.190129,-0.138845,0.384411,0.362956,0.247711,0.372533,0.289145,0.405958,0.237554,0.480080,0.447729,0.496888,0.957134,0.577035,0.687473,0.969119,0.905574,0.443121,0.375429,0.616010,0.469873,0.901698,0.536340,0.507016,0.443027,0.404978,0.307993,0.250549,0.274063,0.348953,0.260792,0.361370,0.325371,0.352612,0.287629,0.392395
0.386262,0.518860,0.674012,0.696051,0.286867,0.755310,0.687493,0.678435,0.763840,0.649273,0.718923,0.760830,0.713401,0.700236,1.000000,0.639702,0.351111,0.600239,0.586197,0.984921,0.749745,0.744300,0.199078,0.708037,0.229954,0.431389,0.261515,0.241575,0.371988,0.202508,-0.055751,0.100064,0.048385,0.236758,0.595600,0.593573,0.639954,0.726208,0.491264,0.619792,0.472560,0.636593,0.587408,0.428551,0.676080,0.783195,0.702567,0.660801,0.838802,0.480466,0.389478,0.618392,0.615578,0.823195,0.712237,0.654908,0.636718,0.561108,0.552479,0.392873,0.432978,0.507623,0.498687,0.555441,0.404225,0.451455,0.558556,0.543155
0.703286,0.762243,0.711706,0.718745,0.575176,0.665291,0.707168,0.570355,0.681462,0.504015,0.340503,0.659550,0.579467,0.302528,0.639702,1.000000,0.803276,0.736462,0.826089,0.650367,0.577440,0.577205,0.301039,0.615906,0.346805,0.556419,0.492560,0.469957,0.600232,0.533439,0.109932,0.311066,0.310994,0.581057,0.516768,0.518438,0.670086,0.707362,0.423651,0.562159,0.457288,0.556275,0.510256,0.299416,0.303680,0.652232,0.510361,0.269928,0.455101,0.335908,0.274231,0.439830,0.516427,0.448135,0.526054,0.487565,0.557470,0.463523,0.547207,0.401011,0.428751,0.473837,0.522748,0.504072,0.307350,0.372309,0.489585,0.442172
0.839894,0.775260,0.597819,0.576137,0.736873,0.392561,0.516318,0.312974,0.394123,0.116168,0.035860,0.404024,0.314410,-0.034253,0.351111,0.803276,1.000000,0.653101,0.803632,0.381819,0.435718,0.418420,0.356738,0.492661,0.393796,0.586866,0.597309,0.596019,0.711088,0.813093,0.423313,0.564835,0.474549,0.764586,0.379188,0.367972,0.566528,0.525403,0.322686,0.403586,0.303255,0.349656,0.321466,0.109827,0.023550,0.392001,0.217589,-0.035259,0.132942,0.190948,0.199035,0.164307,0.343131,0.133198,0.313229,0.291928,0.383657,0.314461,0.436651,0.338666,0.353300,0.360446,0.438875,0.392502,0.229270,0.296642,0.386234,0.313613
0.654208,0.634044,0.639333,0.640802,0.485486,0.527321,0.562080,0.450244,0.529457,0.281867,0.194523,0.558068,0.453837,0.143731,0.600239,0.736462,0.653101,1.000000,0.835274,0.661741,0.620194,0.621578,0.533628,0.678519,0.557801,0.524472,0.449612,0.402365,0.665242,0.503290,0.089877,0.512617,0.380365,0.507851,0.446668,0.444835,0.597455,0.625375,0.343862,0.490003,0.350460,0.463010,0.420837,0.215168,0.159676,0.540828,0.382556,0.106907,0.327588,0.280613,0.229549,0.340039,0.442028,0.329023,0.511667,0.482251,0.495140,0.459977,0.479707,0.334019,0.362238,0.396567,0.463461,0.444008,0.281870,0.358729,0.463256,0.364598
0.746050,0.750513,0.658197,0.648503,0.505823,0.514874,0.599090,0.423380,0.532139,0.303226,0.222405,0.542699,0.429053,0.167265,0.586197,0.826089,0.803632,0.835274,1.000000,0.612449,0.573495,0.563900,0.478081,0.620911,0.541389,0.614654,0.568048,0.550107,0.859608,0.701020,0.208258,0.442935,0.441472,0.530000,0.435052,0.431937,0.621606,0.619435,0.365334,0.457048,0.366479,0.432433,0.382250,0.178733,0.195794,0.534223,0.361736,0.147026,0.339568,0.255676,0.226396,0.285299,0.403505,0.328600,0.437475,0.398140,0.446372,0.378492,0.453866,0.350980,0.378743,0.403888,0.443650,0.415287,0.259526,0.338177,0.435239,0.368557
0.412162,0.531129,0.669342,0.689774,0.307556,0.730564,0.670303,0.648298,0.739076,0.615832,0.669255,0.737150,0.679967,0.645964,0.984921,0.650367,0.381819,0.661741,0.612449,1.000000,0.784157,0.778246,0.240424,0.740996,0.259447,0.436286,0.275929,0.259916,0.395860,0.233657,-0.042110,0.144388,0.079938,0.262706,0.567338,0.562093,0.635806,0.716985,0.453002,0.598203,0.437019,0.613559,0.565692,0.409237,0.628840,0.759374,0.665674,0.608830,0.803494,0.455089,0.374837,0.598090,0.596318,0.793231,0.714921,0.659096,0.617105,0.560506,0.530945,0.369779,0.410555,0.482135,0.485903,0.539452,0.398095,0.444331,0.541490,0.508657
0.502433,0.571859,0.642524,0.630365,0.389839,0.602126,0.606766,0.515568,0.602720,0.402428,0.474000,0.603395,0.527846,0.428272,0.749745,0.577440,0.435718,0.620194,0.573495,0.784157,1.000000,0.993391,0.284887,0.957345,0.308846,0.498486,0.332408,0.328937,0.425551,0.283081,-0.002810,0.207305,0.161563,0.374281,0.490665,0.470916,0.628490,0.633590,0.390196,0.524722,0.373226,0.501904,0.470699,0.280903,0.459786,0.625630,0.488866,0.430418,0.619550,0.368122,0.340834,0.479719,0.535689,0.629217,0.677390,0.627790,0.545477,0.537968,0.503242,0.351725,0.380965,0.429072,0.485664,0.514100,0.378360,0.442077,0.514999,0.432010
0.489774,0.564299,0.637439,0.629840,0.382364,0.605943,0.609349,0.517330,0.607137,0.416384,0.465933,0.607153,0.528316,0.423861,0.744300,0.577205,0.418420,0.621578,0.563900,0.778246,0.993391,1.000000,0.274942,0.966305,0.302486,0.489184,0.320784,0.322701,0.408587,0.259590,-0.017263,0.195518,0.141638,0.366173,0.486825,0.470389,0.626600,0.634641,0.385588,0.523372,0.377194,0.501028,0.474179,0.282496,0.450738,0.628044,0.490626,0.424697,0.614961,0.361463,0.329223,0.483318,0.533176,0.625903,0.675579,0.625133,0.543663,0.529567,0.501957,0.345409,0.375646,0.424638,0.483975,0.509214,0.369215,0.436318,0.508249,0.427028
0.431473,0.370275,0.347095,0.301529,0.254017,0.173155,0.229729,0.125684,0.170400,-0.034491,-0.082749,0.181248,0.118351,-0.129024,0.199078,0.301039,0.356738,0.533628,0.478081,0.240424,0.284887,0.274942,1.000000,0.359746,0.899318,0.423806,0.404536,0.265898,0.531593,0.260221,0.064186,0.336426,0.368330,0.298225,0.197884,0.205011,0.315226,0.280575,0.200743,0.195299,0.166891,0.150311,0.125159,-0.013296,-0.088256,0.168038,0.036591,-0.135239,0.003664,0.066442,0.076931,-0.007406,0.138806,0.005449,0.165108,0.156383,0.181105,0.190473,0.239689,0.213450,0.218921,0.197263,0.226382,0.180876,0.106066,0.121469,0.249214,0.166334
0.581440,0.624181,0.689648,0.679261,0.452537,0.608714,0.628611,0.516489,0.607450,0.355316,0.382376,0.619259,0.517026,0.329227,0.708037,0.615906,0.492661,0.678519,0.620911,0.740996,0.957345,0.966305,0.359746,1.000000,0.412558,0.589706,0.418353,0.369124,0.490573,0.307972,-0.002708,0.269464,0.215136,0.444852,0.527901,0.516483,0.676366,0.676021,0.438503,0.560585,0.424017,0.513183,0.492118,0.247548,0.362476,0.628246,0.450700,0.325306,0.532353,0.347139,0.320245,0.445500,0.550001,0.542962,0.646790,0.597347,0.571820,0.532677,0.558068,0.391393,0.426540,0.468711,0.542385,0.549143,0.379406,0.453396,0.560959,0.456406
0.493327,0.428905,0.400903,0.362997,0.299833,0.219700,0.288163,0.167596,0.218788,-0.011377,-0.072500,0.222852,0.149478,-0.124528,0.229954,0.346805,0.393796,0.557801,0.541389,0.259447,0.308846,0.302486,0.899318,0.412558,1.000000,0.562038,0.523466,0.337243,0.659704,0.301546,0.066315,0.363078,0.416346,0.338249,0.246620,0.262497,0.374398,0.339274,0.253503,0.243872,0.228792,0.194458,0.166696,-0.000922,-0.079981,0.203412,0.051447,-0.136883,0.003197,0.078373,0.085190,0.005924,0.174917,0.002573,0.192764,0.178653,0.218837,0.229069,0.294886,0.260011,0.268965,0.247914,0.279379,0.223470,0.135057,0.150601,0.286212,0.199877
0.606516,0.532865,0.583040,0.534005,0.422227,0.328881,0.398445,0.261418,0.337149,0.062278,0.086718,0.357937,0.252871,0.023187,0.431389,0.556419,0.586866,0.524472,0.614654,0.436286,0.498486,0.489184,0.423806,0.589706,0.562038,1.000000,0.907268,0.616762,0.662392,0.427624,0.132004,0.331719,0.486178,0.431995,0.339500,0.351011,0.561151,0.516995,0.316916,0.329825,0.312800,0.286308,0.233978,-0.035825,0.071980,0.348582,0.156357,0.012280,0.182303,0.062913,0.073654,0.087999,0.270200,0.177354,0.359345,0.326103,0.326492,0.353909,0.416142,0.324980,0.339559,0.326472,0.392445,0.324542,0.164652,0.223812,0.380034,0.252260
0.605324,0.486702,0.458280,0.397127,0.388206,0.190082,0.260139,0.142118,0.194882,-0.036564,-0.016489,0.219880,0.137735,-0.069910,0.261515,0.492560,0.597309,0.449612,0.568048,0.275929,0.332408,0.320784,0.404536,0.418353,0.523466,0.907268,1.000000,0.808234,0.691957,0.489209,0.159338,0.313364,0.534716,0.440432,0.218322,0.224336,0.415171,0.371741,0.200314,0.214582,0.195580,0.176951,0.133609,-0.082029,-0.023825,0.208083,0.052114,-0.080780,0.060237,-0.014880,0.002592,0.000387,0.154200,0.055568,0.243227,0.225452,0.203530,0.272610,0.309449,0.255357,0.257475,0.240850,0.299157,0.214958,0.078866,0.139515,0.251019,0.154289
0.640210,0.535460,0.388306,0.345209,0.423919,0.202297,0.257449,0.164323,0.204897,0.060537,0.040395,0.235176,0.174473,0.004251,0.241575,0.469957,0.596019,0.402365,0.550107,0.259916,0.328937,0.322701,0.265898,0.369124,0.337243,0.616762,0.808234,1.000000,0.658237,0.545354,0.150469,0.290322,0.400622,0.527419,0.201899,0.190038,0.332030,0.311936,0.167164,0.222339,0.152834,0.197465,0.175921,0.073132,0.033643,0.233443,0.132790,-0.004368,0.109565,0.098460,0.090181,0.099099,0.179903,0.109148,0.223620,0.206472,0.197071,0.215901,0.260231,0.227111,0.232279,0.241598,0.253831,0.207977,0.105309,0.153332,0.201007,0.182606
0.695280,0.633730,0.519240,0.489706,0.448208,0.302126,0.403507,0.243456,0.313409,0.083156,0.056517,0.334469,0.239602,-0.003788,0.371988,0.600232,0.711088,0.665242,0.859608,0.395860,0.425551,0.408587,0.531593,0.490573,0.659704,0.662392,0.691957,0.658237,1.000000,0.744141,0.231473,0.451932,0.527554,0.505977,0.303239,0.303170,0.483770,0.450778,0.266838,0.311144,0.245605,0.278512,0.231907,0.068828,0.041909,0.328985,0.163288,-0.017801,0.143911,0.146723,0.146412,0.108596,0.250520,0.136328,0.290299,0.263569,0.283103,0.278656,0.338204,0.281046,0.297036,0.299784,0.334216,0.286601,0.185606,0.240353,0.317522,0.248119
0.643266,0.552193,0.389079,0.366671,0.547742,0.201233,0.313503,0.152911,0.204452,-0.006838,-0.016789,0.213974,0.152556,-0.079750,0.202508,0.533439,0.813093,0.503290,0.701020,0.233657,0.283081,0.259590,0.260221,0.307972,0.301546,0.427624,0.489209,0.545354,0.744141,1.000000,0.572375,0.608746,0.427536,0.584548,0.212468,0.195939,0.364067,0.322288,0.179565,0.223287,0.143404,0.192292,0.152310,0.034304,-0.019827,0.206575,0.076897,-0.076926,0.047022,0.096664,0.128170,0.048168,0.180909,0.046865,0.182286,0.167874,0.199433,0.181904,0.240698,0.202761,0.207332,0.205510,0.247342,0.216937,0.157208,0.198664,0.224501,0.175676
0.229356,0.157581,0.060793,0.033102,0.253359,-0.036376,0.031700,-0.036415,-0.036666,-0.145572,-0.142896,-0.054867,-0.040788,-0.180239,-0.055751,0.109932,0.423313,0.089877,0.208258,-0.042110,-0.002810,-0.017263,0.064186,-0.002708,0.066315,0.132004,0.159338,0.150469,0.231473,0.572375,1.000000,0.483709,0.185948,0.260159,0.007996,0.001606,0.055994,0.026982,0.015518,0.001488,-0.016961,-0.005122,-0.044696,-0.079539,-0.134297,-0.048480,-0.083955,-0.168810,-0.125071,-0.054836,-0.021227,-0.134618,-0.046865,-0.132826,-0.038988,-0.031177,-0.008421,0.009232,0.029358,0.010648,-0.007711,-0.020049,0.028352,-0.010012,-0.011773,0.009844,0.003190,-0.009804
0.558946,0.417309,0.328402,0.307380,0.486372,0.115270,0.222918,0.072126,0.108190,-0.169275,-0.201739,0.153545,0.060485,-0.260795,0.100064,0.311066,0.564835,0.512617,0.442935,0.144388,0.207305,0.195518,0.336426,0.269464,0.363078,0.331719,0.313364,0.290322,0.451932,0.608746,0.483709,1.000000,0.418750,0.549885,0.170193,0.175573,0.307759,0.274994,0.172475,0.175915,0.139135,0.115582,0.093434,-0.055553,-0.215161,0.121431,-0.019918,-0.269851,-0.130954,0.044876,0.032769,-0.072622,0.106595,-0.128330,0.125840,0.120468,0.156019,0.162372,0.219800,0.127528,0.132021,0.130142,0.220225,0.177195,0.077565,0.117187,0.211722,0.134732
0.450133,0.326935,0.251206,0.191169,0.287495,0.023481,0.104290,0.008699,0.027608,-0.149231,-0.145483,0.040540,0.002262,-0.190129,0.048385,0.310994,0.474549,0.380365,0.441472,0.079938,0.161563,0.141638,0.368330,0.215136,0.416346,0.486178,0.534716,0.400622,0.527554,0.427536,0.185948,0.418750,1.000000,0.329862,0.107315,0.104669,0.219953,0.160435,0.120312,0.103692,0.089115,0.056088,0.039681,-0.074562,-0.141764,0.022702,-0.054866,-0.189904,-0.107154,-0.014628,0.020496,-0.072853,0.075498,-0.108105,0.078031,0.080501,0.096501,0.132210,0.166442,0.208326,0.203680,0.165729,0.184813,0.139423,0.055261,0.084820,0.151011,0.074493
0.823140,0.730519,0.549924,0.553614,0.930965,0.380254,0.496783,0.298718,0.359456,0.033388,-0.070840,0.393905,0.291192,-0.138845,0.236758,0.581057,0.764586,0.507851,0.530000,0.262706,0.374281,0.366173,0.298225,0.444852,0.338249,0.431995,0.440432,0.527419,0.505977,0.584548,0.260159,0.549885,0.329862,1.000000,0.394436,0.392975,0.540656,0.500055,0.347031,0.426544,0.362410,0.344756,0.347001,0.120888,-0.078265,0.361803,0.188493,-0.131964,0.020259,0.208608,0.199633,0.152758,0.361758,0.030633,0.267565,0.246823,0.395157,0.294477,0.466697,0.350660,0.362735,0.371494,0.454095,0.418105,0.227498,0.279244,0.410320,0.336435
0.451551,0.525015,0.698182,0.743715,0.454785,0.803037,0.740144,0.808676,0.779359,0.512375,0.427084,0.777860,0.781568,0.384411,0.595600,0.516768,0.379188,0.446668,0.435052,0.567338,0.490665,0.486825,0.197884,0.527901,0.246620,0.339500,0.218322,0.201899,0.303239,0.212468,0.007996,0.170193,0.107315,0.394436,1.000000,0.982059,0.694949,0.750006,0.899885,0.925590,0.828321,0.825618,0.857924,0.573125,0.387908,0.768055,0.653124,0.359943,0.498682,0.722346,0.629465,0.705111,0.875557,0.501834,0.558427,0.523659,0.910955,0.552117,0.908187,0.750180,0.796899,0.875768,0.795566,0.855366,0.586552,0.687997,0.871960,0.917465
0.449168,0.521600,0.718349,0.762447,0.454371,0.815081,0.757422,0.822400,0.791688,0.509863,0.403420,0.797966,0.794205,0.362956,0.593573,0.518438,0.367972,0.444835,0.431937,0.562093,0.470916,0.470389,0.205011,0.516483,0.262497,0.351011,0.224336,0.190038,0.303170,0.195939,0.001606,0.175573,0.104669,0.392975,0.982059,1.000000,0.719098,0.774800,0.904005,0.915965,0.871959,0.835389,0.842567,0.540501,0.360550,0.781499,0.663259,0.335347,0.478544,0.684812,0.575614,0.665308,0.839511,0.477159,0.550060,0.515282,0.888412,0.556117,0.894163,0.741007,0.779885,0.852459,0.769107,0.811935,0.532130,0.619138,0.856982,0.896384
0.691985,0.765811,0.930580,0.944496,0.603306,0.764609,0.840589,0.675543,0.756108,0.410181,0.315446,0.825764,0.666406,0.247711,0.639954,0.670086,0.566528,0.597455,0.621606,0.635806,0.628490,0.626600,0.315226,0.676366,0.374398,0.561151,0.415171,0.332030,0.483770,0.364067,0.055994,0.307759,0.219953,0.540656,0.694949,0.719098,1.000000,0.927704,0.631838,0.692366,0.670965,0.655786,0.598361,0.267277,0.283997,0.803593,0.560628,0.242063,0.432437,0.430737,0.361681,0.471443,0.635416,0.432815,0.591092,0.542389,0.688238,0.537800,0.708526,0.583849,0.608072,0.643353,0.629752,0.628109,0.380409,0.448096,0.688367,0.609093
0.638478,0.724674,0.910744,0.979754,0.555219,0.871762,0.886376,0.797938,0.868739,0.556627,0.425324,0.924552,0.795190,0.372533,0.726208,0.707362,0.525403,0.625375,0.619435,0.716985,0.633590,0.634641,0.280575,0.676021,0.339274,0.516995,0.371741,0.311936,0.450778,0.322288,0.026982,0.274994,0.160435,0.500055,0.750006,0.774800,0.927704,1.000000,0.666922,0.770818,0.720498,0.771844,0.692999,0.378746,0.381737,0.918750,0.705724,0.349033,0.547452,0.491287,0.381777,0.565896,0.693480,0.544643,0.665716,0.618823,0.744835,0.614069,0.749377,0.581781,0.605871,0.664995,0.664621,0.664125,0.382544,0.464056,0.701874,0.663991
0.404393,0.457545,0.633578,0.666885,0.402958,0.687645,0.654957,0.686156,0.658960,0.365495,0.335286,0.678782,0.644410,0.289145,0.491264,0.423651,0.322686,0.343862,0.365334,0.453002,0.390196,0.385588,0.200743,0.438503,0.253503,0.316916,0.200314,0.167164,0.266838,0.179565,0.015518,0.172475,0.120312,0.347031,0.899885,0.904005,0.631838,0.666922,1.000000,0.839083,0.865107,0.709706,0.742001,0.451567,0.305783,0.652353,0.509677,0.278756,0.388079,0.640398,0.526671,0.540562,0.746552,0.390347,0.387949,0.342892,0.771163,0.406709,0.795284,0.730527,0.774845,0.828929,0.682976,0.747433,0.481668,0.546191,0.783206,0.950318
0.467592,0.536150,0.707189,0.760096,0.472066,0.858802,0.773677,0.888722,0.838580,0.597722,0.439171,0.806000,0.853415,0.405958,0.619792,0.562159,0.403586,0.490003,0.457048,0.598203,0.524722,0.523372,0.195299,0.560585,0.243872,0.329825,0.214582,0.222339,0.311144,0.223287,0.001488,0.175915,0.103692,0.426544,0.925590,0.915965,0.692366,0.770818,0.839083,1.000000,0.843463,0.922261,0.965553,0.718758,0.400300,0.800876,0.717790,0.376271,0.521671,0.762686,0.612644,0.738690,0.903774,0.523232,0.585315,0.549146,0.917230,0.564434,0.903470,0.749475,0.781792,0.854625,0.849914,0.875223,0.564570,0.641841,0.833043,0.868876
0.395393,0.467474,0.647352,0.702284,0.416015,0.752996,0.743249,0.779258,0.729916,0.451752,0.262650,0.742880,0.718876,0.237554,0.472560,0.457288,0.303255,0.350460,0.366479,0.437019,0.373226,0.377194,0.166891,0.424017,0.228792,0.312800,0.195580,0.152834,0.245605,0.143404,-0.016961,0.139135,0.089115,0.362410,0.828321,0.871959,0.670965,0.720498,0.865107,0.843463,1.000000,0.793979,0.790295,0.471608,0.219091,0.687215,0.566785,0.207135,0.326684,0.550313,0.390913,0.495076,0.691792,0.319271,0.380977,0.344276,0.726673,0.415232,0.775634,0.680484,0.709986,0.758027,0.691171,0.671031,0.339717,0.395716,0.714650,0.802417
0.394580,0.481546,0.675946,0.740349,0.393508,0.903658,0.788810,0.978633,0.894443,0.738351,0.491794,0.831680,0.948280,0.480080,0.636593,0.556275,0.349656,0.463010,0.432433,0.613559,0.501904,0.501028,0.150311,0.513183,0.194458,0.286308,0.176951,0.197465,0.278512,0.192292,-0.005122,0.115582,0.056088,0.344756,0.825618,0.835389,0.655786,0.771844,0.709706,0.922261,0.793979,1.000000,0.902821,0.740002,0.440392,0.840278,0.846223,0.431549,0.567737,0.657286,0.476339,0.693337,0.777672,0.560505,0.604647,0.574572,0.802344,0.591287,0.782378,0.649682,0.657375,0.734187,0.715621,0.706978,0.409523,0.496222,0.697479,0.748501
0.371298,0.461097,0.615696,0.673111,0.391642,0.825364,0.714946,0.873301,0.811176,0.663984,0.460756,0.755776,0.835919,0.447729,0.587408,0.510256,0.321466,0.420837,0.382250,0.565692,0.470699,0.474179,0.125159,0.492118,0.166696,0.233978,0.133609,0.175921,0.231907,0.152310,-0.044696,0.093434,0.039681,0.347001,0.857924,0.842567,0.598361,0.692999,0.742001,0.965553,0.790295,0.902821,1.000000,0.816748,0.423994,0.756709,0.720758,0.414467,0.529726,0.781321,0.617679,0.765365,0.894189,0.532866,0.548288,0.516561,0.879830,0.508309,0.853148,0.693596,0.730162,0.805281,0.837573,0.852656,0.556273,0.603922,0.757386,0.789569
0.120410,0.216762,0.310954,0.355443,0.135858,0.587834,0.422074,0.696760,0.591566,0.713132,0.474920,0.486507,0.674726,0.496888,0.428551,0.299416,0.109827,0.215168,0.178733,0.409237,0.280903,0.282496,-0.013296,0.247548,-0.000922,-0.035825,-0.082029,0.073132,0.068828,0.034304,-0.079539,-0.055553,-0.074562,0.120888,0.573125,0.540501,0.267277,0.378746,0.451567,0.718758,0.471608,0.740002,0.816748,1.000000,0.454007,0.531192,0.652538,0.469802,0.498141,0.767134,0.607396,0.705544,0.686997,0.500250,0.402385,0.385053,0.614664,0.330039,0.530503,0.499240,0.510183,0.577157,0.524768,0.599371,0.491499,0.453747,0.452608,0.559623
0.019399,0.163528,0.311313,0.342724,-0.014451,0.506832,0.368545,0.493315,0.514904,0.612754,0.980679,0.473192,0.550490,0.957134,0.676080,0.303680,0.023550,0.159676,0.195794,0.628840,0.459786,0.450738,-0.088256,0.362476,-0.079981,0.071980,-0.023825,0.033643,0.041909,-0.019827,-0.134297,-0.215161,-0.141764,-0.078265,0.387908,0.360550,0.283997,0.381737,0.305783,0.400300,0.219091,0.440392,0.423994,0.454007,1.000000,0.559289,0.622933,0.987304,0.899014,0.445784,0.410433,0.583041,0.481255,0.909662,0.557738,0.522158,0.451749,0.416184,0.332135,0.294756,0.317630,0.376023,0.280254,0.390038,0.364342,0.397699,0.316427,0.397576
0.478435,0.616095,0.811361,0.879649,0.421872,0.926941,0.863282,0.884246,0.925081,0.714936,0.606420,0.958446,0.910162,0.577035,0.783195,0.652232,0.392001,0.540828,0.534223,0.759374,0.625630,0.628044,0.168038,0.628246,0.203412,0.348582,0.208083,0.233443,0.328985,0.206575,-0.048480,0.121431,0.022702,0.361803,0.768055,0.781499,0.803593,0.918750,0.652353,0.800876,0.687215,0.840278,0.756709,0.531192,0.559289,1.000000,0.891659,0.551314,0.715707,0.595061,0.462424,0.707592,0.752501,0.711711,0.725645,0.685173,0.785821,0.649299,0.736861,0.558053,0.586572,0.667469,0.645667,0.675780,0.423997,0.499930,0.693605,0.696914
0.257571,0.407075,0.601870,0.654400,0.236500,0.853128,0.709317,0.890494,0.853191,0.815041,0.674818,0.832727,0.940570,0.687473,0.702567,0.510361,0.217589,0.382556,0.361736,0.665674,0.488866,0.490626,0.036591,0.450700,0.051447,0.156357,0.052114,0.132790,0.163288,0.076897,-0.083955,-0.019918,-0.054866,0.188493,0.653124,0.663259,0.560628,0.705724,0.509677,0.717790,0.566785,0.846223,0.720758,0.652538,0.622933,0.891659,1.000000,0.643016,0.744573,0.573572,0.425477,0.711180,0.662323,0.732544,0.669046,0.646626,0.679558,0.612015,0.597338,0.457956,0.468841,0.557132,0.514269,0.546104,0.353918,0.412552,0.543123,0.591655
-0.038690,0.124141,0.274230,0.306571,-0.069221,0.496436,0.348204,0.491244,0.504816,0.643328,0.972916,0.465431,0.550786,0.969119,0.660801,0.269928,-0.035259,0.106907,0.147026,0.608830,0.430418,0.424697,-0.135239,0.325306,-0.136883,0.012280,-0.080780,-0.004368,-0.017801,-0.076926,-0.168810,-0.269851,-0.189904,-0.131964,0.359943,0.335347,0.242063,0.349033,0.278756,0.376271,0.207135,0.431549,0.414467,0.469802,0.987304,0.551314,0.643016,1.000000,0.911222,0.432476,0.379898,0.588915,0.455051,0.918115,0.541121,0.508170,0.423711,0.399510,0.298049,0.258349,0.279300,0.344267,0.248702,0.352212,0.324281,0.358748,0.281878,0.377587
0.142786,0.305920,0.482908,0.505372,0.082584,0.663415,0.529544,0.626311,0.673017,0.715127,0.907432,0.637540,0.684451,0.905574,0.838802,0.455101,0.132942,0.327588,0.339568,0.803494,0.619550,0.614961,0.003664,0.532353,0.003197,0.182303,0.060237,0.109565,0.143911,0.047022,-0.125071,-0.130954,-0.107154,0.020259,0.498682,0.478544,0.432437,0.547452,0.388079,0.521671,0.326684,0.567737,0.529726,0.498141,0.899014,0.715707,0.744573,0.911222,1.000000,0.507095,0.421617,0.702428,0.582226,0.992870,0.726508,0.686550,0.576908,0.574090,0.455305,0.354724,0.372537,0.451609,0.391260,0.474582,0.385226,0.436537,0.439856,0.488411
0.249235,0.341044,0.446445,0.482280,0.247519,0.608357,0.508439,0.638619,0.596642,0.504498,0.463524,0.567378,0.633593,0.443121,0.480466,0.335908,0.190948,0.280613,0.255676,0.455089,0.368122,0.361463,0.066442,0.347139,0.078373,0.062913,-0.014880,0.098460,0.146723,0.096664,-0.054836,0.044876,-0.014628,0.208608,0.722346,0.684812,0.430737,0.491287,0.640398,0.762686,0.550313,0.657286,0.781321,0.767134,0.445784,0.595061,0.573572,0.432476,0.507095,1.000000,0.893769,0.787258,0.849230,0.516533,0.443708,0.414096,0.767423,0.344097,0.651578,0.630580,0.676031,0.731638,0.571285,0.778424,0.787359,0.677280,0.669572,0.717509
0.238274,0.304359,0.374380,0.386955,0.240252,0.459812,0.391247,0.464559,0.453022,0.361576,0.414930,0.422595,0.475508,0.375429,0.389478,0.274231,0.199035,0.229549,0.226396,0.374837,0.340834,0.329223,0.076931,0.320245,0.085190,0.073654,0.002592,0.090181,0.146412,0.128170,-0.021227,0.032769,0.020496,0.199633,0.629465,0.575614,0.361681,0.381777,0.526671,0.612644,0.390913,0.476339,0.617679,0.607396,0.410433,0.462424,0.425477,0.379898,0.421617,0.893769,1.000000,0.725012,0.792465,0.439811,0.361932,0.333112,0.675014,0.242584,0.548877,0.576608,0.630372,0.666554,0.465624,0.740337,0.906020,0.749717,0.607206,0.595139
0.210626,0.356667,0.502734,0.542359,0.206402,0.706779,0.590518,0.714488,0.708546,0.690429,0.614481,0.670051,0.734326,0.616010,0.618392,0.439830,0.164307,0.340039,0.285299,0.598090,0.479719,0.483318,-0.007406,0.445500,0.005924,0.087999,0.000387,0.099099,0.108596,0.048168,-0.134618,-0.072622,-0.072853,0.152758,0.705111,0.665308,0.471443,0.565896,0.540562,0.738690,0.495076,0.693337,0.765365,0.705544,0.583041,0.707592,0.711180,0.588915,0.702428,0.787258,0.725012,1.000000,0.883226,0.708311,0.655017,0.630970,0.832847,0.521941,0.666172,0.565845,0.600251,0.679456,0.594997,0.748646,0.667356,0.688679,0.672169,0.648387
0.408408,0.500838,0.650827,0.685029,0.415961,0.780673,0.699219,0.772584,0.768583,0.572416,0.507367,0.741980,0.764057,0.469873,0.615578,0.516427,0.343131,0.442028,0.403505,0.596318,0.535689,0.533176,0.138806,0.550001,0.174917,0.270200,0.154200,0.179903,0.250520,0.180909,-0.046865,0.106595,0.075498,0.361758,0.875557,0.839511,0.635416,0.693480,0.746552,0.903774,0.691792,0.777672,0.894189,0.686997,0.481255,0.752501,0.662323,0.455051,0.582226,0.849230,0.792465,0.883226,1.000000,0.594602,0.619312,0.582123,0.954759,0.526606,0.869563,0.742077,0.792209,0.854521,0.814840,0.946361,0.771424,0.791648,0.846167,0.798436
0.145951,0.306632,0.479558,0.504434,0.094903,0.655705,0.526553,0.616563,0.664084,0.701857,0.910587,0.630605,0.673632,0.901698,0.823195,0.448135,0.133198,0.329023,0.328600,0.793231,0.629217,0.625903,0.005449,0.542962,0.002573,0.177354,0.055568,0.109148,0.136328,0.046865,-0.132826,-0.128330,-0.108105,0.030633,0.501834,0.477159,0.432815,0.544643,0.390347,0.523232,0.319271,0.560505,0.532866,0.500250,0.909662,0.711711,0.732544,0.918115,0.992870,0.516533,0.439811,0.708311,0.594602,1.000000,0.732600,0.691247,0.583939,0.569029,0.460987,0.364380,0.385908,0.462246,0.396696,0.486680,0.402614,0.452440,0.446774,0.490967
0.374773,0.455409,0.617763,0.634261,0.310193,0.686912,0.612197,0.629706,0.691840,0.543554,0.566775,0.678109,0.667456,0.536340,0.712237,0.526054,0.313229,0.511667,0.437475,0.714921,0.677390,0.675579,0.165108,0.646790,0.192764,0.359345,0.243227,0.223620,0.290299,0.182286,-0.038988,0.125840,0.078031,0.267565,0.558427,0.550060,0.591092,0.665716,0.387949,0.585315,0.380977,0.604647,0.548288,0.402385,0.557738,0.725645,0.669046,0.541121,0.726508,0.443708,0.361932,0.655017,0.619312,0.732600,1.000000,0.987470,0.685244,0.897793,0.607508,0.429823,0.417744,0.484699,0.532616,0.538382,0.352440,0.472245,0.575513,0.461969
0.348439,0.420364,0.569609,0.586779,0.284246,0.641329,0.564920,0.596192,0.647605,0.513363,0.532383,0.637224,0.637347,0.507016,0.654908,0.487565,0.291928,0.482251,0.398140,0.659096,0.627790,0.625133,0.156383,0.597347,0.178653,0.326103,0.225452,0.206472,0.263569,0.167874,-0.031177,0.120468,0.080501,0.246823,0.523659,0.515282,0.542389,0.618823,0.342892,0.549146,0.344276,0.574572,0.516561,0.385053,0.522158,0.685173,0.646626,0.508170,0.686550,0.414096,0.333112,0.630970,0.582123,0.691247,0.987470,1.000000,0.659888,0.924362,0.586997,0.399804,0.377569,0.443405,0.513106,0.501129,0.312281,0.437184,0.538563,0.423775
0.455865,0.539456,0.702236,0.733680,0.452600,0.809909,0.736805,0.797120,0.796029,0.558483,0.483740,0.780626,0.789527,0.443027,0.636718,0.557470,0.383657,0.495140,0.446372,0.617105,0.545477,0.543663,0.181105,0.571820,0.218837,0.326492,0.203530,0.197071,0.283103,0.199433,-0.008421,0.156019,0.096501,0.395157,0.910955,0.888412,0.688238,0.744835,0.771163,0.917230,0.726673,0.802344,0.879830,0.614664,0.451749,0.785821,0.679558,0.423711,0.576908,0.767423,0.675014,0.832847,0.954759,0.583939,0.685244,0.659888,1.000000,0.639460,0.924261,0.723010,0.759383,0.832728,0.840455,0.909753,0.658541,0.746708,0.883330,0.822754
0.379160,0.418754,0.564042,0.588277,0.324289,0.622917,0.560188,0.599272,0.619637,0.433663,0.430208,0.623150,0.627253,0.404978,0.561108,0.463523,0.314461,0.459977,0.378492,0.560506,0.537968,0.529567,0.190473,0.532677,0.229069,0.353909,0.272610,0.215901,0.278656,0.181904,0.009232,0.162372,0.132210,0.294477,0.552117,0.556117,0.537800,0.614069,0.406709,0.564434,0.415232,0.591287,0.508309,0.330039,0.416184,0.649299,0.612015,0.399510,0.574090,0.344097,0.242584,0.521941,0.526606,0.569029,0.897793,0.924362,0.639460,1.000000,0.626700,0.436411,0.391354,0.453879,0.537426,0.472757,0.211610,0.377147,0.546760,0.469477
0.519166,0.570757,0.720353,0.748284,0.518250,0.776445,0.734835,0.762602,0.758012,0.468224,0.357215,0.751395,0.735309,0.307993,0.552479,0.547207,0.436651,0.479707,0.453866,0.530945,0.503242,0.501957,0.239689,0.558068,0.294886,0.416142,0.309449,0.260231,0.338204,0.240698,0.029358,0.219800,0.166442,0.466697,0.908187,0.894163,0.708526,0.749377,0.795284,0.903470,0.775634,0.782378,0.853148,0.530503,0.332135,0.736861,0.597338,0.298049,0.455305,0.651578,0.548877,0.666172,0.869563,0.460987,0.607508,0.586997,0.924261,0.626700,1.000000,0.773449,0.785146,0.843165,0.916770,0.878280,0.515939,0.640975,0.846105,0.817394
0.411268,0.459503,0.585567,0.593210,0.416572,0.616018,0.600690,0.621667,0.604923,0.384214,0.299979,0.569473,0.587793,0.250549,0.392873,0.401011,0.338666,0.334019,0.350980,0.369779,0.351725,0.345409,0.213450,0.391393,0.260011,0.324980,0.255357,0.227111,0.281046,0.202761,0.010648,0.127528,0.208326,0.350660,0.750180,0.741007,0.583849,0.581781,0.730527,0.749475,0.680484,0.649682,0.693596,0.499240,0.294756,0.558053,0.457956,0.258349,0.354724,0.630580,0.576608,0.565845,0.742077,0.364380,0.429823,0.399804,0.723010,0.436411,0.773449,1.000000,0.971407,0.936659,0.662831,0.718337,0.527910,0.541107,0.706015,0.696263
0.422830,0.475480,0.607235,0.617821,0.427707,0.637584,0.620363,0.633762,0.623564,0.390021,0.325871,0.600257,0.599860,0.274063,0.432978,0.428751,0.353300,0.362238,0.378743,0.410555,0.380965,0.375646,0.218921,0.426540,0.268965,0.339559,0.257475,0.232279,0.297036,0.207332,-0.007711,0.132021,0.203680,0.362735,0.796899,0.779885,0.608072,0.605871,0.774845,0.781792,0.709986,0.657375,0.730162,0.510183,0.317630,0.586572,0.468841,0.279300,0.372537,0.676031,0.630372,0.600251,0.792209,0.385908,0.417744,0.377569,0.759383,0.391354,0.785146,0.971407,1.000000,0.975573,0.690434,0.779605,0.602755,0.605905,0.749256,0.738249
0.435514,0.503085,0.646516,0.671836,0.432743,0.716030,0.676080,0.715317,0.698896,0.469011,0.394267,0.679275,0.682037,0.348953,0.507623,0.473837,0.360446,0.396567,0.403888,0.482135,0.429072,0.424638,0.197263,0.468711,0.247914,0.326472,0.240850,0.241598,0.299784,0.205510,-0.020049,0.130142,0.165729,0.371494,0.875768,0.852459,0.643353,0.664995,0.828929,0.854625,0.758027,0.734187,0.805281,0.577157,0.376023,0.667469,0.557132,0.344267,0.451609,0.731638,0.666554,0.679456,0.854521,0.462246,0.484699,0.443405,0.832728,0.453879,0.843165,0.936659,0.975573,1.000000,0.750997,0.838937,0.628106,0.667682,0.794497,0.826062
0.502658,0.549773,0.647057,0.669362,0.485412,0.702512,0.664694,0.691345,0.685486,0.431159,0.300752,0.666012,0.655022,0.260792,0.498687,0.522748,0.438875,0.463461,0.443650,0.485903,0.485664,0.483975,0.226382,0.542385,0.279379,0.392445,0.299157,0.253831,0.334216,0.247342,0.028352,0.220225,0.184813,0.454095,0.795566,0.769107,0.629752,0.664621,0.682976,0.849914,0.691171,0.715621,0.837573,0.524768,0.280254,0.645667,0.514269,0.248702,0.391260,0.571285,0.465624,0.594997,0.814840,0.396696,0.532616,0.513106,0.840455,0.537426,0.916770,0.662831,0.690434,0.750997,1.000000,0.878487,0.450803,0.590345,0.746549,0.707638
0.463745,0.523170,0.640410,0.665857,0.458429,0.712303,0.652093,0.691019,0.695196,0.454001,0.408764,0.679079,0.671814,0.361370,0.555441,0.504072,0.392502,0.444008,0.415287,0.539452,0.514100,0.509214,0.180876,0.549143,0.223470,0.324542,0.214958,0.207977,0.286601,0.216937,-0.010012,0.177195,0.139423,0.418105,0.855366,0.811935,0.628109,0.664125,0.747433,0.875223,0.671031,0.706978,0.852656,0.599371,0.390038,0.675780,0.546104,0.352212,0.474582,0.778424,0.740337,0.748646,0.946361,0.486680,0.538382,0.501129,0.909753,0.472757,0.878280,0.718337,0.779605,0.838937,0.878487,1.000000,0.769625,0.821161,0.837838,0.785183
0.272085,0.324895,0.387550,0.387313,0.264804,0.426231,0.370005,0.404625,0.420317,0.295645,0.369663,0.398255,0.418402,0.325371,0.404225,0.307350,0.229270,0.281870,0.259526,0.398095,0.378360,0.369215,0.106066,0.379406,0.135057,0.164652,0.078866,0.105309,0.185606,0.157208,-0.011773,0.077565,0.055261,0.227498,0.586552,0.532130,0.380409,0.382544,0.481668,0.564570,0.339717,0.409523,0.556273,0.491499,0.364342,0.423997,0.353918,0.324281,0.385226,0.787359,0.906020,0.667356,0.771424,0.402614,0.352440,0.312281,0.658541,0.211610,0.515939,0.527910,0.602755,0.628106,0.450803,0.769625,1.000000,0.819151,0.628488,0.526159
