1.000000,-0.001908,0.011568,-0.022822,0.037531,0.106370,-0.017555,0.055096,0.037921,0.033234,0.004875,0.045537,0.075944,0.039907,0.005920,0.013260,0.004259,-0.054749,0.033553,0.025194,-0.020972,0.000146,0.004135,-0.039943,-0.009014,-0.000704,-0.007836,0.021347,-0.058185,-0.019586,-0.015125,0.009994,-0.038887,0.011024,0.033605,-0.008189,0.048970,-0.006679,-0.113531,0.085663,0.120659,0.028426,-0.059629,-0.029465,0.003788,-0.024410,0.037487,0.022098,0.015338,0.045626,0.064845,-0.076717,-0.040860,-0.019683,0.053339,-0.055997,0.025963,0.035662,0.056449,-0.030864,-0.037120,0.041409,-0.064513,-0.014105,-0.016255,-0.012327,0.035985,-0.094331
-0.001908,1.000000,-0.060202,-0.027146,0.049566,-0.061676,-0.030582,-0.059669,-0.065199,-0.001508,-0.012002,0.005695,-0.018293,-0.003143,0.072338,0.095390,0.042045,0.125493,0.044353,0.006378,0.103908,-0.012188,0.033131,0.047038,0.098478,0.022185,0.032451,0.016700,-0.042944,0.050214,-0.044728,-0.068046,-0.009294,-0.038963,-0.032337,-0.016205,-0.042954,0.013702,-0.024828,-0.027785,-0.028740,-0.089558,-0.026383,-0.054911,-0.024084,0.027636,-0.005479,-0.079437,0.037062,0.012654,-0.002070,0.057244,-0.067578,0.082061,-0.026785,-0.016760,-0.027186,-0.001952,0.050989,0.035985,-0.016881,-0.010590,0.082721,0.056529,0.009545,-0.011795,0.092376,-0.104396
0.011568,-0.060202,1.000000,0.038032,0.043252,0.072741,0.074336,-0.032340,0.005081,-0.001945,-0.066436,0.050222,0.063589,-0.056084,-0.033406,0.039999,-0.026444,-0.013153,-0.052877,-0.044504,-0.021773,0.048737,-0.010591,-0.029797,-0.050074,0.058845,0.058536,0.049380,0.060603,-0.000632,0.020815,0.081662,-0.076790,0.040600,-0.080260,-0.043566,-0.014139,0.057843,0.080799,-0.057868,0.014307,0.011326,-0.025687,-0.027829,-0.033959,0.073556,0.078262,-0.026418,0.029753,-0.033398,-0.011648,-0.051390,-0.033097,-0.065223,-0.019701,0.011108,-0.012147,0.085190,0.007745,-0.030555,-0.032985,0.006766,-0.017201,-0.030883,-0.021164,-0.074054,0.084236,0.017565
-0.022822,-0.027146,0.038032,1.000000,-0.043097,0.041140,-0.030486,0.073390,-0.027872,0.026565,-0.053985,0.104207,0.133091,-0.039075,0.019717,0.000763,-0.045974,-0.107328,0.000487,-0.059601,-0.022327,0.031295,0.037871,0.051752,0.027060,0.057785,0.002716,-0.015652,0.049920,0.000603,0.070731,0.040403,-0.018192,-0.042756,0.011006,0.069876,0.015500,0.122756,0.007065,-0.061781,0.010309,0.101822,-0.009744,-0.076968,-0.041570,-0.057276,-0.000091,-0.066751,-0.030862,0.024510,0.002225,0.002312,-0.012373,0.005673,0.031479,-0.007736,0.024640,-0.027942,0.026985,0.004710,0.009024,-0.047488,0.078973,0.006746,0.082649,0.015476,-0.015784,-0.032632
0.037531,0.049566,0.043252,-0.043097,1.000000,0.052119,0.040242,0.001881,0.027340,0.100425,0.023988,0.032146,0.059642,0.044723,0.003287,-0.009328,-0.022691,-0.026009,-0.028024,0.009173,0.075371,-0.019193,-0.022752,-0.009392,0.000104,0.007586,0.040945,0.002030,-0.079795,-0.016197,-0.055261,0.062747,0.120540,0.078282,-0.014428,0.084200,0.046006,0.056189,0.051209,-0.032884,0.109830,0.008009,0.002004,-0.026660,0.017763,0.027308,0.071672,0.006197,-0.001809,-0.012744,0.062513,0.058085,0.027923,-0.007843,0.026396,0.049720,0.014585,0.008005,-0.022635,-0.060978,-0.013901,-0.010591,0.045348,0.043182,-0.029002,-0.013132,0.042540,0.037709
0.106370,-0.061676,0.072741,0.041140,0.052119,1.000000,0.087916,0.227424,0.337451,0.194183,-0.014420,0.053776,0.107782,0.013132,0.003669,0.089395,0.028367,-0.073558,-0.099336,0.047984,-0.006591,0.076845,-0.044318,-0.004368,-0.017049,0.005071,-0.009378,0.024780,0.035632,0.016125,-0.000018,-0.012610,0.052836,0.024999,0.027956,0.105907,-0.002508,0.018737,0.013539,0.072169,0.095525,0.172375,0.166114,0.107895,0.001617,-0.027209,0.023517,-0.016418,0.031504,-0.091594,0.026445,-0.003770,0.004436,-0.042310,-0.093704,0.008685,0.108438,-0.045594,-0.008984,0.014520,-0.079105,-0.047149,-0.003868,-0.089946,-0.013241,0.038207,-0.002266,0.014472
-0.017555,-0.030582,0.074336,-0.030486,0.040242,0.087916,1.000000,0.219465,-0.020405,0.106474,0.028766,0.083979,0.184856,0.077626,0.100584,0.050087,0.096535,0.053776,-0.002937,0.091832,0.052342,0.089328,0.102746,0.108603,-0.026473,0.025899,0.029795,-0.052206,0.026101,0.019180,0.024367,0.015872,0.026609,-0.001326,-0.040293,0.043655,0.054115,-0.009859,0.009634,0.024184,0.101433,0.148255,0.163257,0.018449,0.076671,0.037449,0.046238,0.103518,0.105468,-0.052708,0.043182,-0.055475,-0.001150,0.100042,0.070617,0.024957,-0.037589,0.015257,-0.035146,-0.000010,-0.060296,0.006115,0.012178,-0.003219,-0.024727,-0.091753,0.009698,0.034967
0.055096,-0.059669,-0.032340,0.073390,0.001881,0.227424,0.219465,1.000000,0.232629,0.304325,0.087327,0.142912,0.569700,0.187898,0.271583,0.006175,0.027567,0.051818,-0.020139,0.175267,0.023282,0.109586,0.077489,0.144340,0.058137,-0.029321,-0.022996,-0.017596,0.027466,0.025511,-0.042171,-0.001687,0.040935,-0.084557,0.009910,0.022716,-0.020160,0.004488,0.018060,0.175114,0.147638,0.760673,0.313528,0.242484,0.292695,-0.031388,0.152146,0.211375,0.079259,0.004051,-0.029370,0.086353,0.074900,0.014654,0.041598,0.052842,-0.022191,0.004103,-0.008608,-0.039186,0.029125,-0.021444,-0.078758,0.029123,0.022042,0.006039,-0.070608,0.174228
0.037921,-0.065199,0.005081,-0.027872,0.027340,0.337451,-0.020405,0.232629,1.000000,0.211152,0.081991,0.050462,0.097414,0.082621,0.096219,0.169579,0.106050,-0.013860,-0.000843,0.088227,0.004797,0.081653,0.011532,0.058370,0.056654,0.007663,-0.010174,0.023552,0.024387,-0.096393,0.013266,0.008893,0.011634,0.010049,-0.059634,-0.042960,-0.072449,-0.066242,-0.024597,0.104619,0.027106,0.129640,0.155925,0.086954,0.106359,-0.049414,0.017549,0.066281,-0.054832,-0.089825,0.020596,-0.052160,-0.039707,0.000750,-0.036273,0.060245,0.086165,0.034809,0.024099,0.007654,-0.062934,0.044389,-0.013206,-0.050390,0.014775,0.081300,-0.017112,-0.052702
0.033234,-0.001508,-0.001945,0.026565,0.100425,0.194183,0.106474,0.304325,0.211152,1.000000,0.062193,0.060404,0.267237,0.153145,0.130683,0.122048,0.043274,0.045055,0.023574,0.101050,0.026397,0.084323,-0.033951,0.035813,0.038838,-0.038926,-0.030123,0.024622,0.056090,-0.029481,-0.028306,0.020227,0.158602,0.031886,0.000515,0.014682,0.008782,-0.088674,-0.002637,0.015443,0.053974,0.240262,0.165149,0.278619,0.271700,-0.059817,0.131223,0.239048,0.117902,0.019790,-0.021252,0.076849,0.030183,0.062187,0.065541,0.010192,0.002373,0.089582,0.024458,0.019636,-0.024620,-0.043101,0.047995,0.088775,0.018915,0.011906,0.075618,0.069498
0.004875,-0.012002,-0.066436,-0.053985,0.023988,-0.014420,0.028766,0.087327,0.081991,0.062193,1.000000,-0.002139,0.037605,0.833129,0.125499,0.004989,-0.042099,0.088716,0.028039,0.238996,-0.029055,-0.008687,-0.009893,0.036091,-0.023870,-0.041981,-0.028014,0.019572,0.049470,-0.029019,-0.016610,0.019012,-0.067058,-0.018786,-0.045354,0.064892,0.010662,-0.032829,0.082454,0.012938,-0.058061,-0.005626,0.025257,0.102660,0.258658,-0.050283,-0.036357,0.150233,0.037167,-0.128803,-0.050432,0.035209,-0.000363,0.039504,0.075241,0.126020,0.059443,-0.044557,0.000490,0.023666,-0.016896,0.034562,-0.028779,0.075975,-0.039168,0.042251,-0.039584,0.055087
0.045537,0.005695,0.050222,0.104207,0.032146,0.053776,0.083979,0.142912,0.050462,0.060404,-0.002139,1.000000,0.208454,-0.018700,0.095242,0.065540,0.059984,-0.015130,0.030516,0.101376,0.010897,0.008209,-0.007991,0.017404,-0.027658,0.046148,0.018479,-0.025742,0.002045,-0.016248,0.058403,-0.004925,-0.011218,-0.007567,-0.085621,-0.005107,-0.037724,0.024022,0.002705,-0.011140,-0.027521,0.126200,0.000420,-0.032035,0.023407,0.016881,0.037321,-0.010011,-0.029576,0.020962,-0.090385,0.029981,-0.060333,-0.007962,0.035259,0.016395,-0.014178,0.049197,-0.002392,0.007579,0.035331,-0.055525,-0.014302,0.031388,-0.015365,-0.097011,-0.082189,-0.084908
0.075944,-0.018293,0.063589,0.133091,0.059642,0.107782,0.184856,0.569700,0.097414,0.267237,0.037605,0.208454,1.000000,0.114195,0.318699,0.065613,0.024109,0.058800,-0.037810,0.156623,0.024388,0.115439,0.053575,0.052802,0.030363,-0.021730,0.040394,-0.064452,0.009767,0.062514,-0.083878,0.028709,-0.012776,-0.005817,0.000787,-0.009663,-0.065249,0.037390,-0.016862,0.130180,0.206751,0.498896,0.217538,0.173864,0.210385,0.012638,0.277014,0.197399,0.002512,0.006286,-0.075153,0.094296,0.032940,0.049823,0.064757,0.031708,-0.026035,-0.014870,0.039923,-0.063651,0.018612,-0.030182,0.004389,-0.007248,-0.045374,-0.107585,-0.011633,0.088671
0.039907,-0.003143,-0.056084,-0.039075,0.044723,0.013132,0.077626,0.187898,0.082621,0.153145,0.833129,-0.018700,0.114195,1.000000,0.283690,0.033308,0.025154,0.100063,0.060337,0.388792,-0.030570,0.044138,0.020825,0.070707,-0.047732,-0.041614,-0.050952,0.035981,0.068925,0.003107,-0.018644,0.059762,-0.033614,-0.011612,-0.037000,0.074361,0.014166,0.003676,0.017000,0.044453,-0.028579,0.060366,0.072362,0.150425,0.377087,-0.024512,0.022472,0.287450,0.065540,-0.112884,-0.029421,0.033300,0.052782,0.071841,0.044867,0.067583,0.074403,-0.025676,0.032099,0.011596,-0.008530,0.049423,-0.011042,0.094450,-0.069460,0.062894,-0.005725,0.038801
0.005920,0.072338,-0.033406,0.019717,0.003287,0.003669,0.100584,0.271583,0.096219,0.130683,0.125499,0.095242,0.318699,0.283690,1.000000,0.022257,0.035402,0.161962,0.041081,0.545578,0.046280,-0.036747,-0.004360,-0.024911,-0.023033,-0.013728,-0.008847,-0.010983,0.023691,0.012039,0.018760,0.032330,0.013693,-0.091379,0.043993,-0.045254,-0.045412,-0.010657,0.048659,0.014393,0.060928,0.233838,0.092023,0.131006,0.249988,0.050920,0.109847,0.194269,0.088917,-0.031481,0.016993,0.082424,0.075492,0.160385,0.032923,0.048570,0.133283,-0.028282,-0.012663,-0.011334,0.033398,-0.000153,-0.021971,0.085356,0.002571,0.086040,-0.030679,0.047630
0.013260,0.095390,0.039999,0.000763,-0.009328,0.089395,0.050087,0.006175,0.169579,0.122048,0.004989,0.065540,0.065613,0.033308,0.022257,1.000000,0.064332,0.019565,0.058957,0.008086,0.077281,0.037201,0.016422,-0.010573,-0.063503,0.009776,0.022456,0.006751,-0.023677,-0.039938,0.002853,-0.019748,0.048828,0.085764,-0.119274,0.060495,0.021866,0.010874,-0.095993,0.005298,-0.013877,-0.048617,0.104626,0.070101,0.085285,0.022712,0.050418,0.018867,-0.012418,-0.054179,-0.060754,-0.003335,0.024159,0.024362,-0.053165,-0.019694,0.004766,-0.028897,0.070864,-0.036079,-0.060808,-0.017169,0.053756,0.043321,0.011354,0.017265,-0.004850,-0.096454
0.004259,0.042045,-0.026444,-0.045974,-0.022691,0.028367,0.096535,0.027567,0.106050,0.043274,-0.042099,0.059984,0.024109,0.025154,0.035402,0.064332,1.000000,-0.033594,-0.018088,0.065844,0.055667,0.017198,0.041818,0.033800,0.013280,0.112614,0.059885,0.035329,-0.015428,0.056027,-0.047990,-0.031453,-0.080207,-0.024881,-0.019176,0.018265,0.042794,0.007687,0.047837,0.012578,-0.064373,0.000378,0.064587,0.119001,-0.067598,0.018366,-0.034332,-0.038985,-0.051455,-0.086208,0.077228,0.020741,0.008159,0.102277,0.103427,0.080021,0.103186,-0.064960,0.041913,0.010300,0.067553,-0.007765,0.042960,0.036563,-0.009177,0.102034,0.051922,-0.028270
-0.054749,0.125493,-0.013153,-0.107328,-0.026009,-0.073558,0.053776,0.051818,-0.013860,0.045055,0.088716,-0.015130,0.058800,0.100063,0.161962,0.019565,-0.033594,1.000000,0.113484,0.164478,-0.023265,-0.031064,0.029177,-0.034399,0.016888,0.000561,0.061683,-0.072528,-0.030949,-0.004449,-0.053848,-0.046455,0.023836,0.001084,-0.030069,-0.037522,-0.014842,-0.124173,-0.004649,0.047624,0.049055,0.029612,-0.002817,0.091564,0.091183,-0.112527,-0.032061,0.033053,-0.048384,0.064905,-0.087301,0.028008,0.033612,0.022181,0.050815,0.089394,0.005090,0.021266,0.058417,0.017860,-0.050681,-0.052201,0.001402,0.036656,0.053292,-0.021681,0.009821,0.050769
0.033553,0.044353,-0.052877,0.000487,-0.028024,-0.099336,-0.002937,-0.020139,-0.000843,0.023574,0.028039,0.030516,-0.037810,0.060337,0.041081,0.058957,-0.018088,0.113484,1.000000,0.069169,0.065412,0.066013,0.059550,0.036974,-0.003936,-0.047605,0.007188,0.001713,-0.059872,-0.030456,0.081854,-0.025227,-0.001613,-0.001097,-0.012120,-0.029352,-0.084018,0.001041,-0.020380,0.022491,-0.012596,-0.042761,-0.016680,0.065938,-0.019989,0.056405,0.008758,0.001818,-0.022971,0.061967,0.005654,0.138678,-0.032796,0.009615,0.064457,-0.008346,-0.020569,-0.037464,0.056367,0.175407,-0.088984,-0.006938,-0.027155,0.026171,0.006640,0.061911,0.084666,-0.034426
0.025194,0.006378,-0.044504,-0.059601,0.009173,0.047984,0.091832,0.175267,0.088227,0.101050,0.238996,0.101376,0.156623,0.388792,0.545578,0.008086,0.065844,0.164478,0.069169,1.000000,-0.003449,0.012540,-0.006898,-0.050598,-0.057266,-0.047052,-0.080812,0.002682,0.063121,0.044712,-0.030257,0.065901,-0.035030,-0.074876,0.047363,0.027681,-0.031892,0.011469,0.086805,-0.013685,0.035216,0.131693,0.091846,0.157858,0.234094,0.031660,0.051658,0.192881,0.046482,-0.041711,0.010683,0.111655,0.037764,0.134975,0.054189,0.121464,0.109580,-0.009562,0.001953,0.055536,0.048222,0.023753,0.085713,0.083013,-0.007994,0.041007,-0.074405,0.033686
-0.020972,0.103908,-0.021773,-0.022327,0.075371,-0.006591,0.052342,0.023282,0.004797,0.026397,-0.029055,0.010897,0.024388,-0.030570,0.046280,0.077281,0.055667,-0.023265,0.065412,-0.003449,1.000000,0.102589,-0.037928,0.091260,0.044600,0.049855,0.027218,-0.066395,-0.054885,-0.093521,0.055508,-0.057834,-0.011811,0.091451,0.015728,0.055496,-0.011322,0.035451,0.021365,0.051645,-0.034258,0.000691,-0.005349,0.047850,-0.022780,0.007038,-0.007525,-0.008666,-0.008656,0.016406,0.009041,-0.034332,-0.006873,-0.037599,0.042324,0.036145,-0.005558,0.044566,0.007354,0.008091,0.058382,-0.026616,0.042775,0.089022,0.030322,0.025436,-0.002603,-0.068892
0.000146,-0.012188,0.048737,0.031295,-0.019193,0.076845,0.089328,0.109586,0.081653,0.084323,-0.008687,0.008209,0.115439,0.044138,-0.036747,0.037201,0.017198,-0.031064,0.066013,0.012540,0.102589,1.000000,0.078227,0.232562,0.023939,0.015857,-0.009567,0.034887,-0.052768,0.015115,-0.029024,-0.056142,0.013292,0.021326,-0.011864,0.040495,0.055553,-0.050590,-0.005510,0.101835,0.043886,0.108344,0.137005,0.071155,0.064324,-0.037682,-0.001762,0.012171,0.005385,0.027903,-0.029143,-0.011643,0.005938,-0.031145,-0.001793,0.023769,-0.062353,0.070054,0.031212,-0.012172,-0.040204,-0.021457,-0.041251,0.084668,-0.020423,0.115537,-0.003710,0.043346
0.004135,0.033131,-0.010591,0.037871,-0.022752,-0.044318,0.102746,0.077489,0.011532,-0.033951,-0.009893,-0.007991,0.053575,0.020825,-0.004360,0.016422,0.041818,0.029177,0.059550,-0.006898,-0.037928,0.078227,1.000000,0.045718,0.016945,-0.035917,0.066385,-0.031688,0.019860,-0.039317,-0.055401,-0.072759,0.023670,-0.017731,0.005690,-0.016998,-0.050152,0.017917,-0.030376,0.067135,-0.015968,0.063353,0.003089,0.033300,-0.073760,0.047067,0.020407,-0.047490,-0.001271,0.050468,-0.028420,0.001288,-0.057378,-0.004160,0.108290,0.062543,-0.110745,-0.030727,0.086940,0.062342,-0.022911,0.025056,0.012566,0.015629,-0.023105,-0.022428,-0.015607,-0.100270
-0.039943,0.047038,-0.029797,0.051752,-0.009392,-0.004368,0.108603,0.144340,0.058370,0.035813,0.036091,0.017404,0.052802,0.070707,-0.024911,-0.010573,0.033800,-0.034399,0.036974,-0.050598,0.091260,0.232562,0.045718,1.000000,0.035961,-0.048780,0.035860,-0.029145,-0.009668,0.008268,-0.012343,0.083331,0.045934,0.065082,0.023880,0.036496,-0.017512,-0.014664,0.023888,0.079036,-0.064448,0.147936,0.054979,0.023908,0.102052,-0.112191,-0.006986,0.095173,0.022587,0.033661,-0.027635,-0.026208,-0.016173,0.078119,-0.023701,-0.004493,-0.024146,-0.074137,0.013089,0.025060,0.015393,0.026931,-0.038242,0.158990,0.021454,0.114622,0.038119,0.028580
-0.009014,0.098478,-0.050074,0.027060,0.000104,-0.017049,-0.026473,0.058137,0.056654,0.038838,-0.023870,-0.027658,0.030363,-0.047732,-0.023033,-0.063503,0.013280,0.016888,-0.003936,-0.057266,0.044600,0.023939,0.016945,0.035961,1.000000,-0.062920,-0.009561,-0.005011,0.067508,-0.010990,-0.007098,-0.084116,0.024335,-0.066578,0.033920,0.039467,0.008178,-0.001364,-0.040278,0.001971,0.010924,0.053536,-0.011215,0.002154,-0.008815,0.027205,0.028047,-0.016134,-0.062547,0.045644,-0.002611,0.083798,0.025663,-0.028238,-0.020185,0.017147,0.008445,-0.062394,-0.002440,-0.012628,-0.061686,-0.005986,-0.017468,-0.013113,-0.064617,0.040154,-0.016006,0.062472
-0.000704,0.022185,0.058845,0.057785,0.007586,0.005071,0.025899,-0.029321,0.007663,-0.038926,-0.041981,0.046148,-0.021730,-0.041614,-0.013728,0.009776,0.112614,0.000561,-0.047605,-0.047052,0.049855,0.015857,-0.035917,-0.048780,-0.062920,1.000000,0.070779,0.048182,-0.038451,0.004588,-0.062457,-0.059280,-0.044886,0.010610,0.019768,0.016189,-0.026640,0.034031,0.043595,0.044078,-0.028701,0.013043,0.065008,0.041042,-0.044938,0.073421,0.035342,-0.028482,0.002718,-0.037726,0.053589,-0.027849,-0.000185,0.026593,-0.013471,0.063362,0.029491,0.047481,0.006229,-0.050836,-0.054037,-0.045116,-0.024936,-0.114434,-0.008942,-0.063580,0.058678,-0.083107
-0.007836,0.032451,0.058536,0.002716,0.040945,-0.009378,0.029795,-0.022996,-0.010174,-0.030123,-0.028014,0.018479,0.040394,-0.050952,-0.008847,0.022456,0.059885,0.061683,0.007188,-0.080812,0.027218,-0.009567,0.066385,0.035860,-0.009561,0.070779,1.000000,0.011944,-0.077225,-0.004631,-0.008170,0.035506,-0.058362,-0.015549,0.007087,-0.063226,0.068116,-0.019612,-0.054366,0.055757,-0.033945,0.023572,-0.026376,-0.022981,-0.035241,0.063067,0.069229,-0.006940,0.018364,-0.087769,-0.011556,-0.011033,-0.011908,-0.002741,-0.010624,0.045968,-0.019348,-0.022558,0.086737,-0.079700,-0.032741,0.047294,0.026447,-0.002048,-0.020484,0.076134,0.024093,-0.060839
0.021347,0.016700,0.049380,-0.015652,0.002030,0.024780,-0.052206,-0.017596,0.023552,0.024622,0.019572,-0.025742,-0.064452,0.035981,-0.010983,0.006751,0.035329,-0.072528,0.001713,0.002682,-0.066395,0.034887,-0.031688,-0.029145,-0.005011,0.048182,0.011944,1.000000,-0.026409,-0.014068,-0.065589,-0.019035,0.036185,0.038366,-0.058423,-0.039791,-0.083540,0.045546,-0.060143,0.001486,0.007533,-0.044329,0.023406,0.008102,-0.042725,-0.011359,-0.057808,-0.041913,-0.055026,0.014056,0.010281,-0.009248,-0.024063,-0.068236,-0.000117,0.004950,0.004144,0.024561,0.006644,0.003737,-0.009701,0.029669,-0.060870,0.039380,0.072540,0.030225,-0.012420,-0.038409
-0.058185,-0.042944,0.060603,0.049920,-0.079795,0.035632,0.026101,0.027466,0.024387,0.056090,0.049470,0.002045,0.009767,0.068925,0.023691,-0.023677,-0.015428,-0.030949,-0.059872,0.063121,-0.054885,-0.052768,0.019860,-0.009668,0.067508,-0.038451,-0.077225,-0.026409,1.000000,0.016165,-0.020857,0.045256,-0.027952,0.050296,0.006920,-0.029304,0.027736,0.055767,-0.079780,0.071445,0.019234,-0.006412,-0.028974,0.007983,0.025889,-0.008188,-0.095640,-0.013590,-0.017655,0.003389,-0.079367,-0.019604,0.024857,-0.069029,-0.011349,0.069603,-0.025593,-0.022314,-0.038258,0.055998,0.014900,-0.012914,-0.018717,-0.025436,-0.020558,-0.044949,0.007124,0.010492
-0.019586,0.050214,-0.000632,0.000603,-0.016197,0.016125,0.019180,0.025511,-0.096393,-0.029481,-0.029019,-0.016248,0.062514,0.003107,0.012039,-0.039938,0.056027,-0.004449,-0.030456,0.044712,-0.093521,0.015115,-0.039317,0.008268,-0.010990,0.004588,-0.004631,-0.014068,0.016165,1.000000,-0.023920,-0.024388,0.036854,-0.023170,0.042292,0.013880,0.003335,0.069131,-0.004899,0.003087,-0.022584,0.049114,0.019899,0.022835,0.039697,0.030629,0.045443,0.081658,0.007662,-0.037242,0.099861,0.012956,0.051929,0.018661,-0.037675,0.034594,-0.014275,-0.068762,-0.027506,0.003067,0.009002,0.048073,0.027406,-0.004494,-0.052853,0.011761,0.010904,0.097250
-0.015125,-0.044728,0.020815,0.070731,-0.055261,-0.000018,0.024367,-0.042171,0.013266,-0.028306,-0.016610,0.058403,-0.083878,-0.018644,0.018760,0.002853,-0.047990,-0.053848,0.081854,-0.030257,0.055508,-0.029024,-0.055401,-0.012343,-0.007098,-0.062457,-0.008170,-0.065589,-0.020857,-0.023920,1.000000,0.044559,0.006449,0.025070,0.054608,0.098299,0.023573,0.029286,0.078237,-0.059989,-0.043257,-0.025562,-0.045673,0.005154,-0.040329,0.078780,-0.004881,0.014107,0.012592,0.005863,-0.072021,-0.040798,0.053428,0.004748,-0.010900,-0.016317,-0.011156,0.076067,-0.025721,-0.106004,-0.032372,-0.026835,0.021967,0.013783,-0.008439,-0.008763,0.021581,0.040163
0.009994,-0.068046,0.081662,0.040403,0.062747,-0.012610,0.015872,-0.001687,0.008893,0.020227,0.019012,-0.004925,0.028709,0.059762,0.032330,-0.019748,-0.031453,-0.046455,-0.025227,0.065901,-0.057834,-0.056142,-0.072759,0.083331,-0.084116,-0.059280,0.035506,-0.019035,0.045256,-0.024388,0.044559,1.000000,-0.073208,0.022569,-0.045684,0.016670,-0.025668,0.004604,-0.080264,-0.035938,-0.010840,0.014063,-0.025373,0.010807,0.056141,0.006421,0.003777,-0.016276,0.023247,0.000435,0.026547,-0.041323,-0.009124,0.069479,-0.008324,0.016421,-0.026445,-0.075536,-0.046263,0.036587,-0.011096,-0.064990,0.050523,0.135969,-0.017814,0.064723,0.042043,-0.073562
-0.038887,-0.009294,-0.076790,-0.018192,0.120540,0.052836,0.026609,0.040935,0.011634,0.158602,-0.067058,-0.011218,-0.012776,-0.033614,0.013693,0.048828,-0.080207,0.023836,-0.001613,-0.035030,-0.011811,0.013292,0.023670,0.045934,0.024335,-0.044886,-0.058362,0.036185,-0.027952,0.036854,0.006449,-0.073208,1.000000,0.043152,-0.007593,0.072378,-0.007175,-0.064855,-0.024856,0.124429,-0.015689,0.063597,-0.008223,0.066107,0.050002,-0.061145,0.010404,0.014286,0.084420,0.086564,0.075508,0.101862,0.071120,0.087872,-0.028676,0.002117,0.002406,-0.013496,0.032721,-0.065042,-0.047918,0.034491,0.009231,0.010027,-0.069550,-0.107637,0.039985,0.016165
0.011024,-0.038963,0.040600,-0.042756,0.078282,0.024999,-0.001326,-0.084557,0.010049,0.031886,-0.018786,-0.007567,-0.005817,-0.011612,-0.091379,0.085764,-0.024881,0.001084,-0.001097,-0.074876,0.091451,0.021326,-0.017731,0.065082,-0.066578,0.010610,-0.015549,0.038366,0.050296,-0.023170,0.025070,0.022569,0.043152,1.000000,0.009335,-0.026328,0.037681,0.021210,-0.053949,0.091063,-0.046341,-0.057142,0.002690,-0.004381,-0.033369,-0.034625,-0.012463,-0.038230,-0.124824,0.039743,0.007711,-0.032770,0.015344,-0.010166,-0.045700,-0.047867,0.030186,0.018315,0.006318,-0.000704,-0.019893,0.017478,-0.027015,-0.055319,0.054570,-0.075853,0.028228,-0.047756
0.033605,-0.032337,-0.080260,0.011006,-0.014428,0.027956,-0.040293,0.009910,-0.059634,0.000515,-0.045354,-0.085621,0.000787,-0.037000,0.043993,-0.119274,-0.019176,-0.030069,-0.012120,0.047363,0.015728,-0.011864,0.005690,0.023880,0.033920,0.019768,0.007087,-0.058423,0.006920,0.042292,0.054608,-0.045684,-0.007593,0.009335,1.000000,0.051071,-0.002410,-0.000389,0.143276,0.075933,0.034132,0.038378,0.060659,0.110046,-0.006072,0.003150,-0.004992,0.019281,0.023565,0.008617,0.110459,-0.110103,0.052806,0.015573,-0.020615,-0.006809,0.010637,0.073683,0.010224,0.026895,0.021301,0.077031,0.025816,0.014671,0.088161,0.038198,-0.056145,0.129039
-0.008189,-0.016205,-0.043566,0.069876,0.084200,0.105907,0.043655,0.022716,-0.042960,0.014682,0.064892,-0.005107,-0.009663,0.074361,-0.045254,0.060495,0.018265,-0.037522,-0.029352,0.027681,0.055496,0.040495,-0.016998,0.036496,0.039467,0.016189,-0.063226,-0.039791,-0.029304,0.013880,0.098299,0.016670,0.072378,-0.026328,0.051071,1.000000,0.014826,0.070421,0.138071,-0.029926,0.014592,0.029274,0.020824,0.083922,0.031470,0.041099,-0.000438,-0.029539,-0.030950,-0.008203,-0.009751,0.040695,-0.033389,-0.023259,-0.068264,0.086308,0.031582,-0.036081,-0.014470,0.009046,-0.019833,0.011600,-0.050562,0.007667,-0.011708,-0.009010,0.018801,0.050351
0.048970,-0.042954,-0.014139,0.015500,0.046006,-0.002508,0.054115,-0.020160,-0.072449,0.008782,0.010662,-0.037724,-0.065249,0.014166,-0.045412,0.021866,0.042794,-0.014842,-0.084018,-0.031892,-0.011322,0.055553,-0.050152,-0.017512,0.008178,-0.026640,0.068116,-0.083540,0.027736,0.003335,0.023573,-0.025668,-0.007175,0.037681,-0.002410,0.014826,1.000000,0.025935,-0.009498,0.069834,-0.041009,0.029391,-0.049733,-0.016923,-0.017619,-0.064110,-0.007999,-0.001909,0.054557,0.076582,-0.003925,0.029667,-0.006499,0.015977,-0.067077,-0.027366,-0.026503,-0.074885,0.025672,-0.052859,0.006852,0.021185,-0.033929,-0.037607,0.014331,0.095056,-0.048349,0.085099
-0.006679,0.013702,0.057843,0.122756,0.056189,0.018737,-0.009859,0.004488,-0.066242,-0.088674,-0.032829,0.024022,0.037390,0.003676,-0.010657,0.010874,0.007687,-0.124173,0.001041,0.011469,0.035451,-0.050590,0.017917,-0.014664,-0.001364,0.034031,-0.019612,0.045546,0.055767,0.069131,0.029286,0.004604,-0.064855,0.021210,-0.000389,0.070421,0.025935,1.000000,-0.009193,-0.051036,0.009266,-0.036598,-0.063110,-0.071312,-0.020020,0.322810,0.200257,-0.052198,-0.040434,-0.050223,-0.081305,0.018983,-0.028215,-0.074270,0.021857,-0.015105,0.062600,-0.022808,0.004445,0.009813,0.010075,-0.017910,0.055126,0.024632,0.055781,0.006872,0.003543,-0.067127
-0.113531,-0.024828,0.080799,0.007065,0.051209,0.013539,0.009634,0.018060,-0.024597,-0.002637,0.082454,0.002705,-0.016862,0.017000,0.048659,-0.095993,0.047837,-0.004649,-0.020380,0.086805,0.021365,-0.005510,-0.030376,0.023888,-0.040278,0.043595,-0.054366,-0.060143,-0.079780,-0.004899,0.078237,-0.080264,-0.024856,-0.053949,0.143276,0.138071,-0.009498,-0.009193,1.000000,-0.067138,0.060504,-0.045713,0.071188,0.129769,0.004667,0.019891,-0.034352,-0.038171,0.001395,-0.055425,0.118192,-0.009180,-0.004137,0.062187,-0.007934,0.092174,0.027858,0.048024,-0.012991,0.015317,-0.002008,0.002331,0.000563,0.006219,0.087356,-0.003742,0.038366,0.232431
0.085663,-0.027785,-0.057868,-0.061781,-0.032884,0.072169,0.024184,0.175114,0.104619,0.015443,0.012938,-0.011140,0.130180,0.044453,0.014393,0.005298,0.012578,0.047624,0.022491,-0.013685,0.051645,0.101835,0.067135,0.079036,0.001971,0.044078,0.055757,0.001486,0.071445,0.003087,-0.059989,-0.035938,0.124429,0.091063,0.075933,-0.029926,0.069834,-0.051036,-0.067138,1.000000,0.043636,0.272891,0.259212,0.203396,-0.015075,0.010780,-0.015999,0.013308,-0.036667,0.039837,-0.034096,0.017285,0.022471,-0.010053,0.030005,0.044013,0.003346,-0.032081,0.093769,-0.009581,-0.010136,-0.000042,-0.012994,-0.073722,0.002813,-0.160869,-0.010522,0.100177
0.120659,-0.028740,0.014307,0.010309,0.109830,0.095525,0.101433,0.147638,0.027106,0.053974,-0.058061,-0.027521,0.206751,-0.028579,0.060928,-0.013877,-0.064373,0.049055,-0.012596,0.035216,-0.034258,0.043886,-0.015968,-0.064448,0.010924,-0.028701,-0.033945,0.007533,0.019234,-0.022584,-0.043257,-0.010840,-0.015689,-0.046341,0.034132,0.014592,-0.041009,0.009266,0.060504,0.043636,1.000000,0.171908,0.108936,0.034912,0.069324,0.005656,0.074702,0.069003,0.034088,-0.001373,-0.055953,0.038820,0.033238,0.019267,0.084290,-0.058347,-0.012283,0.014461,0.051187,-0.063516,0.002619,-0.037881,0.008150,-0.022482,0.009116,0.051763,-0.049205,0.026609
0.028426,-0.089558,0.011326,0.101822,0.008009,0.172375,0.148255,0.760673,0.129640,0.240262,-0.005626,0.126200,0.498896,0.060366,0.233838,-0.048617,0.000378,0.029612,-0.042761,0.131693,0.000691,0.108344,0.063353,0.147936,0.053536,0.013043,0.023572,-0.044329,-0.006412,0.049114,-0.025562,0.014063,0.063597,-0.057142,0.038378,0.029274,0.029391,-0.036598,-0.045713,0.272891,0.171908,1.000000,0.315654,0.263504,0.285452,0.044188,0.334866,0.285977,0.143102,0.004919,0.020161,0.084918,0.053657,0.021093,0.060692,0.042532,-0.028017,-0.009926,0.027327,-0.023164,0.043193,-0.043769,-0.034935,0.014573,0.022244,-0.003823,-0.106191,0.164122
-0.059629,-0.026383,-0.025687,-0.009744,0.002004,0.166114,0.163257,0.313528,0.155925,0.165149,0.025257,0.000420,0.217538,0.072362,0.092023,0.104626,0.064587,-0.002817,-0.016680,0.091846,-0.005349,0.137005,0.003089,0.054979,-0.011215,0.065008,-0.026376,0.023406,-0.028974,0.019899,-0.045673,-0.025373,-0.008223,0.002690,0.060659,0.020824,-0.049733,-0.063110,0.071188,0.259212,0.108936,0.315654,1.000000,0.329623,0.121661,-0.002100,0.092728,0.060389,0.034157,-0.084507,0.068322,0.030202,0.039636,0.055862,0.026647,0.029860,0.041896,0.038214,0.007167,-0.071469,-0.051945,-0.002833,0.029915,-0.085425,0.034847,-0.005164,-0.001648,0.126545
-0.029465,-0.054911,-0.027829,-0.076968,-0.026660,0.107895,0.018449,0.242484,0.086954,0.278619,0.102660,-0.032035,0.173864,0.150425,0.131006,0.070101,0.119001,0.091564,0.065938,0.157858,0.047850,0.071155,0.033300,0.023908,0.002154,0.041042,-0.022981,0.008102,0.007983,0.022835,0.005154,0.010807,0.066107,-0.004381,0.110046,0.083922,-0.016923,-0.071312,0.129769,0.203396,0.034912,0.263504,0.329623,1.000000,0.204202,-0.002917,0.054264,0.170409,0.068238,0.029284,0.097949,0.124133,0.137501,0.021969,0.044369,0.053167,0.047495,0.035292,0.088502,0.033845,0.015264,-0.009440,-0.013549,0.067962,0.056078,0.048178,0.061237,0.113028
0.003788,-0.024084,-0.033959,-0.041570,0.017763,0.001617,0.076671,0.292695,0.106359,0.271700,0.258658,0.023407,0.210385,0.377087,0.249988,0.085285,-0.067598,0.091183,-0.019989,0.234094,-0.022780,0.064324,-0.073760,0.102052,-0.008815,-0.044938,-0.035241,-0.042725,0.025889,0.039697,-0.040329,0.056141,0.050002,-0.033369,-0.006072,0.031470,-0.017619,-0.020020,0.004667,-0.015075,0.069324,0.285452,0.121661,0.204202,1.000000,0.095321,0.350924,0.721763,0.223673,0.041104,-0.073048,0.026082,0.067227,0.093925,-0.010481,-0.074408,0.023542,0.008185,-0.059304,0.033856,-0.011408,-0.029622,-0.048902,0.055251,-0.044212,-0.018966,-0.092140,0.098801
-0.024410,0.027636,0.073556,-0.057276,0.027308,-0.027209,0.037449,-0.031388,-0.049414,-0.059817,-0.050283,0.016881,0.012638,-0.024512,0.050920,0.022712,0.018366,-0.112527,0.056405,0.031660,0.007038,-0.037682,0.047067,-0.112191,0.027205,0.073421,0.063067,-0.011359,-0.008188,0.030629,0.078780,0.006421,-0.061145,-0.034625,0.003150,0.041099,-0.064110,0.322810,0.019891,0.010780,0.005656,0.044188,-0.002100,-0.002917,0.095321,1.000000,0.427481,0.178569,0.098634,-0.075754,-0.006571,0.040076,0.004738,0.063285,0.032113,0.004458,-0.001617,0.001171,0.014490,0.056967,-0.081571,-0.053604,0.011346,-0.024735,-0.055569,-0.012936,0.107706,-0.084140
0.037487,-0.005479,0.078262,-0.000091,0.071672,0.023517,0.046238,0.152146,0.017549,0.131223,-0.036357,0.037321,0.277014,0.022472,0.109847,0.050418,-0.034332,-0.032061,0.008758,0.051658,-0.007525,-0.001762,0.020407,-0.006986,0.028047,0.035342,0.069229,-0.057808,-0.095640,0.045443,-0.004881,0.003777,0.010404,-0.012463,-0.004992,-0.000438,-0.007999,0.200257,-0.034352,-0.015999,0.074702,0.334866,0.092728,0.054264,0.350924,0.427481,1.000000,0.499593,0.232139,-0.063856,-0.068814,0.044276,0.013323,0.125638,0.006392,-0.049825,-0.017558,0.104687,0.048639,-0.010144,-0.075840,-0.045577,0.015823,0.049532,-0.072457,-0.068832,-0.030573,-0.045803
0.022098,-0.079437,-0.026418,-0.066751,0.006197,-0.016418,0.103518,0.211375,0.066281,0.239048,0.150233,-0.010011,0.197399,0.287450,0.194269,0.018867,-0.038985,0.033053,0.001818,0.192881,-0.008666,0.012171,-0.047490,0.095173,-0.016134,-0.028482,-0.006940,-0.041913,-0.013590,0.081658,0.014107,-0.016276,0.014286,-0.038230,0.019281,-0.029539,-0.001909,-0.052198,-0.038171,0.013308,0.069003,0.285977,0.060389,0.170409,0.721763,0.178569,0.499593,1.000000,0.377099,-0.002139,-0.063823,0.076909,0.067964,0.154295,0.031420,-0.081369,0.013808,0.019868,0.014454,0.024854,-0.029099,-0.036356,0.000104,0.040633,-0.067961,-0.009682,-0.044607,0.031938
0.015338,0.037062,0.029753,-0.030862,-0.001809,0.031504,0.105468,0.079259,-0.054832,0.117902,0.037167,-0.029576,0.002512,0.065540,0.088917,-0.012418,-0.051455,-0.048384,-0.022971,0.046482,-0.008656,0.005385,-0.001271,0.022587,-0.062547,0.002718,0.018364,-0.055026,-0.017655,0.007662,0.012592,0.023247,0.084420,-0.124824,0.023565,-0.030950,0.054557,-0.040434,0.001395,-0.036667,0.034088,0.143102,0.034157,0.068238,0.223673,0.098634,0.232139,0.377099,1.000000,-0.090058,0.036060,0.049889,0.013401,0.193111,0.030842,0.002912,-0.066381,-0.014573,0.005416,0.025022,-0.013902,-0.045725,0.031573,0.054985,-0.069594,0.072982,0.037196,0.071901
0.045626,0.012654,-0.033398,0.024510,-0.012744,-0.091594,-0.052708,0.004051,-0.089825,0.019790,-0.128803,0.020962,0.006286,-0.112884,-0.031481,-0.054179,-0.086208,0.064905,0.061967,-0.041711,0.016406,0.027903,0.050468,0.033661,0.045644,-0.037726,-0.087769,0.014056,0.003389,-0.037242,0.005863,0.000435,0.086564,0.039743,0.008617,-0.008203,0.076582,-0.050223,-0.055425,0.039837,-0.001373,0.004919,-0.084507,0.029284,0.041104,-0.075754,-0.063856,-0.002139,-0.090058,1.000000,0.007958,0.008253,-0.017349,-0.004752,-0.013559,-0.018622,-0.035614,0.008540,0.080531,0.006042,-0.008206,-0.003710,-0.010165,0.030937,-0.012852,-0.014458,0.021702,-0.027727
0.064845,-0.002070,-0.011648,0.002225,0.062513,0.026445,0.043182,-0.029370,0.020596,-0.021252,-0.050432,-0.090385,-0.075153,-0.029421,0.016993,-0.060754,0.077228,-0.087301,0.005654,0.010683,0.009041,-0.029143,-0.028420,-0.027635,-0.002611,0.053589,-0.011556,0.010281,-0.079367,0.099861,-0.072021,0.026547,0.075508,0.007711,0.110459,-0.009751,-0.003925,-0.081305,0.118192,-0.034096,-0.055953,0.020161,0.068322,0.097949,-0.073048,-0.006571,-0.068814,-0.063823,0.036060,0.007958,1.000000,-0.004549,0.007167,0.046546,-0.018139,0.054295,-0.001359,0.006454,-0.001764,-0.012504,-0.019735,0.047562,0.054416,0.074123,0.056668,0.011648,-0.030215,0.094491
-0.076717,0.057244,-0.051390,0.002312,0.058085,-0.003770,-0.055475,0.086353,-0.052160,0.076849,0.035209,0.029981,0.094296,0.033300,0.082424,-0.003335,0.020741,0.028008,0.138678,0.111655,-0.034332,-0.011643,0.001288,-0.026208,0.083798,-0.027849,-0.011033,-0.009248,-0.019604,0.012956,-0.040798,-0.041323,0.101862,-0.032770,-0.110103,0.040695,0.029667,0.018983,-0.009180,0.017285,0.038820,0.084918,0.030202,0.124133,0.026082,0.040076,0.044276,0.076909,0.049889,0.008253,-0.004549,1.000000,0.145788,0.109681,0.028651,0.029706,0.084801,-0.090275,-0.061686,-0.020922,0.016474,-0.076248,0.037933,-0.000648,0.091495,0.025280,-0.021182,-0.007561
-0.040860,-0.067578,-0.033097,-0.012373,0.027923,0.004436,-0.001150,0.074900,-0.039707,0.030183,-0.000363,-0.060333,0.032940,0.052782,0.075492,0.024159,0.008159,0.033612,-0.032796,0.037764,-0.006873,0.005938,-0.057378,-0.016173,0.025663,-0.000185,-0.011908,-0.024063,0.024857,0.051929,0.053428,-0.009124,0.071120,0.015344,0.052806,-0.033389,-0.006499,-0.028215,-0.004137,0.022471,0.033238,0.053657,0.039636,0.137501,0.067227,0.004738,0.013323,0.067964,0.013401,-0.017349,0.007167,0.145788,1.000000,-0.021416,0.049089,-0.030824,0.028083,-0.024749,0.011626,-0.031935,0.008013,0.006725,0.049744,0.145346,-0.037965,-0.001977,-0.062097,0.063875
-0.019683,0.082061,-0.065223,0.005673,-0.007843,-0.042310,0.100042,0.014654,0.000750,0.062187,0.039504,-0.007962,0.049823,0.071841,0.160385,0.024362,0.102277,0.022181,0.009615,0.134975,-0.037599,-0.031145,-0.004160,0.078119,-0.028238,0.026593,-0.002741,-0.068236,-0.069029,0.018661,0.004748,0.069479,0.087872,-0.010166,0.015573,-0.023259,0.015977,-0.074270,0.062187,-0.010053,0.019267,0.021093,0.055862,0.021969,0.093925,0.063285,0.125638,0.154295,0.193111,-0.004752,0.046546,0.109681,-0.021416,1.000000,0.104997,-0.032996,0.034760,-0.033367,0.093134,0.081787,-0.010007,0.019256,0.004213,0.068019,-0.027802,-0.008733,-0.044881,-0.056650
0.053339,-0.026785,-0.019701,0.031479,0.026396,-0.093704,0.070617,0.041598,-0.036273,0.065541,0.075241,0.035259,0.064757,0.044867,0.032923,-0.053165,0.103427,0.050815,0.064457,0.054189,0.042324,-0.001793,0.108290,-0.023701,-0.020185,-0.013471,-0.010624,-0.000117,-0.011349,-0.037675,-0.010900,-0.008324,-0.028676,-0.045700,-0.020615,-0.068264,-0.067077,0.021857,-0.007934,0.030005,0.084290,0.060692,0.026647,0.044369,-0.010481,0.032113,0.006392,0.031420,0.030842,-0.013559,-0.018139,0.028651,0.049089,0.104997,1.000000,0.071453,0.004858,0.012164,0.101058,0.020545,-0.011042,0.082947,0.010778,0.048064,0.084263,-0.038441,0.055352,-0.046377
-0.055997,-0.016760,0.011108,-0.007736,0.049720,0.008685,0.024957,0.052842,0.060245,0.010192,0.126020,0.016395,0.031708,0.067583,0.048570,-0.019694,0.080021,0.089394,-0.008346,0.121464,0.036145,0.023769,0.062543,-0.004493,0.017147,0.063362,0.045968,0.004950,0.069603,0.034594,-0.016317,0.016421,0.002117,-0.047867,-0.006809,0.086308,-0.027366,-0.015105,0.092174,0.044013,-0.058347,0.042532,0.029860,0.053167,-0.074408,0.004458,-0.049825,-0.081369,0.002912,-0.018622,0.054295,0.029706,-0.030824,-0.032996,0.071453,1.000000,-0.017025,0.015566,0.031104,0.014001,0.014314,0.034280,0.043454,0.003571,0.073815,-0.034269,0.037435,0.038606
0.025963,-0.027186,-0.012147,0.024640,0.014585,0.108438,-0.037589,-0.022191,0.086165,0.002373,0.059443,-0.014178,-0.026035,0.074403,0.133283,0.004766,0.103186,0.005090,-0.020569,0.109580,-0.005558,-0.062353,-0.110745,-0.024146,0.008445,0.029491,-0.019348,0.004144,-0.025593,-0.014275,-0.011156,-0.026445,0.002406,0.030186,0.010637,0.031582,-0.026503,0.062600,0.027858,0.003346,-0.012283,-0.028017,0.041896,0.047495,0.023542,-0.001617,-0.017558,0.013808,-0.066381,-0.035614,-0.001359,0.084801,0.028083,0.034760,0.004858,-0.017025,1.000000,-0.036090,0.039721,0.020608,-0.095393,-0.032283,-0.027071,-0.007684,0.026526,0.028916,0.028634,-0.043897
0.035662,-0.001952,0.085190,-0.027942,0.008005,-0.045594,0.015257,0.004103,0.034809,0.089582,-0.044557,0.049197,-0.014870,-0.025676,-0.028282,-0.028897,-0.064960,0.021266,-0.037464,-0.009562,0.044566,0.070054,-0.030727,-0.074137,-0.062394,0.047481,-0.022558,0.024561,-0.022314,-0.068762,0.076067,-0.075536,-0.013496,0.018315,0.073683,-0.036081,-0.074885,-0.022808,0.048024,-0.032081,0.014461,-0.009926,0.038214,0.035292,0.008185,0.001171,0.104687,0.019868,-0.014573,0.008540,0.006454,-0.090275,-0.024749,-0.033367,0.012164,0.015566,-0.036090,1.000000,0.022208,-0.031926,0.028300,0.014450,0.021780,-0.046904,-0.002909,-0.055955,0.052273,0.060242
0.056449,0.050989,0.007745,0.026985,-0.022635,-0.008984,-0.035146,-0.008608,0.024099,0.024458,0.000490,-0.002392,0.039923,0.032099,-0.012663,0.070864,0.041913,0.058417,0.056367,0.001953,0.007354,0.031212,0.086940,0.013089,-0.002440,0.006229,0.086737,0.006644,-0.038258,-0.027506,-0.025721,-0.046263,0.032721,0.006318,0.010224,-0.014470,0.025672,0.004445,-0.012991,0.093769,0.051187,0.027327,0.007167,0.088502,-0.059304,0.014490,0.048639,0.014454,0.005416,0.080531,-0.001764,-0.061686,0.011626,0.093134,0.101058,0.031104,0.039721,0.022208,1.000000,0.095172,-0.042086,0.035043,0.037330,0.061462,0.035065,0.015113,0.013556,-0.114727
-0.030864,0.035985,-0.030555,0.004710,-0.060978,0.014520,-0.000010,-0.039186,0.007654,0.019636,0.023666,0.007579,-0.063651,0.011596,-0.011334,-0.036079,0.010300,0.017860,0.175407,0.055536,0.008091,-0.012172,0.062342,0.025060,-0.012628,-0.050836,-0.079700,0.003737,0.055998,0.003067,-0.106004,0.036587,-0.065042,-0.000704,0.026895,0.009046,-0.052859,0.009813,0.015317,-0.009581,-0.063516,-0.023164,-0.071469,0.033845,0.033856,0.056967,-0.010144,0.024854,0.025022,0.006042,-0.012504,-0.020922,-0.031935,0.081787,0.020545,0.014001,0.020608,-0.031926,0.095172,1.000000,0.042157,-0.003458,-0.056371,0.103842,0.015028,0.006698,-0.070666,-0.035648
-0.037120,-0.016881,-0.032985,0.009024,-0.013901,-0.079105,-0.060296,0.029125,-0.062934,-0.024620,-0.016896,0.035331,0.018612,-0.008530,0.033398,-0.060808,0.067553,-0.050681,-0.088984,0.048222,0.058382,-0.040204,-0.022911,0.015393,-0.061686,-0.054037,-0.032741,-0.009701,0.014900,0.009002,-0.032372,-0.011096,-0.047918,-0.019893,0.021301,-0.019833,0.006852,0.010075,-0.002008,-0.010136,0.002619,0.043193,-0.051945,0.015264,-0.011408,-0.081571,-0.075840,-0.029099,-0.013902,-0.008206,-0.019735,0.016474,0.008013,-0.010007,-0.011042,0.014314,-0.095393,0.028300,-0.042086,0.042157,1.000000,0.182612,0.143309,-0.001187,0.065227,0.032904,0.007237,-0.031493
0.041409,-0.010590,0.006766,-0.047488,-0.010591,-0.047149,0.006115,-0.021444,0.044389,-0.043101,0.034562,-0.055525,-0.030182,0.049423,-0.000153,-0.017169,-0.007765,-0.052201,-0.006938,0.023753,-0.026616,-0.021457,0.025056,0.026931,-0.005986,-0.045116,0.047294,0.029669,-0.012914,0.048073,-0.026835,-0.064990,0.034491,0.017478,0.077031,0.011600,0.021185,-0.017910,0.002331,-0.000042,-0.037881,-0.043769,-0.002833,-0.009440,-0.029622,-0.053604,-0.045577,-0.036356,-0.045725,-0.003710,0.047562,-0.076248,0.006725,0.019256,0.082947,0.034280,-0.032283,0.014450,0.035043,-0.003458,0.182612,1.000000,-0.063953,-0.015248,-0.013801,0.059749,-0.030529,0.051471
