1.000000,0.209518,-0.058507,0.104751,0.071897,0.103485,0.135149,0.060679,0.119061,0.047324,0.015747,0.063339,-0.011136,0.035954,0.013758,-0.018374,0.035419,0.069491,-0.013537,-0.021825,-0.061227,-0.054908,0.136288,0.028039,0.083498,0.017965,0.076832,-0.103899,-0.174512,-0.045415,-0.034059,0.028677,0.006203,0.310563,-0.086864,-0.052996,0.012104,-0.023267,-0.101082,-0.131327,-0.033382,-0.047837,-0.017731,0.037802,0.075150,-0.125404,-0.034971,0.028842,-0.049135,-0.082369,-0.098732,-0.031088,0.052993,0.004782,0.037196,0.052565,0.039176,0.052033,-0.025337,0.000516,-0.041660,0.062294,0.071726,-0.020047,0.055585,0.072593,0.111748,-0.018342
0.209518,1.000000,-0.036689,0.042068,0.031182,0.047804,0.092425,0.040350,0.069554,0.084453,0.029359,0.010186,0.021781,-0.007463,0.115724,0.028321,-0.101401,0.035903,-0.046408,0.045629,-0.041967,-0.039939,0.012537,0.010657,-0.048220,0.001612,0.039431,0.023929,-0.008052,-0.023871,0.040430,0.036131,-0.042170,0.139284,-0.044813,0.007439,0.026114,0.000120,0.050472,-0.040446,-0.030995,-0.028352,0.021092,0.138808,-0.035997,-0.041032,-0.070519,0.003710,-0.048493,0.021490,0.044085,0.011051,-0.062396,0.068970,0.049918,0.053223,-0.098744,-0.003086,-0.019892,-0.027094,0.007171,-0.035621,0.010439,0.027042,0.022629,-0.076014,0.026345,0.124848
-0.058507,-0.036689,1.000000,-0.000846,-0.065777,0.025217,-0.002471,-0.015220,-0.053202,-0.046285,-0.040050,0.035569,-0.009886,-0.021748,-0.074282,0.020477,0.006912,-0.067128,0.017486,-0.074223,0.031449,0.012714,0.034313,0.049005,-0.111582,-0.022308,0.073217,0.003603,0.021186,-0.054321,-0.044673,-0.029011,0.004759,-0.065411,0.099728,-0.006505,-0.018076,0.068571,-0.088074,0.022552,-0.036057,-0.026226,-0.027926,-0.045191,-0.023871,0.004128,-0.004339,0.002955,-0.037926,-0.106172,-0.002071,-0.126693,-0.007247,-0.022481,-0.068173,-0.085076,-0.043332,0.002621,-0.050655,0.111651,0.023501,0.003696,-0.118187,-0.043473,0.052539,0.060207,0.001776,0.068574
0.104751,0.042068,-0.000846,1.000000,0.009453,-0.009263,-0.009997,0.134159,0.025014,-0.080603,0.082306,0.328637,0.184240,0.085020,0.020427,-0.065623,-0.024200,-0.003244,0.063469,-0.008478,-0.012551,0.020829,0.044065,-0.067077,-0.002149,-0.085029,-0.030035,-0.064662,-0.005096,0.095813,-0.013700,-0.010521,0.058114,0.070671,-0.062565,-0.045459,0.061581,0.412170,-0.014634,0.035526,0.115631,0.144852,0.002057,-0.083701,-0.018353,0.089298,0.108180,0.001215,-0.050767,-0.066584,-0.063617,-0.022973,0.007853,-0.099868,-0.044137,-0.010604,-0.028521,-0.041841,-0.035064,0.019024,-0.014743,0.050993,0.036705,-0.027280,-0.008435,-0.002208,0.095764,-0.026425
0.071897,0.031182,-0.065777,0.009453,1.000000,0.089356,0.081987,-0.003319,0.113211,0.104427,-0.028385,-0.070468,-0.054618,-0.034080,-0.001159,0.144007,0.164527,0.092578,0.037893,-0.066863,0.011558,0.028557,0.096575,0.027214,0.057862,0.014200,-0.003227,-0.099280,0.055771,0.093995,0.005878,0.010395,0.072884,0.424745,0.024866,0.065721,-0.031760,-0.067150,0.059610,-0.011124,-0.009672,-0.015821,-0.030858,-0.015974,0.012855,-0.101015,-0.095690,0.054332,0.050001,-0.044551,0.056275,0.001790,-0.002779,-0.024361,-0.024224,0.007476,0.025099,-0.041745,-0.016864,-0.147196,0.025312,0.061116,-0.158749,-0.052170,0.057401,0.025483,-0.042132,0.026911
0.103485,0.047804,0.025217,-0.009263,0.089356,1.000000,0.098830,0.377458,0.379571,0.237014,0.123674,-0.040567,0.170674,0.129789,0.058300,0.133234,0.096438,0.134995,0.137932,0.065689,-0.032695,-0.060835,0.025031,-0.060971,0.089395,-0.011129,0.045862,-0.039480,0.100109,0.005643,0.052652,-0.037136,0.065050,0.129177,-0.031695,0.017750,0.014221,0.030260,0.009489,0.094200,0.089651,0.186169,0.054442,0.104660,0.095298,-0.063354,0.016605,0.087737,-0.011661,0.009987,0.060484,-0.039823,0.006384,0.054928,0.071119,0.112658,0.050589,-0.059167,-0.082561,0.051443,0.083957,0.120890,-0.001608,-0.020625,0.045768,0.046007,0.041836,0.037927
0.135149,0.092425,-0.002471,-0.009997,0.081987,0.098830,1.000000,0.204774,0.152477,0.123639,-0.028117,-0.014296,0.050655,-0.016122,0.065041,-0.025249,0.054929,-0.004763,-0.003901,-0.040273,-0.003243,-0.019633,0.024819,0.048543,0.031282,0.027802,0.057277,-0.058080,-0.043636,-0.034680,-0.008431,-0.075775,0.097750,0.118903,0.022391,0.031206,0.025712,0.005896,-0.009636,0.066295,0.152228,0.137085,0.158263,0.178454,0.029094,-0.074975,-0.061260,0.002746,0.016137,0.012227,0.097867,-0.016609,0.012707,0.034916,0.053792,0.078327,-0.005879,0.075055,-0.014363,0.027038,0.037853,0.032589,-0.054009,-0.005781,-0.008405,-0.007955,-0.019551,0.051562
0.060679,0.040350,-0.015220,0.134159,-0.003319,0.377458,0.204774,1.000000,0.422723,0.313426,0.366467,0.148964,0.693467,0.433196,0.074005,0.062741,0.015561,0.108739,0.104659,0.051566,0.000300,-0.067976,-0.030161,-0.120807,0.077184,-0.039801,0.052979,-0.106253,0.116568,0.061159,0.038926,0.013928,-0.006324,0.123489,-0.016598,0.055188,0.121132,0.099507,-0.005858,0.264429,0.196908,0.784817,0.143562,0.197465,0.251353,0.083042,0.235360,0.355937,-0.020825,0.034134,0.049572,-0.034659,0.009414,0.024418,-0.042084,0.075483,-0.032382,-0.066998,-0.038013,0.009775,0.042385,0.071467,-0.008508,0.003708,0.029355,-0.034112,0.016505,0.007005
0.119061,0.069554,-0.053202,0.025014,0.113211,0.379571,0.152477,0.422723,1.000000,0.402966,0.206325,0.009782,0.273465,0.191717,-0.021931,0.028555,-0.006684,0.150149,0.082877,0.000402,-0.043716,-0.044096,-0.020342,-0.061645,-0.002016,0.031190,0.092829,-0.074042,-0.039173,0.029447,0.121973,0.086943,0.056769,0.124259,-0.037464,-0.024356,0.005385,0.054920,0.004019,0.167280,0.157928,0.321451,0.159203,0.269109,0.111679,-0.038498,-0.007797,0.172036,0.083504,0.029613,0.103496,-0.025871,-0.053772,0.082028,0.059149,0.087385,0.000191,-0.024474,-0.070555,0.100540,0.062742,0.084341,-0.074809,-0.036449,0.069847,0.031548,-0.016173,0.018062
0.047324,0.084453,-0.046285,-0.080603,0.104427,0.237014,0.123639,0.313426,0.402966,1.000000,0.326370,-0.035669,0.179979,0.309798,0.109649,0.200415,0.130572,0.201409,0.191845,0.062121,0.044024,0.003140,0.046913,-0.012267,0.028887,0.030525,-0.042434,-0.013192,0.036014,0.027050,0.087678,0.041018,0.048135,0.036885,0.046728,0.023015,0.054089,-0.067894,0.080672,0.169691,0.021798,0.204076,0.239242,0.480866,0.350821,-0.036024,0.019251,0.246057,0.046606,0.131412,0.117973,0.035403,0.068206,0.059990,0.055146,0.094516,0.077606,0.044691,-0.014621,0.062377,0.041409,-0.043336,0.001942,0.076025,0.051464,0.076937,-0.076293,0.073005
0.015747,0.029359,-0.040050,0.082306,-0.028385,0.123674,-0.028117,0.366467,0.206325,0.326370,1.000000,0.062745,0.407668,0.727865,0.183732,0.116423,0.065545,0.109005,0.138407,0.191430,0.004177,-0.016950,-0.028015,-0.086359,0.026011,-0.028721,0.020827,0.010612,0.116536,0.070210,0.087477,0.049949,0.024186,0.016188,0.014341,0.086636,0.033830,0.006649,-0.107788,0.165648,0.006073,0.340147,0.080433,0.207073,0.489211,0.122901,0.175831,0.488929,0.067741,0.140707,0.048162,-0.023297,0.101051,0.041155,-0.053655,-0.043537,-0.007628,-0.039859,-0.021213,-0.031982,0.012347,-0.055451,0.091191,0.055490,0.080383,0.005170,0.020984,-0.065423
0.063339,0.010186,0.035569,0.328637,-0.070468,-0.040567,-0.014296,0.148964,0.009782,-0.035669,0.062745,1.000000,0.362774,0.091844,0.020634,-0.083228,-0.056407,-0.021520,0.045180,-0.010483,0.034727,0.053084,-0.009912,-0.063633,-0.009592,-0.113794,-0.041872,-0.070334,-0.112145,-0.027060,-0.086602,0.021414,0.040973,0.085687,0.015596,0.021897,0.133297,0.174056,-0.009711,-0.026884,0.035473,0.137156,-0.022469,-0.107051,-0.033653,0.153891,0.169031,0.037103,-0.071145,0.015223,0.067445,-0.068046,-0.019912,-0.076581,0.018918,0.018178,-0.029476,0.043871,0.009772,-0.024441,0.054915,0.128929,0.015285,0.047638,-0.017636,-0.003564,0.016746,0.007792
-0.011136,0.021781,-0.009886,0.184240,-0.054618,0.170674,0.050655,0.693467,0.273465,0.179979,0.407668,0.362774,1.000000,0.482289,0.072749,0.032381,0.045502,0.067556,0.125885,0.084009,0.019593,-0.001667,-0.054121,-0.072827,0.074334,-0.056889,0.082090,-0.048371,0.056442,0.057171,-0.000007,0.027164,0.007313,0.112425,0.030814,0.043634,0.084866,0.145224,-0.018943,0.225911,0.107263,0.620568,0.034048,0.031438,0.185258,0.210287,0.385269,0.357430,-0.100747,0.020159,0.057768,-0.051482,-0.000417,-0.065980,-0.028684,0.089601,-0.024970,0.051982,0.032342,-0.043359,0.040824,0.088933,-0.019737,-0.030610,-0.005996,-0.029947,-0.025029,0.011271
0.035954,-0.007463,-0.021748,0.085020,-0.034080,0.129789,-0.016122,0.433196,0.191717,0.309798,0.727865,0.091844,0.482289,1.000000,0.192338,0.129427,0.084895,0.170704,0.091636,0.199879,0.000446,-0.009975,-0.013557,-0.086639,0.063397,-0.010856,0.002947,0.055315,0.064835,0.021422,0.103397,0.106256,0.067896,0.042659,-0.001799,0.054259,0.072187,-0.014788,-0.073126,0.143487,-0.013468,0.350646,0.081297,0.159558,0.480748,0.020990,0.159896,0.476478,-0.126708,0.062336,-0.010582,-0.041133,0.061787,-0.088388,-0.044888,-0.015577,0.048515,-0.031994,0.026533,0.029583,0.051937,-0.004425,0.053530,-0.019297,0.100046,0.035259,0.013938,-0.023991
0.013758,0.115724,-0.074282,0.020427,-0.001159,0.058300,0.065041,0.074005,-0.021931,0.109649,0.183732,0.020634,0.072749,0.192338,1.000000,-0.041300,0.023307,0.100886,0.098657,0.582875,-0.049826,-0.065214,0.031759,-0.045515,0.006261,-0.018255,-0.019398,0.090808,0.080171,0.043391,-0.065818,0.090213,0.087006,-0.016194,-0.015815,-0.056887,-0.009026,0.052513,0.060300,0.037579,-0.038881,0.044384,-0.077647,-0.028117,0.072780,0.041456,0.064599,0.243318,0.257136,0.059448,0.049255,-0.002292,-0.009262,0.183044,0.016605,-0.005745,-0.053772,-0.064767,0.097349,0.030001,0.084221,0.090782,0.139628,0.029173,-0.068125,-0.056791,-0.038998,0.071211
-0.018374,0.028321,0.020477,-0.065623,0.144007,0.133234,-0.025249,0.062741,0.028555,0.200415,0.116423,-0.083228,0.032381,0.129427,-0.041300,1.000000,0.360347,0.062341,0.172112,-0.014209,0.052017,0.099984,0.036912,0.079390,0.031397,-0.046201,0.016147,-0.006637,0.125375,0.019668,0.027600,-0.018193,-0.038515,0.201434,0.072843,0.040462,-0.020413,-0.005184,0.019060,0.043057,0.025971,0.049376,0.033908,0.088191,0.018990,-0.024626,-0.048158,0.031566,-0.003666,0.088146,0.071163,-0.000486,0.099247,-0.003829,-0.011612,0.013893,0.064113,0.035608,-0.036823,-0.087546,-0.025230,0.041207,-0.034482,-0.069564,0.013170,0.094040,-0.003127,0.032540
0.035419,-0.101401,0.006912,-0.024200,0.164527,0.096438,0.054929,0.015561,-0.006684,0.130572,0.065545,-0.056407,0.045502,0.084895,0.023307,0.360347,1.000000,0.032924,0.182773,0.019163,0.052102,0.124324,0.011224,0.087589,0.065879,0.018400,0.072205,-0.020681,0.120514,0.071374,0.016752,-0.041055,0.000401,0.243570,0.043186,0.038043,-0.027922,-0.049208,-0.053647,0.048468,-0.083485,0.038584,0.020628,-0.007782,-0.011869,0.004792,0.013316,0.021046,0.033468,-0.037684,0.009694,-0.077678,0.079361,0.011586,-0.017807,0.045158,0.154817,0.025942,0.093821,-0.009520,-0.011483,0.070172,0.006006,0.013694,0.030211,0.064279,0.023884,-0.009992
0.069491,0.035903,-0.067128,-0.003244,0.092578,0.134995,-0.004763,0.108739,0.150149,0.201409,0.109005,-0.021520,0.067556,0.170704,0.100886,0.062341,0.032924,1.000000,0.289889,0.137903,0.085475,0.123592,0.086552,0.076403,0.172751,-0.052657,0.013333,-0.055277,0.110018,0.089091,0.045142,0.037773,-0.052054,0.062456,-0.031479,0.020349,0.074791,0.036797,0.039330,0.065412,0.026206,0.064732,0.094005,0.063140,0.082631,0.021040,0.083647,0.035994,-0.070121,0.099484,0.064694,0.135342,0.071262,-0.003715,0.009305,0.060457,0.042506,-0.047226,-0.010996,0.043490,-0.010970,-0.019786,0.065674,0.043184,0.047042,0.037009,-0.075662,0.154409
-0.013537,-0.046408,0.017486,0.063469,0.037893,0.137932,-0.003901,0.104659,0.082877,0.191845,0.138407,0.045180,0.125885,0.091636,0.098657,0.172112,0.182773,0.289889,1.000000,0.063920,-0.034274,0.012806,-0.038150,-0.049223,0.107758,-0.043664,0.081802,0.087003,0.302269,0.245831,0.003811,0.004593,-0.051675,0.080345,0.047282,0.016725,-0.004659,0.037300,0.081871,0.039614,0.017263,0.059088,0.038831,0.022745,0.036479,0.041906,0.053465,0.078199,-0.051754,0.024253,0.082538,-0.035937,0.065640,-0.015395,-0.096356,-0.023926,0.053488,-0.036216,0.076661,0.097569,0.060486,0.088462,0.006866,-0.011846,0.011166,0.026952,-0.134293,0.029871
-0.021825,0.045629,-0.074223,-0.008478,-0.066863,0.065689,-0.040273,0.051566,0.000402,0.062121,0.191430,-0.010483,0.084009,0.199879,0.582875,-0.014209,0.019163,0.137903,0.063920,1.000000,-0.010423,0.038203,0.057949,0.023747,0.011627,-0.012321,-0.067077,0.052484,0.012736,0.067839,-0.032157,0.115536,0.070022,-0.008749,-0.053240,0.023504,-0.013243,-0.030176,-0.040390,0.000049,-0.030166,0.003977,-0.077753,-0.062691,0.112284,0.048381,0.031133,0.199043,0.119024,0.082694,-0.006962,0.079290,-0.022925,0.174384,0.083844,0.054813,0.041761,0.011314,0.054613,0.049303,0.104572,0.081674,0.060904,0.053855,-0.019185,-0.037777,-0.114220,0.009558
-0.061227,-0.041967,0.031449,-0.012551,0.011558,-0.032695,-0.003243,0.000300,-0.043716,0.044024,0.004177,0.034727,0.019593,0.000446,-0.049826,0.052017,0.052102,0.085475,-0.034274,-0.010423,1.000000,0.699027,0.025915,0.293393,0.043918,0.016665,-0.016330,-0.015553,-0.021388,-0.066858,-0.046846,-0.052994,-0.102378,-0.007660,0.028530,-0.060668,0.011899,0.037664,0.009742,0.004950,-0.064573,-0.002477,0.049460,0.089154,-0.012048,-0.002712,0.062124,-0.017914,0.004681,0.139770,-0.007970,0.065435,0.112364,-0.031898,0.066926,0.125214,0.035134,0.058214,0.018087,-0.057106,-0.080438,-0.121062,0.123117,0.071243,0.043586,0.031002,-0.043309,0.020283
-0.054908,-0.039939,0.012714,0.020829,0.028557,-0.060835,-0.019633,-0.067976,-0.044096,0.003140,-0.016950,0.053084,-0.001667,-0.009975,-0.065214,0.099984,0.124324,0.123592,0.012806,0.038203,0.699027,1.000000,0.063573,0.467438,0.061758,0.019321,-0.005116,-0.068277,-0.077351,-0.040062,-0.078516,0.003299,-0.103924,0.001161,-0.000661,-0.099509,0.052746,0.033884,0.015075,-0.023898,-0.012910,-0.042833,0.018579,0.019346,-0.052732,0.016930,0.067205,-0.083674,-0.031355,0.142089,0.023362,0.108953,0.071369,-0.036488,0.087813,0.191945,0.060994,0.071267,0.061074,-0.093447,-0.116755,-0.065836,0.114709,0.046699,0.011350,0.066100,-0.019312,0.028945
0.136288,0.012537,0.034313,0.044065,0.096575,0.025031,0.024819,-0.030161,-0.020342,0.046913,-0.028015,-0.009912,-0.054121,-0.013557,0.031759,0.036912,0.011224,0.086552,-0.038150,0.057949,0.025915,0.063573,1.000000,0.044363,0.162921,0.000964,0.060580,-0.048713,-0.026285,0.079489,0.063362,-0.029833,-0.035218,0.045524,-0.020854,0.027110,0.006359,0.016425,0.005713,-0.060444,0.068250,-0.115049,0.018195,0.028744,0.003302,-0.042113,-0.079325,-0.062331,-0.029428,0.072484,0.003638,-0.026149,0.001280,-0.043480,-0.039023,-0.075260,0.061618,0.021263,-0.023598,-0.027492,-0.046972,0.043341,0.077300,-0.005246,0.014721,-0.006436,0.002917,-0.057778
0.028039,0.010657,0.049005,-0.067077,0.027214,-0.060971,0.048543,-0.120807,-0.061645,-0.012267,-0.086359,-0.063633,-0.072827,-0.086639,-0.045515,0.079390,0.087589,0.076403,-0.049223,0.023747,0.293393,0.467438,0.044363,1.000000,0.036642,0.042263,0.029017,-0.056673,-0.064290,-0.074882,-0.028641,0.066176,-0.075219,0.050426,0.034199,-0.054300,0.003071,-0.014092,-0.029825,-0.009724,-0.076832,-0.094973,0.069490,0.014707,-0.093969,-0.049854,-0.005918,-0.142093,0.007915,-0.028727,-0.017079,0.029786,0.014345,0.011104,0.092651,0.144984,0.002108,0.028407,0.075011,-0.048929,-0.141721,-0.060109,0.056173,0.045482,0.032371,0.070436,-0.038613,0.020878
0.083498,-0.048220,-0.111582,-0.002149,0.057862,0.089395,0.031282,0.077184,-0.002016,0.028887,0.026011,-0.009592,0.074334,0.063397,0.006261,0.031397,0.065879,0.172751,0.107758,0.011627,0.043918,0.061758,0.162921,0.036642,1.000000,0.045385,0.050703,-0.041913,0.163919,0.168728,-0.028613,-0.033811,-0.084705,0.062180,-0.006710,0.061136,0.019471,0.020841,0.005755,0.003064,-0.052600,0.017804,-0.001901,-0.004549,-0.032873,0.053563,0.109877,-0.029475,0.014954,0.054191,-0.004469,0.081793,0.001879,-0.033978,0.005714,0.003503,0.018763,-0.035060,-0.032439,-0.014520,0.007588,-0.012507,0.040148,0.072670,0.012120,0.007750,-0.066343,-0.009536
0.017965,0.001612,-0.022308,-0.085029,0.014200,-0.011129,0.027802,-0.039801,0.031190,0.030525,-0.028721,-0.113794,-0.056889,-0.010856,-0.018255,-0.046201,0.018400,-0.052657,-0.043664,-0.012321,0.016665,0.019321,0.000964,0.042263,0.045385,1.000000,0.246933,-0.055567,0.024342,-0.054495,0.051417,-0.046396,0.027505,-0.008238,0.112180,0.014063,-0.075509,-0.086639,0.066624,0.060773,0.040561,-0.032386,0.001794,-0.008482,0.002001,0.021154,0.023224,-0.037648,-0.053612,-0.020108,-0.059834,-0.020086,0.015053,-0.075611,-0.053050,-0.068354,-0.026216,0.031687,-0.026242,-0.089518,0.020917,0.032197,-0.078030,-0.072134,0.003598,-0.024956,0.040455,0.051058
0.076832,0.039431,0.073217,-0.030035,-0.003227,0.045862,0.057277,0.052979,0.092829,-0.042434,0.020827,-0.041872,0.082090,0.002947,-0.019398,0.016147,0.072205,0.013333,0.081802,-0.067077,-0.016330,-0.005116,0.060580,0.029017,0.050703,0.246933,1.000000,0.066461,0.057346,0.045987,-0.052951,0.037767,0.029932,0.027834,0.054172,0.003362,0.000378,-0.052638,0.005066,0.015260,0.053091,0.057370,-0.123542,-0.105953,-0.022662,0.004840,0.035393,-0.002913,-0.029525,-0.055992,-0.009416,-0.053881,-0.095399,-0.075182,-0.035173,-0.072597,0.001870,0.066713,-0.000045,0.005076,0.079144,0.018604,-0.067042,-0.103651,-0.005664,-0.019626,0.011961,-0.048714
-0.103899,0.023929,0.003603,-0.064662,-0.099280,-0.039480,-0.058080,-0.106253,-0.074042,-0.013192,0.010612,-0.070334,-0.048371,0.055315,0.090808,-0.006637,-0.020681,-0.055277,0.087003,0.052484,-0.015553,-0.068277,-0.048713,-0.056673,-0.041913,-0.055567,0.066461,1.000000,0.008370,0.036208,0.006227,0.016334,-0.053654,-0.053110,0.040445,-0.059589,-0.074541,0.065899,-0.040957,0.005246,-0.049377,-0.105337,-0.051298,-0.057663,0.042640,0.057285,0.003510,0.035743,0.018967,0.045118,0.005052,0.083751,0.013989,0.020693,0.125205,0.027129,-0.010659,0.030795,-0.007398,0.068594,0.073866,0.048241,-0.021305,0.046387,-0.009048,0.007525,0.099800,0.017002
-0.174512,-0.008052,0.021186,-0.005096,0.055771,0.100109,-0.043636,0.116568,-0.039173,0.036014,0.116536,-0.112145,0.056442,0.064835,0.080171,0.125375,0.120514,0.110018,0.302269,0.012736,-0.021388,-0.077351,-0.026285,-0.064290,0.163919,0.024342,0.057346,0.008370,1.000000,0.234370,-0.017272,-0.005249,-0.044652,0.021322,-0.052152,0.104930,-0.005482,-0.009504,0.018633,0.056078,0.001429,0.105522,0.021475,-0.001486,0.039987,0.009480,0.071083,0.077438,0.067672,-0.024865,0.020382,-0.044963,-0.033565,-0.024969,-0.103860,-0.089153,-0.031244,-0.088293,0.023439,-0.015119,0.042174,0.065006,0.024987,0.000713,0.034065,-0.010574,-0.018541,0.061952
-0.045415,-0.023871,-0.054321,0.095813,0.093995,0.005643,-0.034680,0.061159,0.029447,0.027050,0.070210,-0.027060,0.057171,0.021422,0.043391,0.019668,0.071374,0.089091,0.245831,0.067839,-0.066858,-0.040062,0.079489,-0.074882,0.168728,-0.054495,0.045987,0.036208,0.234370,1.000000,0.045238,0.012812,-0.001718,0.054005,0.037722,-0.002636,0.055403,0.068016,-0.001046,-0.004912,0.021307,0.079862,-0.024090,-0.022925,-0.034712,0.066958,0.091137,0.013874,0.029698,-0.107799,-0.017290,-0.011628,-0.037565,0.018158,-0.100360,-0.017095,-0.056191,-0.036142,0.052048,-0.024791,-0.056814,-0.013347,-0.083666,-0.024270,-0.010210,0.010746,-0.009613,0.050462
-0.034059,0.040430,-0.044673,-0.013700,0.005878,0.052652,-0.008431,0.038926,0.121973,0.087678,0.087477,-0.086602,-0.000007,0.103397,-0.065818,0.027600,0.016752,0.045142,0.003811,-0.032157,-0.046846,-0.078516,0.063362,-0.028641,-0.028613,0.051417,-0.052951,0.006227,-0.017272,0.045238,1.000000,0.040155,0.024474,0.015849,0.000617,0.045615,-0.012998,-0.026994,-0.026990,0.034703,-0.011905,0.035909,0.124796,0.088140,0.104424,-0.044421,-0.041937,0.014824,0.020909,-0.052263,-0.005332,0.144712,0.032550,-0.003048,0.037033,0.040399,0.025796,0.002319,0.039454,0.048091,0.021648,-0.011740,-0.051094,0.016522,0.027620,0.053547,0.035882,0.065001
0.028677,0.036131,-0.029011,-0.010521,0.010395,-0.037136,-0.075775,0.013928,0.086943,0.041018,0.049949,0.021414,0.027164,0.106256,0.090213,-0.018193,-0.041055,0.037773,0.004593,0.115536,-0.052994,0.003299,-0.029833,0.066176,-0.033811,-0.046396,0.037767,0.016334,-0.005249,0.012812,0.040155,1.000000,0.043186,0.016721,0.058311,0.052520,0.008898,0.031397,0.021447,-0.000652,-0.037460,0.050423,-0.007042,0.007296,0.095253,-0.038599,0.012416,0.075353,-0.039593,-0.014972,0.036421,-0.022975,-0.000115,-0.023510,0.035896,0.073370,0.044064,0.000809,-0.034429,-0.011555,-0.017799,0.028373,-0.016461,0.015728,0.028298,0.018365,0.029894,0.160942
0.006203,-0.042170,0.004759,0.058114,0.072884,0.065050,0.097750,-0.006324,0.056769,0.048135,0.024186,0.040973,0.007313,0.067896,0.087006,-0.038515,0.000401,-0.052054,-0.051675,0.070022,-0.102378,-0.103924,-0.035218,-0.075219,-0.084705,0.027505,0.029932,-0.053654,-0.044652,-0.001718,0.024474,0.043186,1.000000,-0.010918,0.038711,-0.046394,0.004739,0.018116,0.031945,0.054517,0.009092,0.035382,0.012174,0.061686,0.036570,-0.013084,0.026030,0.024681,-0.017925,-0.051833,0.037043,-0.112130,-0.089516,-0.046659,0.011170,0.046896,0.059955,0.062553,-0.026403,0.033709,0.025601,0.065932,0.004224,0.013659,0.055685,-0.012762,-0.053888,-0.020393
0.310563,0.139284,-0.065411,0.070671,0.424745,0.129177,0.118903,0.123489,0.124259,0.036885,0.016188,0.085687,0.112425,0.042659,-0.016194,0.201434,0.243570,0.062456,0.080345,-0.008749,-0.007660,0.001161,0.045524,0.050426,0.062180,-0.008238,0.027834,-0.053110,0.021322,0.054005,0.015849,0.016721,-0.010918,1.000000,-0.036508,0.058649,-0.017984,0.013437,-0.062926,-0.030802,0.013092,0.002118,-0.087357,-0.045689,-0.038465,-0.049512,-0.011485,0.067181,0.024071,-0.003380,0.009097,-0.039433,-0.000401,0.024955,-0.047550,-0.020661,-0.019930,-0.012146,0.007320,-0.077291,0.032099,0.115846,-0.096171,-0.079688,0.021764,-0.035957,-0.037283,-0.010920
-0.086864,-0.044813,0.099728,-0.062565,0.024866,-0.031695,0.022391,-0.016598,-0.037464,0.046728,0.014341,0.015596,0.030814,-0.001799,-0.015815,0.072843,0.043186,-0.031479,0.047282,-0.053240,0.028530,-0.000661,-0.020854,0.034199,-0.006710,0.112180,0.054172,0.040445,-0.052152,0.037722,0.000617,0.058311,0.038711,-0.036508,1.000000,0.165702,-0.024668,0.000497,0.117687,0.022887,0.034933,0.014610,0.003598,0.071885,0.005574,0.045404,0.035902,-0.019943,-0.083203,0.020106,0.076172,0.083269,0.158562,-0.051701,0.010177,0.026597,0.102290,0.131042,-0.025141,-0.046244,0.004844,-0.059924,-0.086464,0.087350,-0.041412,0.050706,0.019049,0.353432
-0.052996,0.007439,-0.006505,-0.045459,0.065721,0.017750,0.031206,0.055188,-0.024356,0.023015,0.086636,0.021897,0.043634,0.054259,-0.056887,0.040462,0.038043,0.020349,0.016725,0.023504,-0.060668,-0.099509,0.027110,-0.054300,0.061136,0.014063,0.003362,-0.059589,0.104930,-0.002636,0.045615,0.052520,-0.046394,0.058649,0.165702,1.000000,0.003358,-0.106483,0.007835,0.005921,0.036320,0.035003,0.036871,0.014369,0.090377,-0.036114,0.004054,0.039150,-0.066427,0.012876,0.007142,0.049418,0.002148,-0.055716,0.002987,0.022263,0.014463,0.102295,-0.020334,0.000298,0.011967,-0.005198,-0.023606,0.025376,0.024772,-0.017908,0.009717,0.113609
0.012104,0.026114,-0.018076,0.061581,-0.031760,0.014221,0.025712,0.121132,0.005385,0.054089,0.033830,0.133297,0.084866,0.072187,-0.009026,-0.020413,-0.027922,0.074791,-0.004659,-0.013243,0.011899,0.052746,0.006359,0.003071,0.019471,-0.075509,0.000378,-0.074541,-0.005482,0.055403,-0.012998,0.008898,0.004739,-0.017984,-0.024668,0.003358,1.000000,0.021804,0.031908,0.025591,-0.066679,0.115026,0.011967,-0.046621,-0.034859,0.115964,0.119989,0.037137,0.064934,-0.045585,-0.030887,-0.021106,-0.016229,0.116071,0.080317,0.117071,0.012289,-0.018334,0.034503,-0.005130,-0.082010,-0.040424,0.009007,0.084159,0.055240,-0.001896,-0.041235,-0.023467
-0.023267,0.000120,0.068571,0.412170,-0.067150,0.030260,0.005896,0.099507,0.054920,-0.067894,0.006649,0.174056,0.145224,-0.014788,0.052513,-0.005184,-0.049208,0.036797,0.037300,-0.030176,0.037664,0.033884,0.016425,-0.014092,0.020841,-0.086639,-0.052638,0.065899,-0.009504,0.068016,-0.026994,0.031397,0.018116,0.013437,0.000497,-0.106483,0.021804,1.000000,-0.014505,0.131995,0.074141,0.213695,-0.007320,-0.054018,-0.059740,0.318057,0.263842,0.022885,0.038569,-0.027815,0.032834,-0.052517,0.002849,0.025173,-0.056182,-0.014869,-0.120956,-0.061790,-0.011686,0.022765,-0.061025,0.019727,0.055223,0.066685,-0.018863,0.031675,0.041542,0.049058
-0.101082,0.050472,-0.088074,-0.014634,0.059610,0.009489,-0.009636,-0.005858,0.004019,0.080672,-0.107788,-0.009711,-0.018943,-0.073126,0.060300,0.019060,-0.053647,0.039330,0.081871,-0.040390,0.009742,0.015075,0.005713,-0.029825,0.005755,0.066624,0.005066,-0.040957,0.018633,-0.001046,-0.026990,0.021447,0.031945,-0.062926,0.117687,0.007835,0.031908,-0.014505,1.000000,-0.010219,0.142610,-0.008013,0.024029,0.094816,-0.094884,-0.024761,-0.012382,-0.101473,-0.000951,-0.038615,0.012491,0.067951,0.048236,-0.032727,-0.000545,0.046693,0.066556,0.007726,-0.037154,0.005203,-0.008463,0.085492,-0.000668,0.056668,-0.040179,-0.071161,-0.000179,0.285312
-0.131327,-0.040446,0.022552,0.035526,-0.011124,0.094200,0.066295,0.264429,0.167280,0.169691,0.165648,-0.026884,0.225911,0.143487,0.037579,0.043057,0.048468,0.065412,0.039614,0.000049,0.004950,-0.023898,-0.060444,-0.009724,0.003064,0.060773,0.015260,0.005246,0.056078,-0.004912,0.034703,-0.000652,0.054517,-0.030802,0.022887,0.005921,0.025591,0.131995,-0.010219,1.000000,0.131374,0.352511,0.222469,0.214507,0.135083,0.074303,0.147813,0.192849,0.137771,0.158204,0.084049,0.039587,0.006750,0.109099,0.025796,0.062503,0.064419,-0.046934,0.049032,-0.010821,-0.037760,0.013629,0.003616,-0.031599,0.035372,0.045639,0.113897,0.055651
-0.033382,-0.030995,-0.036057,0.115631,-0.009672,0.089651,0.152228,0.196908,0.157928,0.021798,0.006073,0.035473,0.107263,-0.013468,-0.038881,0.025971,-0.083485,0.026206,0.017263,-0.030166,-0.064573,-0.012910,0.068250,-0.076832,-0.052600,0.040561,0.053091,-0.049377,0.001429,0.021307,-0.011905,-0.037460,0.009092,0.013092,0.034933,0.036320,-0.066679,0.074141,0.142610,0.131374,1.000000,0.237397,0.297711,0.153220,-0.004751,-0.015142,0.001304,-0.020762,-0.069580,0.063008,0.024481,0.010860,-0.020369,-0.081967,0.029051,0.023415,-0.055894,-0.038322,-0.016464,0.013669,0.069509,0.074955,0.016390,0.051221,0.010443,-0.037508,0.053638,0.144056
-0.047837,-0.028352,-0.026226,0.144852,-0.015821,0.186169,0.137085,0.784817,0.321451,0.204076,0.340147,0.137156,0.620568,0.350646,0.044384,0.049376,0.038584,0.064732,0.059088,0.003977,-0.002477,-0.042833,-0.115049,-0.094973,0.017804,-0.032386,0.057370,-0.105337,0.105522,0.079862,0.035909,0.050423,0.035382,0.002118,0.014610,0.035003,0.115026,0.213695,-0.008013,0.352511,0.237397,1.000000,0.192572,0.197156,0.218138,0.274411,0.431513,0.378579,-0.009730,0.019932,0.053691,-0.014585,0.002253,-0.038765,-0.042534,0.083167,-0.105554,-0.120834,-0.034965,-0.033269,0.005532,0.020088,-0.013262,0.010183,-0.008186,-0.065843,0.013326,0.008766
-0.017731,0.021092,-0.027926,0.002057,-0.030858,0.054442,0.158263,0.143562,0.159203,0.239242,0.080433,-0.022469,0.034048,0.081297,-0.077647,0.033908,0.020628,0.094005,0.038831,-0.077753,0.049460,0.018579,0.018195,0.069490,-0.001901,0.001794,-0.123542,-0.051298,0.021475,-0.024090,0.124796,-0.007042,0.012174,-0.087357,0.003598,0.036871,0.011967,-0.007320,0.024029,0.222469,0.297711,0.192572,1.000000,0.566384,0.107103,-0.010419,-0.003583,0.001294,0.005602,0.105701,0.026439,0.079981,0.100266,-0.006001,0.011777,0.039474,0.022559,-0.019064,-0.021844,0.042663,0.034677,-0.058253,0.032040,0.120667,0.097238,0.031615,-0.014489,0.132181
0.037802,0.138808,-0.045191,-0.083701,-0.015974,0.104660,0.178454,0.197465,0.269109,0.480866,0.207073,-0.107051,0.031438,0.159558,-0.028117,0.088191,-0.007782,0.063140,0.022745,-0.062691,0.089154,0.019346,0.028744,0.014707,-0.004549,-0.008482,-0.105953,-0.057663,-0.001486,-0.022925,0.088140,0.007296,0.061686,-0.045689,0.071885,0.014369,-0.046621,-0.054018,0.094816,0.214507,0.153220,0.197156,0.566384,1.000000,0.231510,-0.093923,-0.032047,0.081036,-0.016915,0.186036,0.118034,0.092254,0.147973,-0.005391,0.029291,0.079328,0.053047,0.023301,-0.035369,0.000537,-0.010375,-0.085747,0.002679,0.066615,0.088260,0.017417,0.068268,0.224706
0.075150,-0.035997,-0.023871,-0.018353,0.012855,0.095298,0.029094,0.251353,0.111679,0.350821,0.489211,-0.033653,0.185258,0.480748,0.072780,0.018990,-0.011869,0.082631,0.036479,0.112284,-0.012048,-0.052732,0.003302,-0.093969,-0.032873,0.002001,-0.022662,0.042640,0.039987,-0.034712,0.104424,0.095253,0.036570,-0.038465,0.005574,0.090377,-0.034859,-0.059740,-0.094884,0.135083,-0.004751,0.218138,0.107103,0.231510,1.000000,-0.020313,0.100314,0.666210,-0.097592,0.076104,0.064776,0.034860,0.034745,-0.054925,-0.016988,-0.045668,0.011560,-0.096495,-0.070935,0.016320,0.080237,-0.040178,-0.035942,-0.024103,0.047104,0.037047,0.079631,-0.016529
-0.125404,-0.041032,0.004128,0.089298,-0.101015,-0.063354,-0.074975,0.083042,-0.038498,-0.036024,0.122901,0.153891,0.210287,0.020990,0.041456,-0.024626,0.004792,0.021040,0.041906,0.048381,-0.002712,0.016930,-0.042113,-0.049854,0.053563,0.021154,0.004840,0.057285,0.009480,0.066958,-0.044421,-0.038599,-0.013084,-0.049512,0.045404,-0.036114,0.115964,0.318057,-0.024761,0.074303,-0.015142,0.274411,-0.010419,-0.093923,-0.020313,1.000000,0.635801,0.116982,-0.005439,0.038836,0.091387,0.029690,0.000810,0.016230,0.014285,-0.019457,-0.077568,0.037629,-0.008243,0.023327,0.022026,-0.022868,0.002003,0.151610,-0.161355,-0.091156,0.006108,-0.008551
-0.034971,-0.070519,-0.004339,0.108180,-0.095690,0.016605,-0.061260,0.235360,-0.007797,0.019251,0.175831,0.169031,0.385269,0.159896,0.064599,-0.048158,0.013316,0.083647,0.053465,0.031133,0.062124,0.067205,-0.079325,-0.005918,0.109877,0.023224,0.035393,0.003510,0.071083,0.091137,-0.041937,0.012416,0.026030,-0.011485,0.035902,0.004054,0.119989,0.263842,-0.012382,0.147813,0.001304,0.431513,-0.003583,-0.032047,0.100314,0.635801,1.000000,0.283676,-0.075446,0.002826,0.025979,0.004307,0.013266,-0.090548,0.020311,0.065376,-0.053554,-0.028725,-0.028342,-0.049095,0.045215,0.035190,0.018381,0.124454,-0.091745,-0.047780,0.002562,0.019209
0.028842,0.003710,0.002955,0.001215,0.054332,0.087737,0.002746,0.355937,0.172036,0.246057,0.488929,0.037103,0.357430,0.476478,0.243318,0.031566,0.021046,0.035994,0.078199,0.199043,-0.017914,-0.083674,-0.062331,-0.142093,-0.029475,-0.037648,-0.002913,0.035743,0.077438,0.013874,0.014824,0.075353,0.024681,0.067181,-0.019943,0.039150,0.037137,0.022885,-0.101473,0.192849,-0.020762,0.378579,0.001294,0.081036,0.666210,0.116982,0.283676,1.000000,0.086385,0.079812,0.053386,-0.077618,-0.019612,0.140288,-0.025755,-0.019528,-0.046278,-0.133146,-0.006090,-0.047435,0.060463,0.017634,-0.044868,0.002818,0.022367,-0.021608,0.003719,-0.051630
-0.049135,-0.048493,-0.037926,-0.050767,0.050001,-0.011661,0.016137,-0.020825,0.083504,0.046606,0.067741,-0.071145,-0.100747,-0.126708,0.257136,-0.003666,0.033468,-0.070121,-0.051754,0.119024,0.004681,-0.031355,-0.029428,0.007915,0.014954,-0.053612,-0.029525,0.018967,0.067672,0.029698,0.020909,-0.039593,-0.017925,0.024071,-0.083203,-0.066427,0.064934,0.038569,-0.000951,0.137771,-0.069580,-0.009730,0.005602,-0.016915,-0.097592,-0.005439,-0.075446,0.086385,1.000000,0.062539,-0.004627,0.007601,-0.002398,0.683266,-0.040798,-0.055705,0.003844,-0.018923,0.030845,0.027045,-0.047283,-0.025140,0.039267,0.040454,0.002362,0.084649,-0.057171,-0.049811
-0.082369,0.021490,-0.106172,-0.066584,-0.044551,0.009987,0.012227,0.034134,0.029613,0.131412,0.140707,0.015223,0.020159,0.062336,0.059448,0.088146,-0.037684,0.099484,0.024253,0.082694,0.139770,0.142089,0.072484,-0.028727,0.054191,-0.020108,-0.055992,0.045118,-0.024865,-0.107799,-0.052263,-0.014972,-0.051833,-0.003380,0.020106,0.012876,-0.045585,-0.027815,-0.038615,0.158204,0.063008,0.019932,0.105701,0.186036,0.076104,0.038836,0.002826,0.079812,0.062539,1.000000,0.173115,0.109064,0.108031,0.112455,0.014539,-0.037457,0.049492,0.016887,-0.066224,-0.089833,0.085540,0.004321,0.033495,0.060512,0.038881,-0.052254,0.130496,0.013812
-0.098732,0.044085,-0.002071,-0.063617,0.056275,0.060484,0.097867,0.049572,0.103496,0.117973,0.048162,0.067445,0.057768,-0.010582,0.049255,0.071163,0.009694,0.064694,0.082538,-0.006962,-0.007970,0.023362,0.003638,-0.017079,-0.004469,-0.059834,-0.009416,0.005052,0.020382,-0.017290,-0.005332,0.036421,0.037043,0.009097,0.076172,0.007142,-0.030887,0.032834,0.012491,0.084049,0.024481,0.053691,0.026439,0.118034,0.064776,0.091387,0.025979,0.053386,-0.004627,0.173115,1.000000,0.040794,0.150571,-0.004701,0.068365,0.108689,0.125769,0.104687,-0.033587,0.042209,0.103617,0.055387,-0.000795,0.113462,-0.012904,-0.014466,0.005506,0.093429
-0.031088,0.011051,-0.126693,-0.022973,0.001790,-0.039823,-0.016609,-0.034659,-0.025871,0.035403,-0.023297,-0.068046,-0.051482,-0.041133,-0.002292,-0.000486,-0.077678,0.135342,-0.035937,0.079290,0.065435,0.108953,-0.026149,0.029786,0.081793,-0.020086,-0.053881,0.083751,-0.044963,-0.011628,0.144712,-0.022975,-0.112130,-0.039433,0.083269,0.049418,-0.021106,-0.052517,0.067951,0.039587,0.010860,-0.014585,0.079981,0.092254,0.034860,0.029690,0.004307,-0.077618,0.007601,0.109064,0.040794,1.000000,0.400503,0.043325,0.135193,0.174253,0.189424,0.098349,0.109060,-0.008690,0.024332,-0.084539,-0.011176,0.091501,-0.014132,-0.007589,0.053585,0.172582
0.052993,-0.062396,-0.007247,0.007853,-0.002779,0.006384,0.012707,0.009414,-0.053772,0.068206,0.101051,-0.019912,-0.000417,0.061787,-0.009262,0.099247,0.079361,0.071262,0.065640,-0.022925,0.112364,0.071369,0.001280,0.014345,0.001879,0.015053,-0.095399,0.013989,-0.033565,-0.037565,0.032550,-0.000115,-0.089516,-0.000401,0.158562,0.002148,-0.016229,0.002849,0.048236,0.006750,-0.020369,0.002253,0.100266,0.147973,0.034745,0.000810,0.013266,-0.019612,-0.002398,0.108031,0.150571,0.400503,1.000000,-0.011391,0.104272,0.107534,0.224680,0.048536,0.030530,0.024357,0.049280,0.032250,0.105143,0.209176,0.026872,0.059955,0.024760,0.127918
0.004782,0.068970,-0.022481,-0.099868,-0.024361,0.054928,0.034916,0.024418,0.082028,0.059990,0.041155,-0.076581,-0.065980,-0.088388,0.183044,-0.003829,0.011586,-0.003715,-0.015395,0.174384,-0.031898,-0.036488,-0.043480,0.011104,-0.033978,-0.075611,-0.075182,0.020693,-0.024969,0.018158,-0.003048,-0.023510,-0.046659,0.024955,-0.051701,-0.055716,0.116071,0.025173,-0.032727,0.109099,-0.081967,-0.038765,-0.006001,-0.005391,-0.054925,0.016230,-0.090548,0.140288,0.683266,0.112455,-0.004701,0.043325,-0.011391,1.000000,0.008452,-0.025982,0.056714,-0.024812,-0.015234,0.022048,-0.012566,0.018495,0.045101,0.033761,0.051499,0.027036,-0.005014,-0.037823
0.037196,0.049918,-0.068173,-0.044137,-0.024224,0.071119,0.053792,-0.042084,0.059149,0.055146,-0.053655,0.018918,-0.028684,-0.044888,0.016605,-0.011612,-0.017807,0.009305,-0.096356,0.083844,0.066926,0.087813,-0.039023,0.092651,0.005714,-0.053050,-0.035173,0.125205,-0.103860,-0.100360,0.037033,0.035896,0.011170,-0.047550,0.010177,0.002987,0.080317,-0.056182,-0.000545,0.025796,0.029051,-0.042534,0.011777,0.029291,-0.016988,0.014285,0.020311,-0.025755,-0.040798,0.014539,0.068365,0.135193,0.104272,0.008452,1.000000,0.742085,0.220021,0.190162,-0.008368,0.057714,-0.002060,-0.017271,0.043972,0.036374,-0.031353,0.009239,0.057873,0.101329
0.052565,0.053223,-0.085076,-0.010604,0.007476,0.112658,0.078327,0.075483,0.087385,0.094516,-0.043537,0.018178,0.089601,-0.015577,-0.005745,0.013893,0.045158,0.060457,-0.023926,0.054813,0.125214,0.191945,-0.075260,0.144984,0.003503,-0.068354,-0.072597,0.027129,-0.089153,-0.017095,0.040399,0.073370,0.046896,-0.020661,0.026597,0.022263,0.117071,-0.014869,0.046693,0.062503,0.023415,0.083167,0.039474,0.079328,-0.045668,-0.019457,0.065376,-0.019528,-0.055705,-0.037457,0.108689,0.174253,0.107534,-0.025982,0.742085,1.000000,0.270007,0.306463,0.055880,0.051473,-0.057163,0.012596,0.110575,0.063146,-0.002214,0.014943,0.031244,0.158730
0.039176,-0.098744,-0.043332,-0.028521,0.025099,0.050589,-0.005879,-0.032382,0.000191,0.077606,-0.007628,-0.029476,-0.024970,0.048515,-0.053772,0.064113,0.154817,0.042506,0.053488,0.041761,0.035134,0.060994,0.061618,0.002108,0.018763,-0.026216,0.001870,-0.010659,-0.031244,-0.056191,0.025796,0.044064,0.059955,-0.019930,0.102290,0.014463,0.012289,-0.120956,0.066556,0.064419,-0.055894,-0.105554,0.022559,0.053047,0.011560,-0.077568,-0.053554,-0.046278,0.003844,0.049492,0.125769,0.189424,0.224680,0.056714,0.220021,0.270007,1.000000,0.150972,0.066350,0.034817,-0.029299,-0.038311,0.075970,0.045845,-0.011903,0.023143,-0.004432,0.115290
0.052033,-0.003086,0.002621,-0.041841,-0.041745,-0.059167,0.075055,-0.066998,-0.024474,0.044691,-0.039859,0.043871,0.051982,-0.031994,-0.064767,0.035608,0.025942,-0.047226,-0.036216,0.011314,0.058214,0.071267,0.021263,0.028407,-0.035060,0.031687,0.066713,0.030795,-0.088293,-0.036142,0.002319,0.000809,0.062553,-0.012146,0.131042,0.102295,-0.018334,-0.061790,0.007726,-0.046934,-0.038322,-0.120834,-0.019064,0.023301,-0.096495,0.037629,-0.028725,-0.133146,-0.018923,0.016887,0.104687,0.098349,0.048536,-0.024812,0.190162,0.306463,0.150972,1.000000,0.084243,-0.057331,-0.042324,-0.014783,-0.017009,-0.015929,-0.006846,0.050338,-0.004325,0.103564
-0.025337,-0.019892,-0.050655,-0.035064,-0.016864,-0.082561,-0.014363,-0.038013,-0.070555,-0.014621,-0.021213,0.009772,0.032342,0.026533,0.097349,-0.036823,0.093821,-0.010996,0.076661,0.054613,0.018087,0.061074,-0.023598,0.075011,-0.032439,-0.026242,-0.000045,-0.007398,0.023439,0.052048,0.039454,-0.034429,-0.026403,0.007320,-0.025141,-0.020334,0.034503,-0.011686,-0.037154,0.049032,-0.016464,-0.034965,-0.021844,-0.035369,-0.070935,-0.008243,-0.028342,-0.006090,0.030845,-0.066224,-0.033587,0.109060,0.030530,-0.015234,-0.008368,0.055880,0.066350,0.084243,1.000000,0.044705,0.011459,0.045830,0.090258,-0.027327,0.018935,0.120441,-0.122209,-0.024794
0.000516,-0.027094,0.111651,0.019024,-0.147196,0.051443,0.027038,0.009775,0.100540,0.062377,-0.031982,-0.024441,-0.043359,0.029583,0.030001,-0.087546,-0.009520,0.043490,0.097569,0.049303,-0.057106,-0.093447,-0.027492,-0.048929,-0.014520,-0.089518,0.005076,0.068594,-0.015119,-0.024791,0.048091,-0.011555,0.033709,-0.077291,-0.046244,0.000298,-0.005130,0.022765,0.005203,-0.010821,0.013669,-0.033269,0.042663,0.000537,0.016320,0.023327,-0.049095,-0.047435,0.027045,-0.089833,0.042209,-0.008690,0.024357,0.022048,0.057714,0.051473,0.034817,-0.057331,0.044705,1.000000,0.401901,0.219497,0.069932,0.047718,-0.002564,0.002853,0.013763,0.025673
-0.041660,0.007171,0.023501,-0.014743,0.025312,0.083957,0.037853,0.042385,0.062742,0.041409,0.012347,0.054915,0.040824,0.051937,0.084221,-0.025230,-0.011483,-0.010970,0.060486,0.104572,-0.080438,-0.116755,-0.046972,-0.141721,0.007588,0.020917,0.079144,0.073866,0.042174,-0.056814,0.021648,-0.017799,0.025601,0.032099,0.004844,0.011967,-0.082010,-0.061025,-0.008463,-0.037760,0.069509,0.005532,0.034677,-0.010375,0.080237,0.022026,0.045215,0.060463,-0.047283,0.085540,0.103617,0.024332,0.049280,-0.012566,-0.002060,-0.057163,-0.029299,-0.042324,0.011459,0.401901,1.000000,0.478316,-0.024958,0.014237,-0.042325,0.026075,0.012139,-0.012783
0.062294,-0.035621,0.003696,0.050993,0.061116,0.120890,0.032589,0.071467,0.084341,-0.043336,-0.055451,0.128929,0.088933,-0.004425,0.090782,0.041207,0.070172,-0.019786,0.088462,0.081674,-0.121062,-0.065836,0.043341,-0.060109,-0.012507,0.032197,0.018604,0.048241,0.065006,-0.013347,-0.011740,0.028373,0.065932,0.115846,-0.059924,-0.005198,-0.040424,0.019727,0.085492,0.013629,0.074955,0.020088,-0.058253,-0.085747,-0.040178,-0.022868,0.035190,0.017634,-0.025140,0.004321,0.055387,-0.084539,0.032250,0.018495,-0.017271,0.012596,-0.038311,-0.014783,0.045830,0.219497,0.478316,1.000000,0.064781,0.032357,-0.013070,0.008727,0.135145,0.120276
