1.000000,0.076104,0.086887,0.067451,0.020648,0.038772,0.023835,-0.010752,-0.038990,-0.028825,0.062010,-0.003186,-0.016232,0.037851,-0.017367,0.065786,0.021301,0.017621,-0.028812,-0.023376,-0.109197,-0.064816,-0.046801,0.075643,-0.061357,-0.031514,0.053451,-0.061811,0.060175,0.032061,0.001338,-0.019603,-0.040373,0.056542,0.034996,-0.005896,-0.057133,-0.067486,0.030299,0.060126,-0.035638,0.112779,-0.028902,-0.049305,-0.029901,0.052616,0.005639,0.011870,0.027011,0.046972,-0.025364,0.019763,-0.042946,0.025879,0.058860,-0.059182,0.032229,-0.006566,0.008231,-0.015179,-0.034823,-0.018357,0.020976,-0.048359,0.004546,0.025458,0.034518,-0.026630
0.076104,1.000000,-0.011653,-0.002430,-0.010030,0.017790,-0.061168,-0.020918,0.048361,-0.042933,-0.040871,0.043413,-0.038418,0.019088,-0.007383,-0.032289,0.002678,0.017121,0.064545,-0.025908,0.031772,-0.056702,-0.059936,0.001788,-0.047230,0.015079,0.013097,0.042779,-0.042912,0.088321,-0.061401,0.099498,-0.054658,-0.019946,0.003427,-0.004721,-0.021480,0.038335,-0.091211,-0.039199,0.093093,-0.054980,0.024035,0.062962,-0.000770,-0.005729,0.030893,-0.082141,-0.017435,0.070967,0.006884,-0.026365,-0.039115,0.030664,0.026739,-0.131199,0.058031,0.019591,-0.030183,-0.076708,0.067698,0.008206,-0.030158,-0.017988,0.002289,0.049197,0.016077,0.044441
0.086887,-0.011653,1.000000,-0.025299,0.028295,-0.144654,-0.019805,0.143934,-0.007623,-0.062487,-0.056070,0.099436,0.063007,0.041359,-0.034493,-0.016106,-0.026200,0.000040,-0.088235,-0.040110,0.007256,0.011639,-0.068159,-0.070151,-0.052288,-0.067702,0.000853,0.007878,0.078950,0.124102,0.025809,-0.074345,0.002930,0.040037,-0.072034,0.064598,0.012170,-0.002149,-0.009430,-0.015094,-0.015917,0.043089,-0.027574,-0.106437,-0.004053,0.065849,0.012074,-0.029330,0.020206,0.048373,-0.004407,-0.012858,0.017028,-0.016064,0.050847,0.006333,-0.105475,-0.003720,0.034932,0.046526,0.011321,-0.015931,0.072936,-0.072484,0.051578,-0.005090,-0.056671,0.028384
0.067451,-0.002430,-0.025299,1.000000,0.106547,0.100451,0.085767,-0.103798,-0.030459,0.024479,-0.002048,0.023139,-0.023683,0.053143,-0.056270,-0.030495,0.105324,-0.040400,-0.001347,0.018862,0.110542,0.043932,-0.051552,0.077291,0.054808,0.023242,0.065265,0.004079,0.047280,0.026537,0.007165,-0.004576,0.077666,-0.054844,-0.007374,0.040681,0.024956,-0.067054,-0.071452,-0.024355,-0.012917,-0.027709,0.019783,0.051491,0.005481,0.008215,0.090723,-0.030974,-0.065592,-0.063989,-0.093277,-0.004173,0.028556,-0.121646,0.005338,0.052198,0.018839,0.004361,0.015186,0.007434,0.010910,0.010261,0.012296,0.077097,-0.045079,-0.076337,0.054080,-0.074601
0.020648,-0.010030,0.028295,0.106547,1.000000,-0.053069,-0.055197,0.034740,-0.007694,0.050785,0.101962,-0.022092,-0.002671,0.027776,0.079340,0.016102,-0.034702,-0.018782,0.036965,0.015237,0.001323,-0.045617,0.075109,0.028829,0.060116,0.017215,-0.053863,-0.028125,0.053450,-0.026356,-0.052586,-0.007962,0.041854,0.097544,-0.029895,-0.094212,0.035998,0.048617,-0.038727,0.035735,-0.049428,-0.018232,-0.082567,-0.001505,-0.010631,-0.023375,0.001394,-0.012757,-0.041714,0.049935,0.034054,-0.002181,0.111082,-0.089985,-0.036357,0.048857,-0.044786,-0.045613,-0.065931,0.051998,0.022985,-0.071227,0.060336,0.015834,-0.026678,-0.030695,0.050898,-0.033058
0.038772,0.017790,-0.144654,0.100451,-0.053069,1.000000,-0.013542,-0.003975,-0.023612,-0.053319,0.029645,-0.047301,0.012291,0.037424,-0.073732,-0.017380,0.031048,-0.033878,0.043264,0.029174,-0.006915,-0.005035,0.024029,0.003361,-0.007048,-0.006116,0.016978,0.054382,0.004463,0.064387,-0.044634,0.030551,0.029878,0.000569,-0.032323,-0.107930,-0.001331,0.040344,0.021939,-0.010292,-0.006794,-0.015685,-0.057121,0.049650,0.037276,-0.000814,0.028477,0.024576,0.039706,-0.079603,0.034332,0.040897,0.004177,0.108903,-0.027499,-0.061383,0.065704,0.068825,0.012460,0.000829,0.054263,0.035975,0.017396,0.016076,0.032850,0.066491,0.095520,-0.025381
0.023835,-0.061168,-0.019805,0.085767,-0.055197,-0.013542,1.000000,0.052047,0.012778,0.023428,-0.018160,-0.050227,0.046474,-0.001701,0.061012,0.039176,-0.043784,0.084405,-0.069956,0.023154,-0.018439,-0.011512,0.053335,0.047018,0.063541,-0.045823,0.103394,0.053355,-0.029105,0.055717,0.037242,-0.097646,0.077515,-0.011306,-0.040442,-0.030042,-0.006114,0.011190,0.045837,0.030470,0.037019,0.073730,0.014169,-0.016913,-0.088976,-0.066133,0.053756,-0.010043,-0.022145,-0.035821,-0.049097,-0.044682,-0.022535,-0.114169,-0.058758,0.032527,-0.090868,0.006889,-0.059338,-0.075079,-0.021162,0.097726,-0.061133,-0.020207,0.017646,0.004448,0.035287,-0.133972
-0.010752,-0.020918,0.143934,-0.103798,0.034740,-0.003975,0.052047,1.000000,0.013788,-0.003094,-0.045772,0.035954,0.054193,-0.015974,0.026588,-0.028221,0.034675,0.058327,-0.034251,-0.066773,-0.042203,-0.057972,0.000249,-0.069857,-0.009079,0.027006,-0.041267,0.024198,-0.019611,0.009314,0.003722,-0.049985,0.061841,0.013378,0.037209,0.056919,-0.046836,0.115704,0.165249,-0.089970,0.079038,0.242451,0.029803,-0.047458,0.019065,0.036302,-0.058444,0.003857,-0.001671,-0.010725,-0.043501,0.055034,-0.064270,0.047899,-0.022069,-0.041140,0.022166,-0.034324,0.002996,0.078727,0.017910,-0.040627,-0.002890,-0.006127,0.025068,0.025843,-0.094678,0.008739
-0.038990,0.048361,-0.007623,-0.030459,-0.007694,-0.023612,0.012778,0.013788,1.000000,0.029554,-0.010645,-0.017647,0.051609,0.047884,-0.021207,-0.042501,-0.121163,-0.007952,-0.042044,-0.075923,-0.036839,0.141213,-0.017661,-0.023190,0.030433,0.033561,-0.063403,-0.034027,-0.000576,0.070101,-0.062373,-0.054898,-0.033265,-0.052334,0.042857,-0.051050,-0.089647,-0.016744,-0.013391,0.005195,0.009751,-0.001755,0.047560,-0.008695,0.031989,0.008850,0.010372,-0.007923,0.072462,0.045263,-0.108821,0.024437,0.041332,0.000598,-0.021714,0.005400,0.107373,-0.009150,0.014187,0.053753,0.005608,-0.000923,-0.028254,0.093578,0.059338,-0.012037,0.156845,0.024047
-0.028825,-0.042933,-0.062487,0.024479,0.050785,-0.053319,0.023428,-0.003094,0.029554,1.000000,0.051740,0.026944,0.038825,0.041548,0.033046,0.085315,0.005392,0.012098,-0.018632,0.000815,0.050394,0.065921,-0.022597,0.044228,-0.015058,0.094334,-0.028432,-0.045729,-0.007185,-0.048110,0.057166,0.007035,0.012572,0.013957,0.026107,-0.011056,0.020852,-0.015213,0.022234,-0.012948,-0.018898,-0.006477,0.022381,0.028255,-0.044217,-0.060728,-0.006880,-0.068827,0.066447,-0.047497,-0.002796,-0.020176,-0.036191,0.000784,0.013430,-0.012953,0.054601,-0.055973,-0.084703,-0.027342,-0.087150,-0.114042,-0.059766,-0.060690,0.000402,0.020187,0.102661,0.008598
0.062010,-0.040871,-0.056070,-0.002048,0.101962,0.029645,-0.018160,-0.045772,-0.010645,0.051740,1.000000,-0.013521,0.019212,0.173067,-0.048950,0.105355,-0.023032,0.036374,0.053374,0.093726,-0.029406,0.008580,0.039000,-0.038571,-0.026176,0.076110,0.018510,-0.095750,0.048113,-0.049349,0.010153,-0.083037,-0.010162,0.028708,-0.007341,0.071462,-0.041405,0.013043,-0.071908,-0.025525,-0.068073,0.070179,0.002829,0.032509,0.045084,-0.068388,0.006013,0.039150,-0.045250,0.029690,-0.075063,0.037887,0.057005,0.067392,-0.033399,0.033242,-0.022491,0.070386,-0.003655,0.028893,-0.042932,-0.047161,-0.037909,-0.017920,0.068448,-0.050097,0.001188,0.029600
-0.003186,0.043413,0.099436,0.023139,-0.022092,-0.047301,-0.050227,0.035954,-0.017647,0.026944,-0.013521,1.000000,0.087383,-0.057519,0.062377,-0.048339,0.036080,-0.043703,0.014164,0.048455,0.005810,0.008743,0.115938,-0.063128,-0.039451,0.033286,0.014102,0.062679,0.048631,0.123201,0.093931,0.032239,0.018128,-0.104216,0.031714,0.131948,-0.053024,0.043564,0.144391,-0.022111,-0.034117,0.048358,0.039550,-0.016196,0.009026,-0.071001,-0.055890,0.016613,0.036919,0.057536,0.048971,0.095830,0.021764,-0.039830,0.068421,-0.034633,0.031770,0.044194,-0.027731,0.033934,0.051774,-0.045435,0.016819,-0.000125,0.036471,0.010523,-0.020034,0.075694
-0.016232,-0.038418,0.063007,-0.023683,-0.002671,0.012291,0.046474,0.054193,0.051609,0.038825,0.019212,0.087383,1.000000,0.008844,-0.006650,0.028634,-0.012300,0.068183,-0.034847,0.059956,0.028485,0.020636,-0.004915,0.024669,0.011494,-0.051709,0.020348,-0.048649,-0.019282,0.010461,0.085989,0.060286,-0.055138,-0.006823,0.073509,-0.057007,-0.002782,0.029301,0.098505,0.055307,0.066636,0.063574,0.059502,-0.074486,-0.107135,-0.057183,-0.009930,-0.062017,0.032723,0.061276,-0.030168,0.018173,-0.013270,0.057368,0.029656,0.022957,0.005496,-0.011482,0.014952,0.022341,-0.016958,0.058474,0.060724,0.023519,-0.006037,-0.016342,0.017014,-0.008146
0.037851,0.019088,0.041359,0.053143,0.027776,0.037424,-0.001701,-0.015974,0.047884,0.041548,0.173067,-0.057519,0.008844,1.000000,0.033682,-0.009252,0.003223,0.041415,0.098320,0.014554,-0.100323,-0.054256,-0.069204,0.048805,-0.093087,0.022937,-0.048270,-0.009194,0.060576,-0.019542,-0.031005,-0.061353,0.012954,-0.017910,0.017818,-0.079796,0.019886,0.005287,-0.021256,-0.045141,-0.073039,-0.006473,0.029156,0.070675,0.015420,-0.025827,0.021737,0.055846,0.042035,0.047693,-0.094927,-0.055246,0.078537,0.062462,0.019128,-0.007458,0.073174,0.028336,0.038346,-0.041359,0.023122,0.014808,0.031786,0.019893,0.128018,0.042641,-0.003299,0.028177
-0.017367,-0.007383,-0.034493,-0.056270,0.079340,-0.073732,0.061012,0.026588,-0.021207,0.033046,-0.048950,0.062377,-0.006650,0.033682,1.000000,0.078998,0.021364,0.066976,0.030161,-0.076745,0.077041,0.010796,0.101829,0.040639,0.065235,-0.057467,0.016406,-0.020824,0.012895,-0.027716,0.011982,0.078807,0.015925,-0.003635,-0.071281,-0.034638,-0.011559,0.012930,-0.036550,-0.109966,-0.030430,0.032635,0.067311,0.015252,0.006365,-0.043761,0.019735,0.109972,0.009652,0.032821,0.007453,0.015806,0.069905,-0.050759,0.080451,-0.039688,-0.048639,-0.016244,-0.020359,-0.031292,-0.050690,-0.058133,-0.024988,-0.042710,-0.028026,0.029295,-0.001561,-0.002090
0.065786,-0.032289,-0.016106,-0.030495,0.016102,-0.017380,0.039176,-0.028221,-0.042501,0.085315,0.105355,-0.048339,0.028634,-0.009252,0.078998,1.000000,-0.029944,-0.030490,0.006894,-0.059980,0.058671,0.121223,0.024513,-0.040025,-0.046665,0.100249,0.029473,-0.094658,-0.066726,0.042313,0.011415,0.079824,0.020710,0.041229,0.047518,0.026388,-0.090350,-0.050190,-0.001783,0.041452,-0.026651,-0.037393,-0.034405,-0.012423,-0.073858,0.022341,0.102077,0.006760,-0.041825,-0.060840,-0.032321,-0.037250,0.029054,-0.041740,-0.012098,-0.042037,0.030131,0.009368,-0.025618,0.058576,0.028675,-0.058893,-0.067003,-0.104344,0.021771,0.016344,0.000071,-0.018114
0.021301,0.002678,-0.026200,0.105324,-0.034702,0.031048,-0.043784,0.034675,-0.121163,0.005392,-0.023032,0.036080,-0.012300,0.003223,0.021364,-0.029944,1.000000,0.080415,0.018036,-0.033670,0.049180,0.023073,-0.031969,0.022772,0.025838,-0.072938,0.038181,-0.059778,-0.046683,-0.047749,0.003260,0.013175,0.107600,-0.112654,0.001211,0.013752,0.043991,-0.037249,0.048336,-0.023790,0.065460,-0.000836,-0.046168,0.017198,-0.012372,-0.030119,0.042046,0.068803,-0.023716,0.032312,0.092188,0.068842,0.031961,-0.088758,0.016551,0.062582,0.022936,0.075229,0.094716,0.030473,-0.006015,-0.022117,-0.031515,0.047382,0.076474,0.022631,0.051090,-0.051521
0.017621,0.017121,0.000040,-0.040400,-0.018782,-0.033878,0.084405,0.058327,-0.007952,0.012098,0.036374,-0.043703,0.068183,0.041415,0.066976,-0.030490,0.080415,1.000000,0.005912,0.026795,0.042966,-0.067408,0.048718,0.041231,-0.013785,-0.034001,-0.083640,0.011222,0.026611,0.085311,0.006770,0.116265,-0.017457,-0.046793,-0.011815,0.013861,-0.041331,0.057407,-0.042558,0.089268,0.101111,0.033446,-0.011188,-0.031659,0.000369,0.013946,0.043488,0.002759,-0.034974,0.032774,0.049374,0.118068,0.003678,-0.006817,-0.003416,-0.039865,-0.065367,-0.022752,-0.034865,-0.059732,0.006418,-0.004425,-0.064140,0.048277,-0.015601,-0.031973,0.056919,-0.119346
-0.028812,0.064545,-0.088235,-0.001347,0.036965,0.043264,-0.069956,-0.034251,-0.042044,-0.018632,0.053374,0.014164,-0.034847,0.098320,0.030161,0.006894,0.018036,0.005912,1.000000,0.033149,0.092118,0.028891,0.005925,-0.064132,0.011470,0.007052,-0.008689,0.073222,-0.049640,0.020932,-0.071877,-0.016163,-0.074529,0.018970,0.105223,-0.002021,0.043414,0.019257,-0.054173,-0.033665,-0.027070,0.003355,0.035215,0.125297,-0.020094,0.044859,0.027865,0.042343,0.026947,-0.001916,-0.067292,-0.011629,0.040290,0.006351,0.046711,0.008270,0.127220,0.038454,0.067980,-0.057162,0.066980,0.072049,-0.032148,0.115469,0.038246,-0.055098,-0.006008,0.029004
-0.023376,-0.025908,-0.040110,0.018862,0.015237,0.029174,0.023154,-0.066773,-0.075923,0.000815,0.093726,0.048455,0.059956,0.014554,-0.076745,-0.059980,-0.033670,0.026795,0.033149,1.000000,0.020935,-0.013289,0.128584,-0.003304,0.043213,-0.046173,0.081860,0.056516,0.009246,0.087627,-0.030228,0.048140,0.015586,-0.007333,0.042319,-0.066442,-0.093329,0.035984,-0.027232,0.032218,-0.089777,-0.022511,-0.084274,-0.067892,-0.036072,-0.015621,0.006633,-0.040254,-0.038118,0.091610,0.022080,-0.075363,-0.012955,-0.014323,0.066648,0.057027,-0.037372,0.024879,-0.066645,-0.036264,-0.017175,0.079307,-0.007784,0.044788,0.067004,-0.052843,0.016273,-0.129573
-0.109197,0.031772,0.007256,0.110542,0.001323,-0.006915,-0.018439,-0.042203,-0.036839,0.050394,-0.029406,0.005810,0.028485,-0.100323,0.077041,0.058671,0.049180,0.042966,0.092118,0.020935,1.000000,0.200243,-0.006648,0.031178,0.020232,-0.010118,0.057337,-0.041779,-0.033689,0.052347,-0.028914,0.035599,0.060425,-0.041358,-0.065924,-0.026752,0.017706,0.023343,0.021936,-0.011045,-0.010464,-0.062584,0.051876,0.056616,-0.029412,-0.007473,0.097498,-0.043462,0.033421,-0.045707,0.077272,-0.006416,-0.065738,-0.080707,0.043581,0.041458,-0.022678,0.017308,0.105814,0.082523,0.088556,-0.025569,-0.026192,-0.057288,0.073981,-0.052312,-0.015773,-0.058736
-0.064816,-0.056702,0.011639,0.043932,-0.045617,-0.005035,-0.011512,-0.057972,0.141213,0.065921,0.008580,0.008743,0.020636,-0.054256,0.010796,0.121223,0.023073,-0.067408,0.028891,-0.013289,0.200243,1.000000,0.039801,-0.063185,-0.082832,0.091409,0.053182,-0.009440,-0.039688,-0.061363,-0.007398,0.047549,0.023216,-0.005486,-0.031789,0.063286,0.067912,-0.065855,0.039776,0.056085,0.040582,-0.048020,0.065224,0.039621,-0.067978,-0.054158,0.042911,-0.024974,0.044090,-0.028767,0.072624,-0.016089,-0.016619,-0.006075,0.027349,0.028253,0.024597,-0.001184,0.063212,-0.009287,-0.043485,0.023396,-0.087279,0.103064,0.016043,-0.024767,-0.030320,0.091593
-0.046801,-0.059936,-0.068159,-0.051552,0.075109,0.024029,0.053335,0.000249,-0.017661,-0.022597,0.039000,0.115938,-0.004915,-0.069204,0.101829,0.024513,-0.031969,0.048718,0.005925,0.128584,-0.006648,0.039801,1.000000,-0.019276,0.004237,0.009500,0.052922,0.023946,-0.019773,0.050151,0.006540,0.013832,0.064850,-0.034909,0.045097,-0.041675,-0.038451,0.068243,0.033719,0.133272,-0.001222,-0.006531,0.002001,0.039010,0.014275,0.020164,0.044112,0.067896,-0.014066,-0.006407,0.123935,-0.098772,0.015760,-0.016231,-0.009283,0.012561,0.021696,0.007851,-0.057169,0.037463,0.000506,0.023741,0.037626,0.012495,0.028009,-0.028168,-0.019058,-0.022457
0.075643,0.001788,-0.070151,0.077291,0.028829,0.003361,0.047018,-0.069857,-0.023190,0.044228,-0.038571,-0.063128,0.024669,0.048805,0.040639,-0.040025,0.022772,0.041231,-0.064132,-0.003304,0.031178,-0.063185,-0.019276,1.000000,0.012886,0.003520,-0.049527,-0.018225,-0.078886,-0.156629,-0.063012,-0.060240,-0.038305,-0.055182,0.007782,-0.006141,0.065916,-0.037370,-0.024675,0.038632,-0.051349,-0.070995,0.062978,0.034043,-0.068539,-0.006487,-0.039723,-0.031858,-0.050189,0.008325,-0.014699,-0.029503,0.013446,-0.113050,0.047911,0.066513,-0.043252,-0.006023,0.003883,0.009703,-0.048141,-0.009175,-0.031774,-0.011609,-0.030204,0.043525,0.136320,-0.005074
-0.061357,-0.047230,-0.052288,0.054808,0.060116,-0.007048,0.063541,-0.009079,0.030433,-0.015058,-0.026176,-0.039451,0.011494,-0.093087,0.065235,-0.046665,0.025838,-0.013785,0.011470,0.043213,0.020232,-0.082832,0.004237,0.012886,1.000000,0.022604,-0.024772,0.037581,0.078357,0.003187,-0.035617,-0.017424,0.006743,-0.062883,-0.051318,0.037939,-0.093983,-0.013176,-0.040710,-0.049775,-0.077537,0.031288,0.018010,-0.003613,0.031336,-0.044690,0.052946,-0.019362,-0.006518,-0.016543,0.017787,0.028602,0.025663,-0.023304,0.016207,0.144505,0.031701,-0.026258,0.000775,0.028250,-0.081228,-0.017244,-0.007041,-0.019305,0.063417,0.068826,-0.021225,0.027507
-0.031514,0.015079,-0.067702,0.023242,0.017215,-0.006116,-0.045823,0.027006,0.033561,0.094334,0.076110,0.033286,-0.051709,0.022937,-0.057467,0.100249,-0.072938,-0.034001,0.007052,-0.046173,-0.010118,0.091409,0.009500,0.003520,0.022604,1.000000,-0.072325,0.017820,-0.061727,-0.035018,0.004865,0.017807,0.017659,-0.008960,-0.013484,-0.040052,0.037056,-0.036092,-0.011120,0.082959,0.004731,0.047344,0.034338,0.011715,-0.064697,-0.005470,-0.009768,-0.119701,-0.017980,-0.039431,0.011352,0.031313,-0.019845,0.013754,0.020251,-0.056148,0.050755,-0.002229,-0.032175,0.090242,-0.057162,-0.081197,0.049370,-0.053526,0.002540,0.021212,0.018635,0.041554
0.053451,0.013097,0.000853,0.065265,-0.053863,0.016978,0.103394,-0.041267,-0.063403,-0.028432,0.018510,0.014102,0.020348,-0.048270,0.016406,0.029473,0.038181,-0.083640,-0.008689,0.081860,0.057337,0.053182,0.052922,-0.049527,-0.024772,-0.072325,1.000000,-0.074030,-0.038297,-0.026730,0.032341,-0.035098,0.051500,-0.031023,0.015140,0.036879,-0.014455,0.038337,0.034471,0.042198,-0.048320,0.011454,-0.000439,-0.026956,0.065721,0.020188,-0.043381,0.063770,0.024003,0.010222,0.009302,-0.006139,-0.019743,0.004208,0.054285,0.014827,0.048038,0.085280,-0.001421,0.006305,0.000989,-0.025200,-0.012130,0.004975,0.035280,0.094580,0.030544,-0.072617
-0.061811,0.042779,0.007878,0.004079,-0.028125,0.054382,0.053355,0.024198,-0.034027,-0.045729,-0.095750,0.062679,-0.048649,-0.009194,-0.020824,-0.094658,-0.059778,0.011222,0.073222,0.056516,-0.041779,-0.009440,0.023946,-0.018225,0.037581,0.017820,-0.074030,1.000000,-0.058504,0.009173,0.008486,0.067307,-0.024576,-0.063914,-0.016164,0.033407,-0.019562,0.056904,-0.008960,0.028826,-0.038253,0.007822,0.048418,-0.002397,0.059733,0.058689,0.055156,0.033910,0.039305,-0.102201,0.000608,0.044774,-0.082363,-0.063691,0.062497,0.012060,-0.119271,0.005192,-0.021768,0.024146,-0.020531,0.065301,0.022329,0.036482,-0.029191,0.019045,-0.010968,0.041472
0.060175,-0.042912,0.078950,0.047280,0.053450,0.004463,-0.029105,-0.019611,-0.000576,-0.007185,0.048113,0.048631,-0.019282,0.060576,0.012895,-0.066726,-0.046683,0.026611,-0.049640,0.009246,-0.033689,-0.039688,-0.019773,-0.078886,0.078357,-0.061727,-0.038297,-0.058504,1.000000,0.010667,-0.039908,0.044847,-0.031602,0.035404,-0.022703,0.046488,-0.021475,-0.037934,0.005055,-0.010821,0.009235,-0.061665,-0.035467,0.067827,0.053068,-0.002134,0.009130,-0.026590,-0.021495,0.119738,0.035022,0.046757,0.011762,0.049969,-0.013437,-0.071445,-0.018199,-0.001558,0.075480,-0.045123,0.094021,0.063542,-0.021466,-0.006315,-0.007250,-0.007000,0.008537,0.065030
0.032061,0.088321,0.124102,0.026537,-0.026356,0.064387,0.055717,0.009314,0.070101,-0.048110,-0.049349,0.123201,0.010461,-0.019542,-0.027716,0.042313,-0.047749,0.085311,0.020932,0.087627,0.052347,-0.061363,0.050151,-0.156629,0.003187,-0.035018,-0.026730,0.009173,0.010667,1.000000,-0.000632,-0.026509,-0.074522,0.010804,0.074320,-0.086354,-0.068151,0.009732,0.014716,0.021311,-0.031132,-0.000463,0.010555,0.012858,-0.020486,0.089367,0.025445,-0.067881,-0.057829,0.036805,-0.017776,0.051973,-0.013089,0.006190,0.143628,-0.061485,0.040235,-0.029622,-0.045335,-0.021045,0.055276,0.027619,0.005287,-0.038333,0.115266,0.004934,-0.011484,-0.115049
0.001338,-0.061401,0.025809,0.007165,-0.052586,-0.044634,0.037242,0.003722,-0.062373,0.057166,0.010153,0.093931,0.085989,-0.031005,0.011982,0.011415,0.003260,0.006770,-0.071877,-0.030228,-0.028914,-0.007398,0.006540,-0.063012,-0.035617,0.004865,0.032341,0.008486,-0.039908,-0.000632,1.000000,-0.009734,0.017158,0.028737,0.097127,0.062673,-0.067617,0.094619,0.005835,-0.024753,0.041938,0.089999,-0.020242,-0.127096,-0.037901,0.011231,-0.110470,-0.040240,-0.001240,0.028470,-0.027292,0.052947,0.017916,0.087448,0.059970,0.047070,-0.063327,-0.024792,-0.071718,-0.030798,0.047478,0.022500,-0.071394,-0.010420,-0.004827,-0.033712,-0.007085,-0.048569
-0.019603,0.099498,-0.074345,-0.004576,-0.007962,0.030551,-0.097646,-0.049985,-0.054898,0.007035,-0.083037,0.032239,0.060286,-0.061353,0.078807,0.079824,0.013175,0.116265,-0.016163,0.048140,0.035599,0.047549,0.013832,-0.060240,-0.017424,0.017807,-0.035098,0.067307,0.044847,-0.026509,-0.009734,1.000000,-0.033655,0.040141,0.047931,0.080375,0.064343,0.015704,-0.063783,0.063798,0.047046,-0.018627,0.062507,0.011802,0.018091,0.005279,0.016855,0.058235,-0.031068,-0.038359,0.093967,-0.024184,0.013332,-0.019116,0.085258,-0.081180,-0.041353,0.018354,-0.045917,0.065652,0.073541,-0.000408,-0.078149,0.021673,-0.089895,-0.020492,-0.008007,0.067205
-0.040373,-0.054658,0.002930,0.077666,0.041854,0.029878,0.077515,0.061841,-0.033265,0.012572,-0.010162,0.018128,-0.055138,0.012954,0.015925,0.020710,0.107600,-0.017457,-0.074529,0.015586,0.060425,0.023216,0.064850,-0.038305,0.006743,0.017659,0.051500,-0.024576,-0.031602,-0.074522,0.017158,-0.033655,1.000000,0.009549,-0.055014,0.017741,0.075277,0.026514,0.050910,-0.032322,0.077065,-0.029696,-0.060631,-0.012928,0.059064,0.045491,0.080240,0.007623,0.063067,0.002718,-0.034029,-0.037761,0.016887,-0.057835,0.049455,0.059212,0.017875,0.109382,0.062256,-0.024091,0.069634,0.036854,-0.026256,0.039525,0.004739,-0.005367,0.105275,0.019036
0.056542,-0.019946,0.040037,-0.054844,0.097544,0.000569,-0.011306,0.013378,-0.052334,0.013957,0.028708,-0.104216,-0.006823,-0.017910,-0.003635,0.041229,-0.112654,-0.046793,0.018970,-0.007333,-0.041358,-0.005486,-0.034909,-0.055182,-0.062883,-0.008960,-0.031023,-0.063914,0.035404,0.010804,0.028737,0.040141,0.009549,1.000000,0.023874,-0.006241,0.064664,0.011321,0.022980,-0.017296,-0.014964,0.029203,-0.082448,-0.078249,-0.010525,-0.046498,-0.053448,-0.069769,-0.132854,-0.053271,-0.051149,0.041267,0.044766,0.005679,0.003802,0.026882,0.001341,-0.140571,0.002277,-0.018895,0.043672,0.018251,0.060155,0.000739,-0.059324,0.003236,0.034884,0.053214
0.034996,0.003427,-0.072034,-0.007374,-0.029895,-0.032323,-0.040442,0.037209,0.042857,0.026107,-0.007341,0.031714,0.073509,0.017818,-0.071281,0.047518,0.001211,-0.011815,0.105223,0.042319,-0.065924,-0.031789,0.045097,0.007782,-0.051318,-0.013484,0.015140,-0.016164,-0.022703,0.074320,0.097127,0.047931,-0.055014,0.023874,1.000000,0.028501,-0.054650,-0.019523,0.056135,0.038785,-0.014454,0.078066,0.011537,-0.024412,0.034335,0.002881,-0.033372,-0.008172,-0.003826,0.055610,-0.080935,-0.018592,-0.034957,0.165294,0.081238,0.049780,0.055033,-0.032083,0.064441,-0.019947,0.077904,0.046724,-0.041791,-0.001492,0.006625,-0.070401,0.093553,-0.107957
-0.005896,-0.004721,0.064598,0.040681,-0.094212,-0.107930,-0.030042,0.056919,-0.051050,-0.011056,0.071462,0.131948,-0.057007,-0.079796,-0.034638,0.026388,0.013752,0.013861,-0.002021,-0.066442,-0.026752,0.063286,-0.041675,-0.006141,0.037939,-0.040052,0.036879,0.033407,0.046488,-0.086354,0.062673,0.080375,0.017741,-0.006241,0.028501,1.000000,0.000220,-0.050227,0.032888,-0.084267,0.016001,0.029397,0.011070,-0.018249,0.065904,0.009338,-0.039209,-0.015877,-0.033548,0.042747,-0.007001,-0.010846,-0.014144,0.045953,0.058241,0.047962,-0.054266,-0.060425,0.024758,-0.046997,0.018529,0.007208,-0.085131,0.015628,0.041150,-0.024132,-0.055862,0.027432
-0.057133,-0.021480,0.012170,0.024956,0.035998,-0.001331,-0.006114,-0.046836,-0.089647,0.020852,-0.041405,-0.053024,-0.002782,0.019886,-0.011559,-0.090350,0.043991,-0.041331,0.043414,-0.093329,0.017706,0.067912,-0.038451,0.065916,-0.093983,0.037056,-0.014455,-0.019562,-0.021475,-0.068151,-0.067617,0.064343,0.075277,0.064664,-0.054650,0.000220,1.000000,0.036920,-0.106501,0.029445,0.032567,-0.093940,-0.015624,0.134936,-0.036889,-0.039045,0.008962,-0.020125,-0.051767,-0.000215,-0.015703,0.002869,0.062718,-0.116338,0.114069,0.024611,-0.050630,0.037316,-0.044524,-0.063858,-0.011383,-0.044427,0.035288,0.007707,-0.059141,-0.054326,0.079574,0.020567
-0.067486,0.038335,-0.002149,-0.067054,0.048617,0.040344,0.011190,0.115704,-0.016744,-0.015213,0.013043,0.043564,0.029301,0.005287,0.012930,-0.050190,-0.037249,0.057407,0.019257,0.035984,0.023343,-0.065855,0.068243,-0.037370,-0.013176,-0.036092,0.038337,0.056904,-0.037934,0.009732,0.094619,0.015704,0.026514,0.011321,-0.019523,-0.050227,0.036920,1.000000,0.031033,-0.059735,-0.004466,0.030293,0.041477,0.016133,0.104439,-0.025433,0.038947,-0.036840,0.087879,-0.035788,0.004460,-0.053354,-0.049819,-0.002354,0.003557,-0.030930,0.030276,-0.043422,-0.037707,-0.001757,0.083626,0.009134,0.002376,0.085699,0.007749,-0.008420,-0.064798,0.008799
0.030299,-0.091211,-0.009430,-0.071452,-0.038727,0.021939,0.045837,0.165249,-0.013391,0.022234,-0.071908,0.144391,0.098505,-0.021256,-0.036550,-0.001783,0.048336,-0.042558,-0.054173,-0.027232,0.021936,0.039776,0.033719,-0.024675,-0.040710,-0.011120,0.034471,-0.008960,0.005055,0.014716,0.005835,-0.063783,0.050910,0.022980,0.056135,0.032888,-0.106501,0.031033,1.000000,0.054092,-0.043290,0.137253,-0.042921,-0.048909,0.056946,-0.025260,-0.071655,0.033285,0.004328,-0.059692,-0.013621,-0.002749,-0.100504,0.021005,-0.021032,0.025778,-0.008115,0.011543,0.093535,0.091301,0.019727,-0.010058,-0.047529,-0.009651,-0.036335,0.022208,-0.044729,0.041669
0.060126,-0.039199,-0.015094,-0.024355,0.035735,-0.010292,0.030470,-0.089970,0.005195,-0.012948,-0.025525,-0.022111,0.055307,-0.045141,-0.109966,0.041452,-0.023790,0.089268,-0.033665,0.032218,-0.011045,0.056085,0.133272,0.038632,-0.049775,0.082959,0.042198,0.028826,-0.010821,0.021311,-0.024753,0.063798,-0.032322,-0.017296,0.038785,-0.084267,0.029445,-0.059735,0.054092,1.000000,0.010940,0.038977,-0.017364,-0.011578,0.002608,0.041724,-0.006766,0.023785,-0.035417,0.007192,0.065462,0.056651,-0.048779,-0.043331,0.046502,0.022809,-0.060836,-0.021917,0.105745,0.051680,-0.001295,-0.005287,0.058212,-0.018182,-0.056036,-0.009770,0.052673,-0.029425
-0.035638,0.093093,-0.015917,-0.012917,-0.049428,-0.006794,0.037019,0.079038,0.009751,-0.018898,-0.068073,-0.034117,0.066636,-0.073039,-0.030430,-0.026651,0.065460,0.101111,-0.027070,-0.089777,-0.010464,0.040582,-0.001222,-0.051349,-0.077537,0.004731,-0.048320,-0.038253,0.009235,-0.031132,0.041938,0.047046,0.077065,-0.014964,-0.014454,0.016001,0.032567,-0.004466,-0.043290,0.010940,1.000000,-0.049992,-0.100398,-0.028171,-0.045656,-0.006213,-0.099547,-0.122336,-0.082149,0.021824,0.067885,0.098909,0.015561,0.007482,-0.031438,0.036287,-0.029576,0.002005,-0.006411,-0.063484,-0.013056,0.016123,0.050108,0.085984,-0.073520,-0.020779,0.048636,-0.002220
0.112779,-0.054980,0.043089,-0.027709,-0.018232,-0.015685,0.073730,0.242451,-0.001755,-0.006477,0.070179,0.048358,0.063574,-0.006473,0.032635,-0.037393,-0.000836,0.033446,0.003355,-0.022511,-0.062584,-0.048020,-0.006531,-0.070995,0.031288,0.047344,0.011454,0.007822,-0.061665,-0.000463,0.089999,-0.018627,-0.029696,0.029203,0.078066,0.029397,-0.093940,0.030293,0.137253,0.038977,-0.049992,1.000000,-0.061351,-0.051682,0.011150,-0.040500,-0.051787,0.080154,-0.042582,0.022717,-0.092231,0.040727,-0.109654,-0.007395,0.033918,0.033961,0.024491,0.021198,0.003289,0.057044,-0.002041,0.060460,0.078957,0.055482,-0.030440,0.005773,0.023147,0.026947
-0.028902,0.024035,-0.027574,0.019783,-0.082567,-0.057121,0.014169,0.029803,0.047560,0.022381,0.002829,0.039550,0.059502,0.029156,0.067311,-0.034405,-0.046168,-0.011188,0.035215,-0.084274,0.051876,0.065224,0.002001,0.062978,0.018010,0.034338,-0.000439,0.048418,-0.035467,0.010555,-0.020242,0.062507,-0.060631,-0.082448,0.011537,0.011070,-0.015624,0.041477,-0.042921,-0.017364,-0.100398,-0.061351,1.000000,0.063539,0.077177,0.020953,0.028051,0.070159,0.084784,-0.058648,-0.029127,-0.029689,-0.013082,0.016565,0.100666,-0.038935,0.051818,-0.068658,0.004828,0.017477,0.029092,0.024234,0.000707,-0.013814,0.058259,0.050133,0.029638,0.032060
-0.049305,0.062962,-0.106437,0.051491,-0.001505,0.049650,-0.016913,-0.047458,-0.008695,0.028255,0.032509,-0.016196,-0.074486,0.070675,0.015252,-0.012423,0.017198,-0.031659,0.125297,-0.067892,0.056616,0.039621,0.039010,0.034043,-0.003613,0.011715,-0.026956,-0.002397,0.067827,0.012858,-0.127096,0.011802,-0.012928,-0.078249,-0.024412,-0.018249,0.134936,0.016133,-0.048909,-0.011578,-0.028171,-0.051682,0.063539,1.000000,-0.003918,-0.004389,0.026829,-0.004662,0.060203,0.034177,0.022763,0.040771,0.001641,-0.129866,0.035840,-0.103262,-0.032689,0.001005,-0.009756,0.016180,0.051038,0.018781,-0.007451,0.012241,-0.045110,0.021848,0.015858,-0.040116
-0.029901,-0.000770,-0.004053,0.005481,-0.010631,0.037276,-0.088976,0.019065,0.031989,-0.044217,0.045084,0.009026,-0.107135,0.015420,0.006365,-0.073858,-0.012372,0.000369,-0.020094,-0.036072,-0.029412,-0.067978,0.014275,-0.068539,0.031336,-0.064697,0.065721,0.059733,0.053068,-0.020486,-0.037901,0.018091,0.059064,-0.010525,0.034335,0.065904,-0.036889,0.104439,0.056946,0.002608,-0.045656,0.011150,0.077177,-0.003918,1.000000,-0.035912,0.051746,0.260773,0.013892,-0.101923,-0.071589,-0.063519,-0.052290,0.081096,0.046612,0.088678,-0.036081,-0.062117,0.011789,0.016160,0.029864,-0.018544,0.044819,0.092178,-0.018376,-0.003522,0.000807,0.074056
0.052616,-0.005729,0.065849,0.008215,-0.023375,-0.000814,-0.066133,0.036302,0.008850,-0.060728,-0.068388,-0.071001,-0.057183,-0.025827,-0.043761,0.022341,-0.030119,0.013946,0.044859,-0.015621,-0.007473,-0.054158,0.020164,-0.006487,-0.044690,-0.005470,0.020188,0.058689,-0.002134,0.089367,0.011231,0.005279,0.045491,-0.046498,0.002881,0.009338,-0.039045,-0.025433,-0.025260,0.041724,-0.006213,-0.040500,0.020953,-0.004389,-0.035912,1.000000,0.049824,-0.064516,-0.008616,0.044829,-0.068336,-0.038094,0.003785,0.005725,0.051878,-0.073955,-0.062253,-0.003580,0.097130,-0.092635,-0.041313,0.027702,0.038105,0.010494,0.012631,0.022938,-0.084852,-0.077315
0.005639,0.030893,0.012074,0.090723,0.001394,0.028477,0.053756,-0.058444,0.010372,-0.006880,0.006013,-0.055890,-0.009930,0.021737,0.019735,0.102077,0.042046,0.043488,0.027865,0.006633,0.097498,0.042911,0.044112,-0.039723,0.052946,-0.009768,-0.043381,0.055156,0.009130,0.025445,-0.110470,0.016855,0.080240,-0.053448,-0.033372,-0.039209,0.008962,0.038947,-0.071655,-0.006766,-0.099547,-0.051787,0.028051,0.026829,0.051746,0.049824,1.000000,0.009444,0.050893,-0.147050,0.052918,-0.036451,-0.024093,-0.011933,-0.041059,-0.071438,-0.053911,0.010632,0.025390,0.062855,0.009461,0.010214,0.000579,-0.054543,-0.015225,0.044680,0.027412,-0.012255
0.011870,-0.082141,-0.029330,-0.030974,-0.012757,0.024576,-0.010043,0.003857,-0.007923,-0.068827,0.039150,0.016613,-0.062017,0.055846,0.109972,0.006760,0.068803,0.002759,0.042343,-0.040254,-0.043462,-0.024974,0.067896,-0.031858,-0.019362,-0.119701,0.063770,0.033910,-0.026590,-0.067881,-0.040240,0.058235,0.007623,-0.069769,-0.008172,-0.015877,-0.020125,-0.036840,0.033285,0.023785,-0.122336,0.080154,0.070159,-0.004662,0.260773,-0.064516,0.009444,1.000000,0.073035,0.009058,-0.051884,0.019876,-0.006430,0.046406,-0.016038,-0.040052,0.020311,0.032950,0.031732,-0.000038,-0.049952,-0.056613,0.029607,0.032571,0.032175,0.014395,-0.005761,0.075352
0.027011,-0.017435,0.020206,-0.065592,-0.041714,0.039706,-0.022145,-0.001671,0.072462,0.066447,-0.045250,0.036919,0.032723,0.042035,0.009652,-0.041825,-0.023716,-0.034974,0.026947,-0.038118,0.033421,0.044090,-0.014066,-0.050189,-0.006518,-0.017980,0.024003,0.039305,-0.021495,-0.057829,-0.001240,-0.031068,0.063067,-0.132854,-0.003826,-0.033548,-0.051767,0.087879,0.004328,-0.035417,-0.082149,-0.042582,0.084784,0.060203,0.013892,-0.008616,0.050893,0.073035,1.000000,0.026108,-0.006676,-0.025710,-0.029754,0.132663,-0.049379,-0.110128,-0.043327,0.050236,0.034846,-0.036509,0.031104,-0.062590,-0.067991,0.030659,0.066488,0.037603,-0.006150,0.058306
0.046972,0.070967,0.048373,-0.063989,0.049935,-0.079603,-0.035821,-0.010725,0.045263,-0.047497,0.029690,0.057536,0.061276,0.047693,0.032821,-0.060840,0.032312,0.032774,-0.001916,0.091610,-0.045707,-0.028767,-0.006407,0.008325,-0.016543,-0.039431,0.010222,-0.102201,0.119738,0.036805,0.028470,-0.038359,0.002718,-0.053271,0.055610,0.042747,-0.000215,-0.035788,-0.059692,0.007192,0.021824,0.022717,-0.058648,0.034177,-0.101923,0.044829,-0.147050,0.009058,0.026108,1.000000,0.022000,0.067516,0.005141,0.035372,0.030341,0.020277,-0.033470,-0.038533,0.028401,-0.011765,0.037591,0.014423,0.008817,0.021075,0.034775,-0.107575,-0.011458,0.004862
-0.025364,0.006884,-0.004407,-0.093277,0.034054,0.034332,-0.049097,-0.043501,-0.108821,-0.002796,-0.075063,0.048971,-0.030168,-0.094927,0.007453,-0.032321,0.092188,0.049374,-0.067292,0.022080,0.077272,0.072624,0.123935,-0.014699,0.017787,0.011352,0.009302,0.000608,0.035022,-0.017776,-0.027292,0.093967,-0.034029,-0.051149,-0.080935,-0.007001,-0.015703,0.004460,-0.013621,0.065462,0.067885,-0.092231,-0.029127,0.022763,-0.071589,-0.068336,0.052918,-0.051884,-0.006676,0.022000,1.000000,0.022500,0.034736,-0.062439,-0.054071,0.025353,-0.003415,0.016207,-0.014166,0.036938,-0.075955,0.077119,-0.019384,-0.027485,0.003806,0.083634,0.014434,0.106778
0.019763,-0.026365,-0.012858,-0.004173,-0.002181,0.040897,-0.044682,0.055034,0.024437,-0.020176,0.037887,0.095830,0.018173,-0.055246,0.015806,-0.037250,0.068842,0.118068,-0.011629,-0.075363,-0.006416,-0.016089,-0.098772,-0.029503,0.028602,0.031313,-0.006139,0.044774,0.046757,0.051973,0.052947,-0.024184,-0.037761,0.041267,-0.018592,-0.010846,0.002869,-0.053354,-0.002749,0.056651,0.098909,0.040727,-0.029689,0.040771,-0.063519,-0.038094,-0.036451,0.019876,-0.025710,0.067516,0.022500,1.000000,0.070686,0.025644,-0.005813,0.053004,-0.038660,0.012877,-0.040075,0.025261,0.022396,0.023202,-0.037854,0.004681,-0.006609,-0.112516,-0.004567,0.013474
-0.042946,-0.039115,0.017028,0.028556,0.111082,0.004177,-0.022535,-0.064270,0.041332,-0.036191,0.057005,0.021764,-0.013270,0.078537,0.069905,0.029054,0.031961,0.003678,0.040290,-0.012955,-0.065738,-0.016619,0.015760,0.013446,0.025663,-0.019845,-0.019743,-0.082363,0.011762,-0.013089,0.017916,0.013332,0.016887,0.044766,-0.034957,-0.014144,0.062718,-0.049819,-0.100504,-0.048779,0.015561,-0.109654,-0.013082,0.001641,-0.052290,0.003785,-0.024093,-0.006430,-0.029754,0.005141,0.034736,0.070686,1.000000,-0.005884,-0.028328,-0.024546,-0.026108,-0.009812,-0.080753,0.034155,-0.006144,-0.027683,-0.011078,0.080065,-0.014179,-0.013284,0.025205,0.008012
0.025879,0.030664,-0.016064,-0.121646,-0.089985,0.108903,-0.114169,0.047899,0.000598,0.000784,0.067392,-0.039830,0.057368,0.062462,-0.050759,-0.041740,-0.088758,-0.006817,0.006351,-0.014323,-0.080707,-0.006075,-0.016231,-0.113050,-0.023304,0.013754,0.004208,-0.063691,0.049969,0.006190,0.087448,-0.019116,-0.057835,0.005679,0.165294,0.045953,-0.116338,-0.002354,0.021005,-0.043331,0.007482,-0.007395,0.016565,-0.129866,0.081096,0.005725,-0.011933,0.046406,0.132663,0.035372,-0.062439,0.025644,-0.005884,1.000000,-0.067252,-0.032795,0.009568,-0.006585,0.092801,-0.060683,0.030616,0.045433,0.036026,-0.056330,0.022797,0.002348,-0.066184,0.022528
0.058860,0.026739,0.050847,0.005338,-0.036357,-0.027499,-0.058758,-0.022069,-0.021714,0.013430,-0.033399,0.068421,0.029656,0.019128,0.080451,-0.012098,0.016551,-0.003416,0.046711,0.066648,0.043581,0.027349,-0.009283,0.047911,0.016207,0.020251,0.054285,0.062497,-0.013437,0.143628,0.059970,0.085258,0.049455,0.003802,0.081238,0.058241,0.114069,0.003557,-0.021032,0.046502,-0.031438,0.033918,0.100666,0.035840,0.046612,0.051878,-0.041059,-0.016038,-0.049379,0.030341,-0.054071,-0.005813,-0.028328,-0.067252,1.000000,-0.009380,-0.012648,0.002291,0.019894,0.024123,0.060484,0.026529,0.019447,0.053247,-0.023402,0.006362,0.082872,-0.044139
-0.059182,-0.131199,0.006333,0.052198,0.048857,-0.061383,0.032527,-0.041140,0.005400,-0.012953,0.033242,-0.034633,0.022957,-0.007458,-0.039688,-0.042037,0.062582,-0.039865,0.008270,0.057027,0.041458,0.028253,0.012561,0.066513,0.144505,-0.056148,0.014827,0.012060,-0.071445,-0.061485,0.047070,-0.081180,0.059212,0.026882,0.049780,0.047962,0.024611,-0.030930,0.025778,0.022809,0.036287,0.033961,-0.038935,-0.103262,0.088678,-0.073955,-0.071438,-0.040052,-0.110128,0.020277,0.025353,0.053004,-0.024546,-0.032795,-0.009380,1.000000,-0.054261,0.036583,0.027423,-0.070496,-0.053785,0.077782,0.047199,0.050970,0.062855,-0.042752,0.014755,-0.024979
0.032229,0.058031,-0.105475,0.018839,-0.044786,0.065704,-0.090868,0.022166,0.107373,0.054601,-0.022491,0.031770,0.005496,0.073174,-0.048639,0.030131,0.022936,-0.065367,0.127220,-0.037372,-0.022678,0.024597,0.021696,-0.043252,0.031701,0.050755,0.048038,-0.119271,-0.018199,0.040235,-0.063327,-0.041353,0.017875,0.001341,0.055033,-0.054266,-0.050630,0.030276,-0.008115,-0.060836,-0.029576,0.024491,0.051818,-0.032689,-0.036081,-0.062253,-0.053911,0.020311,-0.043327,-0.033470,-0.003415,-0.038660,-0.026108,0.009568,-0.012648,-0.054261,1.000000,0.024027,0.040777,-0.027226,0.069643,-0.007641,-0.023343,0.033494,0.022369,0.024406,0.061491,0.062211
-0.006566,0.019591,-0.003720,0.004361,-0.045613,0.068825,0.006889,-0.034324,-0.009150,-0.055973,0.070386,0.044194,-0.011482,0.028336,-0.016244,0.009368,0.075229,-0.022752,0.038454,0.024879,0.017308,-0.001184,0.007851,-0.006023,-0.026258,-0.002229,0.085280,0.005192,-0.001558,-0.029622,-0.024792,0.018354,0.109382,-0.140571,-0.032083,-0.060425,0.037316,-0.043422,0.011543,-0.021917,0.002005,0.021198,-0.068658,0.001005,-0.062117,-0.003580,0.010632,0.032950,0.050236,-0.038533,0.016207,0.012877,-0.009812,-0.006585,0.002291,0.036583,0.024027,1.000000,0.037737,-0.067103,0.000653,0.001237,0.012832,0.056144,0.021900,0.058039,0.041693,0.024563
0.008231,-0.030183,0.034932,0.015186,-0.065931,0.012460,-0.059338,0.002996,0.014187,-0.084703,-0.003655,-0.027731,0.014952,0.038346,-0.020359,-0.025618,0.094716,-0.034865,0.067980,-0.066645,0.105814,0.063212,-0.057169,0.003883,0.000775,-0.032175,-0.001421,-0.021768,0.075480,-0.045335,-0.071718,-0.045917,0.062256,0.002277,0.064441,0.024758,-0.044524,-0.037707,0.093535,0.105745,-0.006411,0.003289,0.004828,-0.009756,0.011789,0.097130,0.025390,0.031732,0.034846,0.028401,-0.014166,-0.040075,-0.080753,0.092801,0.019894,0.027423,0.040777,0.037737,1.000000,-0.022053,0.049545,-0.047871,0.087454,0.109482,-0.042219,0.009283,-0.122026,-0.029742
-0.015179,-0.076708,0.046526,0.007434,0.051998,0.000829,-0.075079,0.078727,0.053753,-0.027342,0.028893,0.033934,0.022341,-0.041359,-0.031292,0.058576,0.030473,-0.059732,-0.057162,-0.036264,0.082523,-0.009287,0.037463,0.009703,0.028250,0.090242,0.006305,0.024146,-0.045123,-0.021045,-0.030798,0.065652,-0.024091,-0.018895,-0.019947,-0.046997,-0.063858,-0.001757,0.091301,0.051680,-0.063484,0.057044,0.017477,0.016180,0.016160,-0.092635,0.062855,-0.000038,-0.036509,-0.011765,0.036938,0.025261,0.034155,-0.060683,0.024123,-0.070496,-0.027226,-0.067103,-0.022053,1.000000,-0.063703,-0.044637,-0.040369,-0.019902,-0.019274,0.006494,-0.033775,0.043352
-0.034823,0.067698,0.011321,0.010910,0.022985,0.054263,-0.021162,0.017910,0.005608,-0.087150,-0.042932,0.051774,-0.016958,0.023122,-0.050690,0.028675,-0.006015,0.006418,0.066980,-0.017175,0.088556,-0.043485,0.000506,-0.048141,-0.081228,-0.057162,0.000989,-0.020531,0.094021,0.055276,0.047478,0.073541,0.069634,0.043672,0.077904,0.018529,-0.011383,0.083626,0.019727,-0.001295,-0.013056,-0.002041,0.029092,0.051038,0.029864,-0.041313,0.009461,-0.049952,0.031104,0.037591,-0.075955,0.022396,-0.006144,0.030616,0.060484,-0.053785,0.069643,0.000653,0.049545,-0.063703,1.000000,0.060345,0.023645,0.105506,-0.031749,-0.074954,-0.004465,-0.036232
-0.018357,0.008206,-0.015931,0.010261,-0.071227,0.035975,0.097726,-0.040627,-0.000923,-0.114042,-0.047161,-0.045435,0.058474,0.014808,-0.058133,-0.058893,-0.022117,-0.004425,0.072049,0.079307,-0.025569,0.023396,0.023741,-0.009175,-0.017244,-0.081197,-0.025200,0.065301,0.063542,0.027619,0.022500,-0.000408,0.036854,0.018251,0.046724,0.007208,-0.044427,0.009134,-0.010058,-0.005287,0.016123,0.060460,0.024234,0.018781,-0.018544,0.027702,0.010214,-0.056613,-0.062590,0.014423,0.077119,0.023202,-0.027683,0.045433,0.026529,0.077782,-0.007641,0.001237,-0.047871,-0.044637,0.060345,1.000000,-0.007869,0.001395,-0.038778,-0.037522,0.071712,-0.022467
