1.000000,0.691027,0.123091,0.082707,0.576628,0.179422,0.320990,0.072394,0.131945,0.111543,0.007689,-0.054690,-0.010488,0.011098,-0.025867,0.242497,0.370509,0.058907,0.181380,0.017110,0.095420,0.120178,0.055649,0.021209,-0.095243,-0.009037,-0.082483,0.433588,0.156210,0.232289,0.090221,0.311312,0.092808,0.831060,-0.084757,-0.082998,0.025553,0.002113,-0.053116,0.011041,0.045439,0.029332,0.023597,0.027670,-0.018752,-0.008207,-0.009412,-0.022756,-0.030150,0.023346,0.014013,0.002036,-0.054738,-0.013445,0.044176,0.032943,-0.012209,0.035322,0.029990,0.073144,-0.030286,-0.009584,0.010336,0.006053,0.043221,0.003488,-0.004234,-0.062206
0.691027,1.000000,0.167772,0.120415,0.333555,0.170451,0.224782,0.149336,0.235581,0.221120,0.046711,-0.001547,0.044472,0.010024,-0.126330,0.265889,0.448577,0.150453,0.297075,-0.071980,0.082854,0.106177,0.149389,0.021506,-0.043419,-0.024334,-0.025647,0.510138,0.153928,0.338535,0.172169,0.407804,0.124325,0.530161,-0.071966,-0.092163,0.069862,-0.014304,-0.032043,0.023489,0.061733,0.119404,0.049952,0.084969,-0.011835,-0.035439,-0.058073,-0.062851,-0.116675,0.021010,-0.013124,-0.040934,-0.088882,-0.098691,0.004827,-0.023532,-0.046586,-0.009199,-0.063461,0.023088,-0.050368,-0.041893,0.012171,-0.021775,0.007433,-0.085684,-0.029086,-0.079191
0.123091,0.167772,1.000000,0.365300,-0.025100,0.048998,0.011842,0.063612,0.138210,0.114919,0.018406,0.247831,0.080164,-0.011858,-0.029568,0.001914,0.052049,0.115718,0.061432,-0.017862,0.040914,0.039836,-0.034389,0.033158,-0.101083,-0.030037,-0.044933,0.085603,0.008247,0.047043,0.022877,0.148005,0.109351,0.046639,-0.054099,0.003558,0.278282,0.145107,0.027569,0.167004,0.182397,0.108293,0.156060,0.156248,0.062795,0.029419,0.083428,0.044787,0.005325,0.165910,0.143473,-0.020065,-0.035119,0.014069,0.106894,0.073949,-0.008867,0.075727,-0.005499,0.045134,-0.033166,0.050881,0.127989,0.139543,0.118915,-0.007955,-0.002572,-0.006501
0.082707,0.120415,0.365300,1.000000,-0.077095,-0.002525,-0.010661,0.061843,0.002926,0.021438,-0.113306,0.577929,0.170724,-0.085636,-0.071527,0.029055,0.074649,0.110600,0.061527,-0.027787,0.041334,0.082331,-0.027022,0.048593,-0.027401,-0.053971,-0.017219,0.072934,-0.039161,0.033334,0.072088,0.076931,0.099254,0.003674,0.065999,0.191683,0.570505,0.629078,0.116684,0.079771,0.239657,0.087414,0.015378,0.054413,0.074986,0.274914,0.204309,0.093319,-0.031388,0.056684,0.107365,-0.014033,-0.029643,-0.016033,0.133266,0.119673,-0.009944,0.125586,0.028952,0.160806,0.165473,0.252217,0.066119,0.148872,0.086405,0.105147,0.019535,0.142391
0.576628,0.333555,-0.025100,-0.077095,1.000000,0.290358,0.601285,0.049133,0.212193,0.187828,0.079081,-0.131947,-0.064395,0.032891,0.006579,0.270548,0.288258,0.006513,0.138732,0.049653,0.061172,0.038783,0.073728,0.027449,-0.003792,0.060087,0.032664,0.275774,0.143371,0.130365,0.061644,0.122019,0.114679,0.817481,-0.051145,-0.057788,-0.065276,-0.082839,-0.057310,-0.009431,0.030356,-0.029310,0.033647,0.060765,0.013753,-0.096117,-0.063215,-0.041486,-0.055074,0.088646,0.096754,0.015348,-0.000236,-0.024771,0.016022,0.010614,0.013798,0.015792,0.037421,0.065123,-0.083580,0.001928,0.104020,0.084849,0.096002,0.023104,-0.004537,-0.054808
0.179422,0.170451,0.048998,-0.002525,0.290358,1.000000,0.378735,0.755985,0.416791,0.007979,0.279989,0.127115,0.553067,0.412210,-0.115904,0.128724,0.216128,0.170873,0.269477,-0.075206,0.015282,0.006231,0.190275,-0.006142,0.121526,0.056431,0.079368,0.230271,0.171079,0.166684,0.140025,0.181539,0.100646,0.248513,-0.005435,-0.060634,0.052908,-0.093968,-0.123800,0.023015,0.109871,0.680140,-0.249055,-0.284465,0.098516,-0.119634,0.089756,0.057261,-0.186808,-0.188957,-0.210940,-0.130922,-0.130662,-0.167395,-0.100599,-0.120996,-0.144755,-0.111811,0.004539,0.043449,-0.101101,-0.081248,-0.030228,-0.231336,-0.162997,-0.208967,-0.055566,-0.134530
0.320990,0.224782,0.011842,-0.010661,0.601285,0.378735,1.000000,0.221728,0.299306,0.172203,0.075056,-0.053423,0.042227,0.035450,-0.093226,0.182950,0.176500,-0.004564,0.079461,-0.036717,0.005577,-0.016748,0.071171,0.016771,0.042433,0.058691,0.039011,0.190456,0.139203,0.095904,0.022029,0.031763,-0.007294,0.443465,-0.081792,-0.067308,-0.002512,-0.041363,-0.067522,0.035390,0.159653,0.128428,0.044684,0.037324,0.011367,-0.120674,-0.086785,-0.072335,-0.126901,0.078824,0.058916,-0.082522,-0.055831,-0.090159,-0.021659,-0.046674,-0.049375,-0.036156,-0.018969,0.026952,-0.026164,0.027551,0.100285,0.052473,0.065588,-0.007184,-0.027160,-0.059422
0.072394,0.149336,0.063612,0.061843,0.049133,0.755985,0.221728,1.000000,0.186847,-0.187542,0.190270,0.332846,0.835630,0.391136,-0.191257,-0.032892,0.050353,0.035185,0.047205,-0.200188,-0.017302,0.008821,0.049436,-0.014822,-0.010756,-0.013351,0.030922,0.148719,0.016664,0.032243,0.010501,0.071974,0.082158,0.066023,-0.062028,-0.103344,0.061555,-0.132124,-0.183873,0.010727,0.105545,0.898206,-0.259503,-0.359229,-0.017900,-0.185478,0.044393,-0.026756,-0.257060,-0.291900,-0.283021,-0.227971,-0.173031,-0.270123,-0.121994,-0.134804,-0.147698,-0.111107,-0.071315,0.037333,-0.092847,-0.136941,-0.100691,-0.278752,-0.257622,-0.284756,-0.078391,-0.215619
0.131945,0.235581,0.138210,0.002926,0.212193,0.416791,0.299306,0.186847,1.000000,0.798840,0.437209,-0.038530,-0.022393,0.166330,-0.120957,0.318696,0.274219,0.260743,0.379649,-0.008811,0.082885,0.059977,0.230979,0.140506,0.207529,0.136553,0.167141,0.293621,0.197001,0.245209,0.197979,0.267090,0.132679,0.163851,-0.134967,-0.095243,-0.017321,-0.101030,-0.033955,0.505139,0.343399,0.258757,0.594126,0.611726,0.226126,-0.075972,-0.047516,-0.010389,-0.143417,0.547882,0.346033,-0.019239,-0.032350,-0.106807,0.016221,-0.014035,-0.117005,-0.029576,-0.045312,-0.060127,-0.077357,-0.065698,0.461119,0.238870,0.287557,-0.034559,-0.085527,-0.089125
0.111543,0.221120,0.114919,0.021438,0.187828,0.007979,0.172203,-0.187542,0.798840,1.000000,0.300991,-0.094910,-0.310939,-0.076587,-0.112743,0.441814,0.310025,0.235684,0.388652,0.006443,0.061569,0.022089,0.167801,0.127615,0.174706,0.140054,0.159056,0.232320,0.147710,0.248522,0.191780,0.232812,0.126511,0.135639,-0.125227,-0.072988,-0.020043,-0.058983,0.007272,0.446160,0.239343,-0.087393,0.697364,0.835107,0.186480,-0.041217,-0.114429,-0.091980,-0.115608,0.677894,0.472023,0.030812,0.001512,-0.074097,0.047430,0.011276,-0.076490,-0.008529,-0.071644,-0.070600,-0.033720,-0.026244,0.474447,0.344840,0.403359,-0.015476,-0.049862,-0.057885
0.007689,0.046711,0.018406,-0.113306,0.079081,0.279989,0.075056,0.190270,0.437209,0.300991,1.000000,-0.047861,0.205263,0.840253,0.297866,0.207849,0.175158,0.297625,0.266876,0.446444,0.259351,0.206443,0.207276,0.213407,0.201864,0.217714,0.190760,0.055252,0.190860,0.092071,0.025953,0.043962,0.058825,0.041074,-0.169432,-0.171681,-0.136083,-0.138208,-0.131626,0.248868,0.233977,0.283766,0.221880,0.197800,0.631607,-0.073989,0.333922,0.469699,0.202018,0.297982,0.230942,0.176851,0.051604,0.177458,0.081922,0.071972,-0.025780,0.038881,0.251421,0.289552,-0.002156,-0.009893,0.390487,0.244508,0.218263,0.015662,0.034729,-0.115903
-0.054690,-0.001547,0.247831,0.577929,-0.131947,0.127115,-0.053423,0.332846,-0.038530,-0.094910,-0.047861,1.000000,0.550276,0.038339,-0.095795,-0.107708,-0.051917,0.055688,-0.007977,-0.088578,-0.000835,0.051421,-0.034001,0.033776,0.018270,-0.037704,0.032970,0.018978,-0.029959,-0.033093,-0.027755,-0.019985,0.117537,-0.089141,-0.134307,-0.044170,0.335229,0.093297,-0.114308,-0.067666,0.028494,0.256451,-0.074863,-0.070398,0.025556,-0.048489,0.037679,0.004397,-0.080673,-0.074771,-0.027181,-0.119461,-0.076028,-0.088825,0.034919,0.006090,-0.094462,0.010112,-0.056944,0.107334,-0.005339,0.032205,-0.030994,0.040228,0.012380,-0.094439,-0.062998,-0.123124
-0.010488,0.044472,0.080164,0.170724,-0.064395,0.553067,0.042227,0.835630,-0.022393,-0.310939,0.205263,0.550276,1.000000,0.440135,-0.066896,-0.074965,-0.003613,0.061760,0.042549,-0.066803,0.045785,0.078659,0.022160,0.019011,-0.008152,-0.010367,0.027754,0.058816,0.026011,0.018982,-0.021632,-0.000390,0.107550,-0.025047,-0.069284,-0.096373,0.121549,-0.055241,-0.188553,-0.164431,-0.008937,0.694657,-0.366325,-0.423174,0.048314,-0.109796,0.172755,0.068352,-0.147524,-0.320350,-0.214952,-0.150662,-0.124040,-0.176668,-0.049639,-0.066355,-0.089886,-0.055608,0.038965,0.125965,-0.036431,-0.081274,-0.107464,-0.180086,-0.197909,-0.215602,-0.039699,-0.185557
0.011098,0.010024,-0.011858,-0.085636,0.032891,0.412210,0.035450,0.391136,0.166330,-0.076587,0.840253,0.038339,0.440135,1.000000,0.462027,0.083116,0.117766,0.256285,0.181620,0.526950,0.226994,0.177800,0.132088,0.160443,0.142051,0.187173,0.131005,-0.017638,0.149212,0.037244,0.021589,-0.029812,0.027051,0.037673,-0.108729,-0.129700,-0.076938,-0.101883,-0.151756,0.045506,0.111677,0.415169,-0.141220,-0.221076,0.506353,-0.084665,0.375799,0.533105,0.354370,-0.065474,-0.027512,0.202739,0.089998,0.308903,0.017925,0.015926,0.004111,0.012681,0.299321,0.347598,0.008919,-0.014934,0.168890,0.051781,0.014219,-0.007591,0.041713,-0.118393
-0.025867,-0.126330,-0.029568,-0.071527,0.006579,-0.115904,-0.093226,-0.191257,-0.120957,-0.112743,0.297866,-0.095795,-0.066896,0.462027,1.000000,-0.009228,-0.027476,0.215550,-0.036961,0.874140,0.151122,0.099666,-0.033717,0.081063,0.063200,0.175968,0.007344,-0.186021,0.018240,-0.099655,-0.084093,-0.113514,-0.054536,0.011591,-0.078000,-0.056746,-0.042833,-0.009609,-0.005206,-0.005487,0.000523,-0.133634,-0.028719,-0.075425,0.302869,0.026524,0.292720,0.494952,0.841299,-0.013466,0.071726,0.433009,0.245049,0.801383,0.121986,0.107966,0.147534,0.105131,0.222178,0.320786,0.071541,0.043848,0.082286,0.164184,0.088642,0.144047,0.056515,0.014159
0.242497,0.265889,0.001914,0.029055,0.270548,0.128724,0.182950,-0.032892,0.318696,0.441814,0.207849,-0.107708,-0.074965,0.083116,-0.009228,1.000000,0.734584,0.184912,0.454348,0.075582,0.174950,0.125258,0.087555,0.154707,0.035729,0.120867,0.077422,0.162398,0.221935,0.362370,0.293477,0.240840,0.051962,0.272553,-0.037355,-0.033599,-0.005051,0.027806,-0.017040,0.051111,0.064490,-0.022552,0.076146,0.156261,0.084490,0.004286,0.016422,-0.007218,-0.055447,0.178159,0.079660,0.044849,0.013989,-0.029488,0.026486,0.009663,-0.002786,0.014959,0.011940,0.071185,-0.002526,0.001185,0.151495,0.091606,0.109264,-0.033865,0.000422,-0.036646
0.370509,0.448577,0.052049,0.074649,0.288258,0.216128,0.176500,0.050353,0.274219,0.310025,0.175158,-0.051917,-0.003613,0.117766,-0.027476,0.734584,1.000000,0.283082,0.585935,0.061672,0.140236,0.080513,0.131343,0.082688,0.091037,0.128000,0.103679,0.340873,0.268105,0.493149,0.458902,0.458524,0.127543,0.393899,-0.055858,-0.074154,0.064375,0.031741,-0.037285,0.027178,0.027314,0.022013,0.006081,0.061525,0.001154,0.006658,-0.016227,-0.044539,-0.064097,0.055778,-0.014053,0.011469,-0.024545,-0.032353,-0.005684,-0.046369,-0.019139,-0.027941,-0.003809,0.090420,-0.052615,-0.054083,0.103163,0.032875,0.033982,-0.042129,0.021240,-0.067558
0.058907,0.150453,0.115718,0.110600,0.006513,0.170873,-0.004564,0.035185,0.260743,0.235684,0.297625,0.055688,0.061760,0.256285,0.215550,0.184912,0.283082,1.000000,0.579641,0.395699,0.233078,0.217312,0.376338,0.207758,0.262875,0.287162,0.243328,0.192303,0.269092,0.227702,0.140611,0.351223,0.227030,0.049440,-0.054934,-0.081827,0.050023,0.027120,-0.003934,0.112563,0.110466,0.131950,0.036726,0.126053,0.327385,0.033550,0.249180,0.258480,0.135601,0.135591,0.148150,0.284792,-0.010202,0.186660,0.142213,0.091079,-0.056001,0.056674,0.168663,0.281014,0.046015,0.063404,0.193618,0.150121,0.142107,0.116047,0.003700,-0.006622
0.181380,0.297075,0.061432,0.061527,0.138732,0.269477,0.079461,0.047205,0.379649,0.388652,0.266876,-0.007977,0.042549,0.181620,-0.036961,0.454348,0.585935,0.579641,1.000000,0.101749,0.111703,0.042954,0.434236,0.100923,0.377044,0.292248,0.272581,0.412976,0.475786,0.686960,0.533962,0.511995,0.226251,0.169106,-0.019119,-0.068800,-0.002787,0.016594,-0.031696,0.005925,-0.004145,0.051713,-0.004942,0.111214,0.118921,0.048242,0.073534,0.019816,-0.095944,0.127900,0.075925,0.062609,-0.049460,-0.059765,-0.027167,-0.073522,-0.089737,-0.071968,0.036832,0.116650,-0.035125,-0.010661,0.136689,0.070524,0.104271,-0.000395,-0.054335,-0.045548
0.017110,-0.071980,-0.017862,-0.027787,0.049653,-0.075206,-0.036717,-0.200188,-0.008811,0.006443,0.446444,-0.088578,-0.066803,0.526950,0.874140,0.075582,0.061672,0.395699,0.101749,1.000000,0.344130,0.279863,0.071161,0.230813,0.138681,0.251987,0.071864,-0.113505,0.135996,-0.024488,-0.040890,-0.055982,-0.018481,0.057826,-0.087009,-0.066046,-0.028529,0.028634,-0.017513,0.047521,0.038203,-0.120045,0.016575,0.008056,0.436432,0.077209,0.374378,0.536310,0.696982,0.076007,0.161920,0.490304,0.216209,0.709973,0.229216,0.199348,0.132569,0.177972,0.293906,0.441792,0.125089,0.089750,0.179650,0.257739,0.167099,0.187497,0.064478,0.025217
0.095420,0.082854,0.040914,0.041334,0.061172,0.015282,0.005577,-0.017302,0.082885,0.061569,0.259351,-0.000835,0.045785,0.226994,0.151122,0.174950,0.140236,0.233078,0.111703,0.344130,1.000000,0.893867,0.184950,0.835188,0.186227,0.142824,0.013725,-0.045785,0.185540,-0.012920,-0.021907,0.003564,-0.016429,0.088557,-0.047162,-0.028731,0.007256,0.058976,-0.003289,0.080705,0.074613,0.008057,0.029039,0.019268,0.202156,0.035481,0.127195,0.157997,0.080378,0.128971,0.181735,0.240975,0.021096,0.138185,0.332083,0.343352,0.051696,0.311151,0.176884,0.344726,0.173570,0.116390,0.147309,0.200042,0.198339,0.083625,0.048468,0.036543
0.120178,0.106177,0.039836,0.082331,0.038783,0.006231,-0.016748,0.008821,0.059977,0.022089,0.206443,0.051421,0.078659,0.177800,0.099666,0.125258,0.080513,0.217312,0.042954,0.279863,0.893867,1.000000,0.118084,0.741827,0.081097,0.049924,-0.044650,-0.067941,0.154017,-0.044246,-0.057775,-0.002728,-0.017445,0.078828,-0.068395,-0.040754,0.015447,0.057510,-0.032320,0.101529,0.114774,0.035986,0.048453,0.011564,0.172789,0.042508,0.114002,0.138179,0.055287,0.092467,0.161855,0.261760,0.027544,0.121680,0.441130,0.460777,0.079325,0.402975,0.167356,0.316694,0.171030,0.093986,0.126212,0.186586,0.180140,0.109378,0.025603,0.012968
0.055649,0.149389,-0.034389,-0.027022,0.073728,0.190275,0.071171,0.049436,0.230979,0.167801,0.207276,-0.034001,0.022160,0.132088,-0.033717,0.087555,0.131343,0.376338,0.434236,0.071161,0.184950,0.118084,1.000000,0.231912,0.656692,0.327692,0.364982,0.380291,0.393340,0.343236,0.159729,0.308100,0.043420,0.073998,-0.051125,-0.113644,-0.023882,-0.039538,-0.074716,0.025028,-0.013700,0.094082,0.021348,0.057913,0.128266,0.009883,0.065865,0.027403,-0.073116,0.116538,0.038426,0.028288,-0.043727,-0.038907,0.040058,-0.016572,-0.081842,-0.055260,0.052836,0.062386,-0.061191,-0.053206,0.100912,0.034379,0.067752,-0.047374,-0.013287,-0.102950
0.021209,0.021506,0.033158,0.048593,0.027449,-0.006142,0.016771,-0.014822,0.140506,0.127615,0.213407,0.033776,0.019011,0.160443,0.081063,0.154707,0.082688,0.207758,0.100923,0.230813,0.835188,0.741827,0.231912,1.000000,0.279688,0.242075,0.149075,-0.055229,0.171296,-0.007920,-0.007660,-0.024759,0.014315,0.019879,-0.022081,-0.010976,-0.013720,0.049361,-0.018858,0.114924,0.087050,0.027228,0.093842,0.081149,0.158354,0.008879,0.039941,0.091332,0.030119,0.179722,0.189659,0.164360,-0.000714,0.071609,0.229646,0.246391,0.008012,0.207524,0.100352,0.251274,0.118118,0.093865,0.162307,0.159610,0.183273,0.054408,0.037536,0.012211
-0.095243,-0.043419,-0.101083,-0.027401,-0.003792,0.121526,0.042433,-0.010756,0.207529,0.174706,0.201864,0.018270,-0.008152,0.142051,0.063200,0.035729,0.091037,0.262875,0.377044,0.138681,0.186227,0.081097,0.656692,0.279688,1.000000,0.415435,0.463022,0.148533,0.463096,0.307200,0.119842,0.085949,0.021313,-0.063926,-0.089045,-0.088211,-0.019241,-0.014941,-0.097801,0.000332,-0.053271,0.005385,0.017984,0.042439,0.110810,0.043321,0.050283,0.039299,0.014121,0.118809,0.075414,0.075194,0.015884,0.031584,-0.017170,-0.054294,-0.074477,-0.059348,0.044176,0.071390,-0.061523,-0.046701,0.089158,0.077665,0.133672,0.003807,-0.051609,-0.105051
-0.009037,-0.024334,-0.030037,-0.053971,0.060087,0.056431,0.058691,-0.013351,0.136553,0.140054,0.217714,-0.037704,-0.010367,0.187173,0.175968,0.120867,0.128000,0.287162,0.292248,0.251987,0.142824,0.049924,0.327692,0.242075,0.415435,1.000000,0.794689,0.124037,0.224855,0.192738,0.109038,0.134215,0.008105,0.036249,-0.073501,-0.115440,-0.104828,-0.026940,-0.064405,-0.006366,-0.009071,-0.011911,0.034543,0.043499,0.088682,-0.003570,0.007168,0.007349,0.034830,0.069105,0.060962,0.028691,-0.003280,0.027206,-0.021152,-0.066512,-0.052924,-0.100853,0.067148,0.110940,-0.029112,-0.073643,0.065012,0.077173,0.159519,-0.009474,-0.069499,-0.097371
-0.082483,-0.025647,-0.044933,-0.017219,0.032664,0.079368,0.039011,0.030922,0.167141,0.159056,0.190760,0.032970,0.027754,0.131005,0.007344,0.077422,0.103679,0.243328,0.272581,0.071864,0.013725,-0.044650,0.364982,0.149075,0.463022,0.794689,1.000000,0.209665,0.222939,0.186357,0.093786,0.122210,0.004872,-0.036974,-0.066137,-0.114200,-0.087413,-0.045679,-0.102212,0.016106,-0.043437,0.026981,0.056653,0.083571,0.043513,-0.005078,-0.036678,-0.076356,-0.082381,0.088493,0.030963,-0.023345,-0.017490,-0.094939,-0.069425,-0.117097,-0.074087,-0.134149,0.010492,0.004035,-0.099972,-0.090144,0.082761,0.047953,0.100810,-0.036380,-0.111795,-0.114576
0.433588,0.510138,0.085603,0.072934,0.275774,0.230271,0.190456,0.148719,0.293621,0.232320,0.055252,0.018978,0.058816,-0.017638,-0.186021,0.162398,0.340873,0.192303,0.412976,-0.113505,-0.045785,-0.067941,0.380291,-0.055229,0.148533,0.124037,0.209665,1.000000,0.201430,0.398845,0.306537,0.546714,0.233288,0.417775,-0.022789,-0.073417,-0.027032,-0.041950,-0.045944,0.011400,0.001927,0.104978,0.072918,0.132391,-0.035557,-0.020375,-0.086904,-0.139308,-0.172235,0.085835,-0.009050,-0.095383,-0.115477,-0.152984,-0.083132,-0.144691,-0.065890,-0.118730,-0.128848,-0.009222,-0.029595,-0.038354,0.026287,-0.031665,0.003267,-0.127752,-0.042659,-0.077022
0.156210,0.153928,0.008247,-0.039161,0.143371,0.171079,0.139203,0.016664,0.197001,0.147710,0.190860,-0.029959,0.026011,0.149212,0.018240,0.221935,0.268105,0.269092,0.475786,0.135996,0.185540,0.154017,0.393340,0.171296,0.463096,0.224855,0.222939,0.201430,1.000000,0.545769,0.164022,0.229221,0.030336,0.167662,-0.112968,-0.107631,-0.078230,-0.038110,-0.063755,-0.022185,-0.023102,0.008973,-0.027448,-0.012408,0.107417,-0.001588,0.057118,0.044573,-0.050387,0.010739,0.021156,0.059241,-0.038958,-0.018468,0.048377,0.013964,-0.065117,-0.012808,0.059457,0.129868,0.003450,-0.003571,0.044316,0.065755,0.075530,0.048648,-0.057912,-0.090883
0.232289,0.338535,0.047043,0.033334,0.130365,0.166684,0.095904,0.032243,0.245209,0.248522,0.092071,-0.033093,0.018982,0.037244,-0.099655,0.362370,0.493149,0.227702,0.686960,-0.024488,-0.012920,-0.044246,0.343236,-0.007920,0.307200,0.192738,0.186357,0.398845,0.545769,1.000000,0.525134,0.484703,0.099701,0.200537,-0.020344,-0.041242,0.017943,0.020614,-0.027224,-0.002001,0.006347,0.016635,0.030098,0.057954,0.011869,0.031727,0.011080,-0.043262,-0.148120,0.043751,-0.014803,-0.061185,-0.035154,-0.129741,-0.073697,-0.118488,-0.084106,-0.124091,-0.057665,-0.019032,-0.074646,-0.078319,0.021240,-0.016291,0.016956,-0.088709,-0.032383,-0.071352
0.090221,0.172169,0.022877,0.072088,0.061644,0.140025,0.022029,0.010501,0.197979,0.191780,0.025953,-0.027755,-0.021632,0.021589,-0.084093,0.293477,0.458902,0.140611,0.533962,-0.040890,-0.021907,-0.057775,0.159729,-0.007660,0.119842,0.109038,0.093786,0.306537,0.164022,0.525134,1.000000,0.486104,0.151367,0.095414,0.071285,0.014222,0.054715,0.066085,-0.022402,-0.009865,-0.040225,-0.004544,-0.019874,0.020083,-0.104057,0.053581,-0.036240,-0.129891,-0.074430,-0.013589,-0.045899,-0.084729,-0.025728,-0.055449,-0.033770,-0.064420,-0.061707,-0.073116,-0.063606,-0.003689,-0.037569,-0.025226,-0.007296,-0.053035,-0.006096,-0.058200,0.035624,-0.035163
0.311312,0.407804,0.148005,0.076931,0.122019,0.181539,0.031763,0.071974,0.267090,0.232812,0.043962,-0.019985,-0.000390,-0.029812,-0.113514,0.240840,0.458524,0.351223,0.511995,-0.055982,0.003564,-0.002728,0.308100,-0.024759,0.085949,0.134215,0.122210,0.546714,0.229221,0.484703,0.486104,1.000000,0.312296,0.295330,0.064682,0.019237,0.047300,0.000585,0.088793,0.087955,0.069303,0.080169,0.097555,0.154386,-0.036336,-0.009004,-0.039096,-0.098429,-0.131134,0.088396,0.018838,-0.058250,-0.084920,-0.102491,-0.028722,-0.075143,-0.029786,-0.059031,-0.057137,0.006376,0.005788,0.023884,0.076090,-0.011479,-0.003071,-0.060750,0.057148,0.041453
0.092808,0.124325,0.109351,0.099254,0.114679,0.100646,-0.007294,0.082158,0.132679,0.126511,0.058825,0.117537,0.107550,0.027051,-0.054536,0.051962,0.127543,0.227030,0.226251,-0.018481,-0.016429,-0.017445,0.043420,0.014315,0.021313,0.008105,0.004872,0.233288,0.030336,0.099701,0.151367,0.312296,1.000000,0.116202,0.078815,0.038878,-0.030991,0.011322,0.042333,0.029004,0.074859,0.079816,0.031141,0.116539,0.072404,-0.020608,0.051631,0.031510,-0.064553,0.126461,0.136955,-0.056016,-0.086733,-0.053358,-0.063992,-0.071979,-0.026629,-0.065616,-0.024107,0.008844,-0.044003,0.037500,0.092776,0.081173,0.087755,0.013753,-0.061741,0.054916
0.831060,0.530161,0.046639,0.003674,0.817481,0.248513,0.443465,0.066023,0.163851,0.135639,0.041074,-0.089141,-0.025047,0.037673,0.011591,0.272553,0.393899,0.049440,0.169106,0.057826,0.088557,0.078828,0.073998,0.019879,-0.063926,0.036249,-0.036974,0.417775,0.167662,0.200537,0.095414,0.295330,0.116202,1.000000,-0.059676,-0.054267,-0.008804,-0.031047,-0.051024,-0.021550,0.044335,-0.009180,0.016692,0.029617,-0.005366,-0.050804,-0.033326,-0.014745,-0.027775,0.035522,0.027373,0.006227,-0.028220,-0.006334,0.022625,0.018656,0.022202,0.022143,0.052857,0.089075,-0.048425,0.013509,0.053037,0.032572,0.050120,0.019389,-0.011253,-0.053225
-0.084757,-0.071966,-0.054099,0.065999,-0.051145,-0.005435,-0.081792,-0.062028,-0.134967,-0.125227,-0.169432,-0.134307,-0.069284,-0.108729,-0.078000,-0.037355,-0.055858,-0.054934,-0.019119,-0.087009,-0.047162,-0.068395,-0.051125,-0.022081,-0.089045,-0.073501,-0.066137,-0.022789,-0.112968,-0.020344,0.071285,0.064682,0.078815,-0.059676,1.000000,0.792930,0.167534,0.381910,0.554308,-0.062622,0.012965,-0.068313,-0.180713,-0.098169,-0.118120,0.272664,0.082785,-0.039568,-0.063891,-0.138215,-0.143761,-0.026538,0.011512,-0.090161,-0.039242,0.033977,0.150219,0.111383,0.028585,-0.101935,0.185833,0.394635,-0.103282,-0.127500,-0.206765,0.132051,0.147845,0.739627
-0.082998,-0.092163,0.003558,0.191683,-0.057788,-0.060634,-0.067308,-0.103344,-0.095243,-0.072988,-0.171681,-0.044170,-0.096373,-0.129700,-0.056746,-0.033599,-0.074154,-0.081827,-0.068800,-0.066046,-0.028731,-0.040754,-0.113644,-0.010976,-0.088211,-0.115440,-0.114200,-0.073417,-0.107631,-0.041242,0.014222,0.019237,0.038878,-0.054267,0.792930,1.000000,0.201440,0.414268,0.664049,0.105563,0.225339,-0.073404,-0.061143,0.001634,-0.050005,0.244719,0.119377,0.026571,-0.006346,-0.024182,-0.005537,0.044229,0.017451,-0.017503,0.023942,0.095526,0.147784,0.167272,0.081459,-0.000559,0.282383,0.550827,0.002866,0.020030,-0.089998,0.301285,0.174896,0.796780
0.025553,0.069862,0.278282,0.570505,-0.065276,0.052908,-0.002512,0.061555,-0.017321,-0.020043,-0.136083,0.335229,0.121549,-0.076938,-0.042833,-0.005051,0.064375,0.050023,-0.002787,-0.028529,0.007256,0.015447,-0.023882,-0.013720,-0.019241,-0.104828,-0.087413,-0.027032,-0.078230,0.017943,0.054715,0.047300,-0.030991,-0.008804,0.167534,0.201440,1.000000,0.492271,0.163744,0.059284,0.193225,0.090925,-0.060308,-0.011150,0.018979,0.316261,0.202845,0.083352,-0.021282,-0.031025,-0.021668,0.018672,-0.001995,-0.001158,0.066013,0.021443,-0.005613,0.072882,0.031885,0.088161,0.101801,0.188783,-0.022127,0.015900,-0.089332,0.093026,0.026851,0.181178
0.002113,-0.014304,0.145107,0.629078,-0.082839,-0.093968,-0.041363,-0.132124,-0.101030,-0.058983,-0.138208,0.093297,-0.055241,-0.101883,-0.009609,0.027806,0.031741,0.027120,0.016594,0.028634,0.058976,0.057510,-0.039538,0.049361,-0.014941,-0.026940,-0.045679,-0.041950,-0.038110,0.020614,0.066085,0.000585,0.011322,-0.031047,0.381910,0.414268,0.492271,1.000000,0.286939,0.038428,0.185398,-0.086001,-0.073689,-0.009121,0.015981,0.702033,0.382165,0.116863,0.020928,0.001514,0.063158,0.043425,0.029909,0.029094,0.117835,0.117891,0.086913,0.141909,0.105253,0.096055,0.239691,0.308115,0.010732,0.095513,0.026816,0.183435,0.071446,0.366807
-0.053116,-0.032043,0.027569,0.116684,-0.057310,-0.123800,-0.067522,-0.183873,-0.033955,0.007272,-0.131626,-0.114308,-0.188553,-0.151756,-0.005206,-0.017040,-0.037285,-0.003934,-0.031696,-0.017513,-0.003289,-0.032320,-0.074716,-0.018858,-0.097801,-0.064405,-0.102212,-0.045944,-0.063755,-0.027224,-0.022402,0.088793,0.042333,-0.051024,0.554308,0.664049,0.163744,0.286939,1.000000,0.228540,0.315945,-0.115754,0.023387,0.108421,-0.001699,0.221029,0.093938,0.056586,0.021411,0.081918,0.067532,0.108781,0.107932,0.032825,-0.039919,0.009089,0.208502,0.085098,0.110428,-0.107676,0.168701,0.366027,0.088536,0.122799,-0.056924,0.274454,0.149948,0.832767
0.011041,0.023489,0.167004,0.079771,-0.009431,0.023015,0.035390,0.010727,0.505139,0.446160,0.248868,-0.067666,-0.164431,0.045506,-0.005487,0.051111,0.027178,0.112563,0.005925,0.047521,0.080705,0.101529,0.025028,0.114924,0.000332,-0.006366,0.016106,0.011400,-0.022185,-0.002001,-0.009865,0.087955,0.029004,-0.021550,-0.062622,0.105563,0.059284,0.038428,0.228540,1.000000,0.625366,0.257463,0.678960,0.590970,0.205977,0.009089,0.064101,0.101903,-0.011864,0.553406,0.374478,0.090968,0.009801,0.011469,0.081489,0.081098,-0.043579,0.097604,0.097802,0.032972,0.103819,0.162876,0.561724,0.406528,0.261365,0.187304,0.098567,0.196858
0.045439,0.061733,0.182397,0.239657,0.030356,0.109871,0.159653,0.105545,0.343399,0.239343,0.233977,0.028494,-0.008937,0.111677,0.000523,0.064490,0.027314,0.110466,-0.004145,0.038203,0.074613,0.114774,-0.013700,0.087050,-0.053271,-0.009071,-0.043437,0.001927,-0.023102,0.006347,-0.040225,0.069303,0.074859,0.044335,0.012965,0.225339,0.193225,0.185398,0.315945,0.625366,1.000000,0.255737,0.416302,0.336755,0.208405,0.025217,0.114593,0.161801,0.011688,0.392657,0.347814,0.063016,0.029158,0.031003,0.110402,0.119835,0.005810,0.135280,0.198473,0.128568,0.158610,0.291863,0.431963,0.400044,0.238637,0.261043,0.046034,0.283864
0.029332,0.119404,0.108293,0.087414,-0.029310,0.680140,0.128428,0.898206,0.258757,-0.087393,0.283766,0.256451,0.694657,0.415169,-0.133634,-0.022552,0.022013,0.131950,0.051713,-0.120045,0.008057,0.035986,0.094082,0.027228,0.005385,-0.011911,0.026981,0.104978,0.008973,0.016635,-0.004544,0.080169,0.079816,-0.009180,-0.068313,-0.073404,0.090925,-0.086001,-0.115754,0.257463,0.255737,1.000000,-0.120224,-0.218106,0.195589,-0.133922,0.215007,0.165351,-0.204020,-0.156650,-0.210424,-0.158416,-0.168793,-0.215167,-0.077237,-0.089992,-0.152209,-0.070828,-0.028062,0.068986,-0.071812,-0.081408,0.000220,-0.198958,-0.204462,-0.236531,-0.040687,-0.148048
0.023597,0.049952,0.156060,0.015378,0.033647,-0.249055,0.044684,-0.259503,0.594126,0.697364,0.221880,-0.074863,-0.366325,-0.141220,-0.028719,0.076146,0.006081,0.036726,-0.004942,0.016575,0.029039,0.048453,0.021348,0.093842,0.017984,0.034543,0.056653,0.072918,-0.027448,0.030098,-0.019874,0.097555,0.031141,0.016692,-0.180713,-0.061143,-0.060308,-0.073689,0.023387,0.678960,0.416302,-0.120224,1.000000,0.886669,0.135585,-0.051288,-0.125543,-0.064074,0.003618,0.715105,0.514730,0.030878,0.079479,0.020750,0.097803,0.087062,-0.049863,0.056016,-0.082169,-0.062111,0.006440,0.013408,0.569669,0.437446,0.375881,0.062167,-0.065688,-0.035345
0.027670,0.084969,0.156248,0.054413,0.060765,-0.284465,0.037324,-0.359229,0.611726,0.835107,0.197800,-0.070398,-0.423174,-0.221076,-0.075425,0.156261,0.061525,0.126053,0.111214,0.008056,0.019268,0.011564,0.057913,0.081149,0.042439,0.043499,0.083571,0.132391,-0.012408,0.057954,0.020083,0.154386,0.116539,0.029617,-0.098169,0.001634,-0.011150,-0.009121,0.108421,0.590970,0.336755,-0.218106,0.886669,1.000000,0.162913,0.010806,-0.103178,-0.080887,-0.048082,0.805208,0.615647,0.045776,0.040089,-0.020670,0.099153,0.079900,-0.045908,0.066460,-0.050192,-0.081772,0.033831,0.060597,0.578162,0.508459,0.466758,0.083631,-0.016754,0.052350
-0.018752,-0.011835,0.062795,0.074986,0.013753,0.098516,0.011367,-0.017900,0.226126,0.186480,0.631607,0.025556,0.048314,0.506353,0.302869,0.084490,0.001154,0.327385,0.118921,0.436432,0.202156,0.172789,0.128266,0.158354,0.110810,0.088682,0.043513,-0.035557,0.107417,0.011869,-0.104057,-0.036336,0.072404,-0.005366,-0.118120,-0.050005,0.018979,0.015981,-0.001699,0.205977,0.208405,0.195589,0.135585,0.162913,1.000000,0.042996,0.622757,0.856796,0.274165,0.247199,0.204479,0.193144,0.029686,0.257559,0.089958,0.078494,-0.007996,0.035033,0.290834,0.312641,-0.013816,0.087305,0.294462,0.213575,0.183543,0.081918,0.012499,0.010748
-0.008207,-0.035439,0.029419,0.274914,-0.096117,-0.119634,-0.120674,-0.185478,-0.075972,-0.041217,-0.073989,-0.048489,-0.109796,-0.084665,0.026524,0.004286,0.006658,0.033550,0.048242,0.077209,0.035481,0.042508,0.009883,0.008879,0.043321,-0.003570,-0.005078,-0.020375,-0.001588,0.031727,0.053581,-0.009004,-0.020608,-0.050804,0.272664,0.244719,0.316261,0.702033,0.221029,0.009089,0.025217,-0.133922,-0.051288,0.010806,0.042996,1.000000,0.562444,0.150785,0.039784,0.047801,0.026391,0.066506,0.058377,0.045007,0.086413,0.082414,0.079831,0.073733,0.092336,0.000395,0.061501,0.109668,0.057982,0.086566,0.021738,0.133914,0.033610,0.254370
-0.009412,-0.058073,0.083428,0.204309,-0.063215,0.089756,-0.086785,0.044393,-0.047516,-0.114429,0.333922,0.037679,0.172755,0.375799,0.292720,0.016422,-0.016227,0.249180,0.073534,0.374378,0.127195,0.114002,0.065865,0.039941,0.050283,0.007168,-0.036678,-0.086904,0.057118,0.011080,-0.036240,-0.039096,0.051631,-0.033326,0.082785,0.119377,0.202845,0.382165,0.093938,0.064101,0.114593,0.215007,-0.125543,-0.103178,0.622757,0.562444,1.000000,0.726894,0.257637,0.019919,0.043437,0.138566,0.018586,0.228863,0.123749,0.109394,0.037082,0.089118,0.297420,0.247696,0.005190,0.088297,0.177541,0.130871,0.030336,0.103917,0.026272,0.127437
-0.022756,-0.062851,0.044787,0.093319,-0.041486,0.057261,-0.072335,-0.026756,-0.010389,-0.091980,0.469699,0.004397,0.068352,0.533105,0.494952,-0.007218,-0.044539,0.258480,0.019816,0.536310,0.157997,0.138179,0.027403,0.091332,0.039299,0.007349,-0.076356,-0.139308,0.044573,-0.043262,-0.129891,-0.098429,0.031510,-0.014745,-0.039568,0.026571,0.083352,0.116863,0.056586,0.101903,0.161801,0.165351,-0.064074,-0.080887,0.856796,0.150785,0.726894,1.000000,0.520676,0.051344,0.087909,0.303107,0.122412,0.493753,0.119515,0.126836,0.088800,0.109189,0.375196,0.364358,0.042286,0.138199,0.191409,0.160673,0.081671,0.159483,0.057094,0.096181
-0.030150,-0.116675,0.005325,-0.031388,-0.055074,-0.186808,-0.126901,-0.257060,-0.143417,-0.115608,0.202018,-0.080673,-0.147524,0.354370,0.841299,-0.055447,-0.064097,0.135601,-0.095944,0.696982,0.080378,0.055287,-0.073116,0.030119,0.014121,0.034830,-0.082381,-0.172235,-0.050387,-0.148120,-0.074430,-0.131134,-0.064553,-0.027775,-0.063891,-0.006346,-0.021282,0.020928,0.021411,-0.011864,0.011688,-0.204020,0.003618,-0.048082,0.274165,0.039784,0.257637,0.520676,1.000000,0.004790,0.081368,0.473312,0.303248,0.959712,0.209271,0.197995,0.193093,0.188730,0.237759,0.336280,0.106441,0.089463,0.066657,0.166919,0.090398,0.181096,0.064917,0.055508
0.023346,0.021010,0.165910,0.056684,0.088646,-0.188957,0.078824,-0.291900,0.547882,0.677894,0.297982,-0.074771,-0.320350,-0.065474,-0.013466,0.178159,0.055778,0.135591,0.127900,0.076007,0.128971,0.092467,0.116538,0.179722,0.118809,0.069105,0.088493,0.085835,0.010739,0.043751,-0.013589,0.088396,0.126461,0.035522,-0.138215,-0.024182,-0.031025,0.001514,0.081918,0.553406,0.392657,-0.156650,0.715105,0.805208,0.247199,0.047801,0.019919,0.051344,0.004790,1.000000,0.731235,0.123940,0.068143,0.022234,0.124152,0.099987,-0.018003,0.075051,0.125292,0.020885,0.040555,0.089980,0.682945,0.660615,0.564696,0.155710,-0.005560,0.068044
0.014013,-0.013124,0.143473,0.107365,0.096754,-0.210940,0.058916,-0.283021,0.346033,0.472023,0.230942,-0.027181,-0.214952,-0.027512,0.071726,0.079660,-0.014053,0.148150,0.075925,0.161920,0.181735,0.161855,0.038426,0.189659,0.075414,0.060962,0.030963,-0.009050,0.021156,-0.014803,-0.045899,0.018838,0.136955,0.027373,-0.143761,-0.005537,-0.021668,0.063158,0.067532,0.374478,0.347814,-0.210424,0.514730,0.615647,0.204479,0.026391,0.043437,0.087909,0.081368,0.731235,1.000000,0.230500,0.167991,0.114646,0.209063,0.207280,0.039613,0.186539,0.255243,0.145455,0.146262,0.183815,0.645631,0.805303,0.777255,0.379193,0.004003,0.086625
0.002036,-0.040934,-0.020065,-0.014033,0.015348,-0.130922,-0.082522,-0.227971,-0.019239,0.030812,0.176851,-0.119461,-0.150662,0.202739,0.433009,0.044849,0.011469,0.284792,0.062609,0.490304,0.240975,0.261760,0.028288,0.164360,0.075194,0.028691,-0.023345,-0.095383,0.059241,-0.061185,-0.084729,-0.058250,-0.056016,0.006227,-0.026538,0.044229,0.018672,0.043425,0.108781,0.090968,0.063016,-0.158416,0.030878,0.045776,0.193144,0.066506,0.138566,0.303107,0.473312,0.123940,0.230500,1.000000,0.684204,0.523073,0.313775,0.321740,0.555398,0.319438,0.401577,0.268521,0.153257,0.145060,0.228855,0.320705,0.207616,0.389399,0.125701,0.205493
-0.054738,-0.088882,-0.035119,-0.029643,-0.000236,-0.130662,-0.055831,-0.173031,-0.032350,0.001512,0.051604,-0.076028,-0.124040,0.089998,0.245049,0.013989,-0.024545,-0.010202,-0.049460,0.216209,0.021096,0.027544,-0.043727,-0.000714,0.015884,-0.003280,-0.017490,-0.115477,-0.038958,-0.035154,-0.025728,-0.084920,-0.086733,-0.028220,0.011512,0.017451,-0.001995,0.029909,0.107932,0.009801,0.029158,-0.168793,0.079479,0.040089,0.029686,0.058377,0.018586,0.122412,0.303248,0.068143,0.167991,0.684204,1.000000,0.305645,0.061793,0.095493,0.647159,0.098112,0.254768,0.042742,-0.008016,-0.040207,0.203395,0.288764,0.144491,0.253284,0.057366,0.162087
-0.013445,-0.098691,0.014069,-0.016033,-0.024771,-0.167395,-0.090159,-0.270123,-0.106807,-0.074097,0.177458,-0.088825,-0.176668,0.308903,0.801383,-0.029488,-0.032353,0.186660,-0.059765,0.709973,0.138185,0.121680,-0.038907,0.071609,0.031584,0.027206,-0.094939,-0.152984,-0.018468,-0.129741,-0.055449,-0.102491,-0.053358,-0.006334,-0.090161,-0.017503,-0.001158,0.029094,0.032825,0.011469,0.031003,-0.215167,0.020750,-0.020670,0.257559,0.045007,0.228863,0.493753,0.959712,0.022234,0.114646,0.523073,0.305645,1.000000,0.302364,0.272386,0.203479,0.251926,0.252834,0.342421,0.134336,0.097203,0.080526,0.202199,0.130410,0.212814,0.068024,0.061593
0.044176,0.004827,0.106894,0.133266,0.016022,-0.100599,-0.021659,-0.121994,0.016221,0.047430,0.081922,0.034919,-0.049639,0.017925,0.121986,0.026486,-0.005684,0.142213,-0.027167,0.229216,0.332083,0.441130,0.040058,0.229646,-0.017170,-0.021152,-0.069425,-0.083132,0.048377,-0.073697,-0.033770,-0.028722,-0.063992,0.022625,-0.039242,0.023942,0.066013,0.117835,-0.039919,0.081489,0.110402,-0.077237,0.097803,0.099153,0.089958,0.086413,0.123749,0.119515,0.209271,0.124152,0.209063,0.313775,0.061793,0.302364,1.000000,0.934801,0.128215,0.836929,0.278003,0.328181,0.267714,0.186973,0.099168,0.203955,0.212352,0.258309,0.031511,0.078341
0.032943,-0.023532,0.073949,0.119673,0.010614,-0.120996,-0.046674,-0.134804,-0.014035,0.011276,0.071972,0.006090,-0.066355,0.015926,0.107966,0.009663,-0.046369,0.091079,-0.073522,0.199348,0.343352,0.460777,-0.016572,0.246391,-0.054294,-0.066512,-0.117097,-0.144691,0.013964,-0.118488,-0.064420,-0.075143,-0.071979,0.018656,0.033977,0.095526,0.021443,0.117891,0.009089,0.081098,0.119835,-0.089992,0.087062,0.079900,0.078494,0.082414,0.109394,0.126836,0.197995,0.099987,0.207280,0.321740,0.095493,0.272386,0.934801,1.000000,0.177241,0.911345,0.318190,0.297481,0.290251,0.258694,0.105832,0.201691,0.202329,0.317592,0.045027,0.160749
-0.012209,-0.046586,-0.008867,-0.009944,0.013798,-0.144755,-0.049375,-0.147698,-0.117005,-0.076490,-0.025780,-0.094462,-0.089886,0.004111,0.147534,-0.002786,-0.019139,-0.056001,-0.089737,0.132569,0.051696,0.079325,-0.081842,0.008012,-0.074477,-0.052924,-0.074087,-0.065890,-0.065117,-0.084106,-0.061707,-0.029786,-0.026629,0.022202,0.150219,0.147784,-0.005613,0.086913,0.208502,-0.043579,0.005810,-0.152209,-0.049863,-0.045908,-0.007996,0.079831,0.037082,0.088800,0.193093,-0.018003,0.039613,0.555398,0.647159,0.203479,0.128215,0.177241,1.000000,0.197583,0.209455,0.007732,0.079322,0.073248,0.078594,0.125714,-0.028140,0.266685,0.114233,0.305421
0.035322,-0.009199,0.075727,0.125586,0.015792,-0.111811,-0.036156,-0.111107,-0.029576,-0.008529,0.038881,0.010112,-0.055608,0.012681,0.105131,0.014959,-0.027941,0.056674,-0.071968,0.177972,0.311151,0.402975,-0.055260,0.207524,-0.059348,-0.100853,-0.134149,-0.118730,-0.012808,-0.124091,-0.073116,-0.059031,-0.065616,0.022143,0.111383,0.167272,0.072882,0.141909,0.085098,0.097604,0.135280,-0.070828,0.056016,0.066460,0.035033,0.073733,0.089118,0.109189,0.188730,0.075051,0.186539,0.319438,0.098112,0.251926,0.836929,0.911345,0.197583,1.000000,0.341154,0.269529,0.322127,0.320207,0.089620,0.211725,0.173607,0.336222,0.070876,0.245121
0.029990,-0.063461,-0.005499,0.028952,0.037421,0.004539,-0.018969,-0.071315,-0.045312,-0.071644,0.251421,-0.056944,0.038965,0.299321,0.222178,0.011940,-0.003809,0.168663,0.036832,0.293906,0.176884,0.167356,0.052836,0.100352,0.044176,0.067148,0.010492,-0.128848,0.059457,-0.057665,-0.063606,-0.057137,-0.024107,0.052857,0.028585,0.081459,0.031885,0.105253,0.110428,0.097802,0.198473,-0.028062,-0.082169,-0.050192,0.290834,0.092336,0.297420,0.375196,0.237759,0.125292,0.255243,0.401577,0.254768,0.252834,0.278003,0.318190,0.209455,0.341154,1.000000,0.333302,0.188246,0.255226,0.389380,0.389700,0.232803,0.403215,0.160609,0.247643
0.073144,0.023088,0.045134,0.160806,0.065123,0.043449,0.026952,0.037333,-0.060127,-0.070600,0.289552,0.107334,0.125965,0.347598,0.320786,0.071185,0.090420,0.281014,0.116650,0.441792,0.344726,0.316694,0.062386,0.251274,0.071390,0.110940,0.004035,-0.009222,0.129868,-0.019032,-0.003689,0.006376,0.008844,0.089075,-0.101935,-0.000559,0.088161,0.096055,-0.107676,0.032972,0.128568,0.068986,-0.062111,-0.081772,0.312641,0.000395,0.247696,0.364358,0.336280,0.020885,0.145455,0.268521,0.042742,0.342421,0.328181,0.297481,0.007732,0.269529,0.333302,1.000000,0.433062,0.318255,0.143463,0.230490,0.169468,0.170663,0.086062,-0.013771
-0.030286,-0.050368,-0.033166,0.165473,-0.083580,-0.101101,-0.026164,-0.092847,-0.077357,-0.033720,-0.002156,-0.005339,-0.036431,0.008919,0.071541,-0.002526,-0.052615,0.046015,-0.035125,0.125089,0.173570,0.171030,-0.061191,0.118118,-0.061523,-0.029112,-0.099972,-0.029595,0.003450,-0.074646,-0.037569,0.005788,-0.044003,-0.048425,0.185833,0.282383,0.101801,0.239691,0.168701,0.103819,0.158610,-0.071812,0.006440,0.033831,-0.013816,0.061501,0.005190,0.042286,0.106441,0.040555,0.146262,0.153257,-0.008016,0.134336,0.267714,0.290251,0.079322,0.322127,0.188246,0.433062,1.000000,0.674966,0.065676,0.157758,0.091071,0.278362,0.136073,0.298827
-0.009584,-0.041893,0.050881,0.252217,0.001928,-0.081248,0.027551,-0.136941,-0.065698,-0.026244,-0.009893,0.032205,-0.081274,-0.014934,0.043848,0.001185,-0.054083,0.063404,-0.010661,0.089750,0.116390,0.093986,-0.053206,0.093865,-0.046701,-0.073643,-0.090144,-0.038354,-0.003571,-0.078319,-0.025226,0.023884,0.037500,0.013509,0.394635,0.550827,0.188783,0.308115,0.366027,0.162876,0.291863,-0.081408,0.013408,0.060597,0.087305,0.109668,0.088297,0.138199,0.089463,0.089980,0.183815,0.145060,-0.040207,0.097203,0.186973,0.258694,0.073248,0.320207,0.255226,0.318255,0.674966,1.000000,0.125399,0.210175,0.088466,0.508254,0.163104,0.574794
0.010336,0.012171,0.127989,0.066119,0.104020,-0.030228,0.100285,-0.100691,0.461119,0.474447,0.390487,-0.030994,-0.107464,0.168890,0.082286,0.151495,0.103163,0.193618,0.136689,0.179650,0.147309,0.126212,0.100912,0.162307,0.089158,0.065012,0.082761,0.026287,0.044316,0.021240,-0.007296,0.076090,0.092776,0.053037,-0.103282,0.002866,-0.022127,0.010732,0.088536,0.561724,0.431963,0.000220,0.569669,0.578162,0.294462,0.057982,0.177541,0.191409,0.066657,0.682945,0.645631,0.228855,0.203395,0.080526,0.099168,0.105832,0.078594,0.089620,0.389380,0.143463,0.065676,0.125399,1.000000,0.710881,0.493798,0.266039,0.095012,0.114773
