1.000000,0.225148,-0.009646,0.043378,0.108485,-0.095761,0.055244,-0.095634,-0.077642,-0.099179,0.008682,0.022054,-0.105224,-0.011565,-0.031207,-0.073429,-0.026159,0.027804,-0.040805,-0.059839,0.060865,0.069621,0.026419,-0.002469,-0.028383,-0.141054,-0.106880,0.119875,-0.007759,0.014986,-0.035437,0.037587,0.048000,0.456754,0.120174,0.067928,0.014169,0.031291,0.080932,-0.005300,-0.009439,-0.074901,0.008472,-0.074717,-0.109511,0.017185,-0.045611,-0.109580,-0.064564,0.059762,0.062754,0.002050,0.065860,-0.038313,-0.094236,-0.003542,-0.037895,0.041155,-0.002667,-0.000145,-0.022257,-0.035450,0.062522,0.032430,-0.016198,0.019010,-0.073475,0.050002
0.225148,1.000000,-0.025380,-0.004271,0.135172,0.106021,0.197891,0.045020,0.056014,0.006818,0.087576,0.020069,0.034160,0.057562,0.010957,0.000604,0.045422,0.047992,-0.031138,0.038239,0.013179,0.072388,-0.008160,0.014684,-0.022328,0.003994,-0.123540,0.024013,-0.042334,0.001140,-0.024871,0.138463,-0.004403,0.169232,0.003235,-0.021889,0.038861,-0.058903,0.064548,0.006777,-0.046016,-0.014791,-0.074727,0.013978,0.009450,-0.039730,-0.012142,-0.029237,-0.003465,0.017407,-0.043041,0.033229,0.044414,0.048393,-0.075729,-0.058898,-0.032734,-0.095095,-0.011713,-0.008205,0.080945,0.031377,0.009988,0.008279,-0.031880,-0.013929,0.015203,0.130919
-0.009646,-0.025380,1.000000,0.001095,-0.010895,-0.018798,0.068216,-0.020146,-0.040075,0.021335,0.103911,-0.033325,-0.008684,0.096284,-0.044910,-0.010341,0.061115,0.035181,-0.039389,-0.088298,-0.065183,-0.017321,-0.060348,0.082005,0.031553,0.063592,0.088513,0.079509,0.028650,-0.000741,0.042390,-0.093272,0.046649,-0.014889,-0.022462,0.048000,-0.020907,0.026728,0.023871,0.031112,0.023638,0.039772,0.009084,0.018821,0.049669,-0.011481,0.060975,0.045913,0.026934,0.055939,-0.023054,0.102620,0.071956,-0.006916,0.082520,0.057538,-0.035223,0.029758,-0.007197,-0.059196,-0.034614,-0.016337,0.046859,0.061048,0.051554,-0.033473,-0.036296,0.004782
0.043378,-0.004271,0.001095,1.000000,0.119546,0.129840,0.175597,0.175861,0.064569,0.069589,0.060217,0.404375,0.164672,0.011244,-0.035638,0.004764,0.015044,0.032129,0.043903,-0.073413,0.127394,0.093388,-0.026011,0.122785,-0.004520,-0.014259,0.096529,0.055649,-0.052522,-0.058213,0.056925,0.104033,0.026805,0.038575,0.026087,0.005515,0.198428,0.563824,-0.062137,0.098248,0.147542,0.216317,0.085188,0.058895,0.029777,0.137914,0.071805,0.066445,-0.013195,-0.020610,-0.006988,-0.033146,0.045792,-0.022968,0.023511,-0.013440,0.010766,-0.051885,-0.029982,0.020151,0.013549,-0.016306,-0.080845,0.075442,0.159843,-0.031359,0.022181,-0.002153
0.108485,0.135172,-0.010895,0.119546,1.000000,0.129067,0.141301,0.163562,0.095678,0.111657,0.121258,0.060959,0.063233,0.131100,0.052417,0.019225,0.059147,-0.049706,0.020787,0.087800,0.139542,0.100295,-0.062997,0.010074,-0.040847,-0.108038,-0.047054,0.004555,-0.015057,0.032415,-0.001201,0.057357,-0.027820,0.348340,0.008918,-0.005002,0.015671,0.066212,0.018552,-0.003990,0.060433,0.099844,0.068011,0.106976,0.055803,0.073862,0.024557,0.052258,-0.019306,0.099512,-0.047081,-0.038298,0.022842,0.010878,0.010643,-0.053216,0.064793,-0.031211,-0.047133,-0.089701,-0.039904,0.005142,0.060075,0.027295,0.101611,-0.016329,-0.058371,0.007261
-0.095761,0.106021,-0.018798,0.129840,0.129067,1.000000,0.349675,0.516794,0.564154,0.323149,0.284629,0.043675,0.203109,0.266768,0.057826,0.078223,0.025735,0.058480,0.178711,0.106497,0.050002,0.030232,0.004362,-0.018604,-0.041184,0.020436,-0.058520,-0.056886,-0.014419,0.003287,0.089523,0.039619,-0.005872,-0.018860,0.027652,-0.116628,0.106736,0.042498,0.066106,0.391734,0.181478,0.500910,0.220441,0.293185,0.123404,-0.023908,0.071214,0.152114,0.122667,-0.053572,-0.084801,0.057543,0.017553,0.116459,0.015921,0.002144,-0.000985,-0.032496,0.069620,0.044177,0.067264,0.015886,0.077726,-0.018817,0.044365,-0.128329,-0.073421,0.050589
0.055244,0.197891,0.068216,0.175597,0.141301,0.349675,1.000000,0.269413,0.405653,0.211423,0.252057,0.031388,-0.019832,0.122928,0.002073,0.058985,0.110028,0.064071,0.109461,0.034259,0.029849,-0.003994,-0.019294,0.057710,-0.031286,-0.023825,-0.029278,0.088685,0.020894,0.014811,0.026037,0.041904,-0.012073,0.076696,0.030206,-0.031568,0.062744,0.097954,0.031126,0.322516,0.146731,0.340417,0.155594,0.210980,0.044111,-0.030767,0.006492,0.074700,0.018893,-0.001937,-0.017774,0.024987,0.076841,0.055495,0.017752,0.004815,0.040019,-0.071749,0.112915,0.030569,0.009956,0.108025,-0.047537,-0.041165,0.061710,-0.013487,-0.063291,0.062370
-0.095634,0.045020,-0.020146,0.175861,0.163562,0.516794,0.269413,1.000000,0.334450,0.365513,0.175491,0.202050,0.662970,0.303086,0.122037,0.071953,0.034214,0.029766,0.131681,0.117762,0.152262,0.093461,0.039173,0.059431,-0.071953,0.023812,0.021912,-0.013089,-0.053296,-0.052783,0.068495,0.056596,0.006348,0.021070,0.050305,-0.017538,0.066028,0.135311,0.046614,0.435867,0.364017,0.822697,0.340108,0.251708,0.097085,0.029080,0.164499,0.197077,0.113148,-0.024448,-0.107712,0.095845,0.085371,0.098714,0.056429,0.075734,0.051730,-0.038779,0.053589,0.047141,0.069601,0.040175,0.101816,-0.018914,0.117531,-0.020723,-0.059312,0.081343
-0.077642,0.056014,-0.040075,0.064569,0.095678,0.564154,0.405653,0.334450,1.000000,0.398476,0.326376,0.043580,0.041698,0.190789,-0.005403,0.035374,0.030553,0.057061,0.150324,0.044411,0.088559,-0.009725,0.029211,-0.005893,0.003647,0.060553,-0.042643,0.026829,0.056430,0.042520,-0.019837,0.036341,-0.003749,-0.025158,0.046722,-0.122837,0.043387,-0.010658,0.033263,0.454940,0.185044,0.428187,0.259629,0.377112,0.175218,-0.026721,0.007435,0.151460,0.066795,0.000267,-0.040897,-0.002976,0.030209,0.076652,0.018022,-0.034560,0.006479,-0.055700,0.133368,0.038521,0.018927,0.004104,0.114143,0.070412,0.052592,0.014745,-0.072904,-0.037357
-0.099179,0.006818,0.021335,0.069589,0.111657,0.323149,0.211423,0.365513,0.398476,1.000000,0.255965,0.080584,0.110637,0.203126,-0.019507,0.222010,0.056646,0.010565,0.067469,-0.006059,0.120273,0.039291,-0.007002,0.038646,-0.058997,0.030911,0.090740,0.015908,-0.009888,-0.049332,0.050562,0.024292,0.036736,-0.038832,0.052714,-0.102386,-0.086743,0.015521,0.043070,0.298112,0.136791,0.344094,0.336579,0.518851,0.206584,0.064695,0.042326,0.125423,-0.027608,0.037729,-0.049387,0.062599,0.101248,-0.026907,0.087874,0.051630,0.084346,-0.043969,0.034668,0.027157,0.009721,0.036613,0.050601,0.015940,0.012414,0.025495,0.020901,0.066087
0.008682,0.087576,0.103911,0.060217,0.121258,0.284629,0.252057,0.175491,0.326376,0.255965,1.000000,-0.000924,0.017334,0.532275,0.035272,0.019697,0.067584,0.041127,0.049501,0.055285,0.063570,0.057753,0.001980,0.015227,0.074119,0.064784,0.018389,0.005316,0.023663,-0.017645,-0.058676,0.048396,0.033490,0.126912,0.055140,0.009695,0.054845,-0.006241,-0.021525,0.271718,0.001442,0.269487,0.089884,0.301340,0.317187,0.052629,0.070491,0.189319,0.054142,0.010201,-0.048490,0.006840,0.031376,0.068612,0.018365,-0.008941,0.146809,-0.059630,0.079468,-0.024851,-0.054885,-0.017298,0.041718,0.089771,0.015448,-0.047363,0.019877,0.070868
0.022054,0.020069,-0.033325,0.404375,0.060959,0.043675,0.031388,0.202050,0.043580,0.080584,-0.000924,1.000000,0.285922,0.025275,-0.032188,0.000804,0.045725,0.032977,-0.007275,-0.035384,0.135661,0.075540,-0.043172,0.102149,0.006930,-0.010663,0.045127,0.014191,-0.031678,0.009944,0.070827,0.003479,0.031504,0.027204,-0.031574,0.011423,0.072712,0.132697,-0.013647,0.082243,0.085137,0.219422,0.033399,0.045187,0.038557,0.060276,0.043615,0.029534,-0.026590,0.032872,-0.002895,-0.047769,0.108056,-0.008974,-0.053152,0.015836,0.037696,-0.037071,-0.094986,-0.057691,0.019921,0.049617,-0.070644,0.041211,0.043870,0.057273,0.066820,0.064603
-0.105224,0.034160,-0.008684,0.164672,0.063233,0.203109,-0.019832,0.662970,0.041698,0.110637,0.017334,0.285922,1.000000,0.212050,0.192274,0.085965,-0.026291,0.010273,0.053463,0.141062,0.050934,0.011967,0.035043,0.015406,-0.094633,0.003191,-0.014969,-0.063086,-0.041206,-0.011557,0.075236,0.018800,0.016450,-0.050578,0.029774,0.013758,0.069066,0.131045,-0.040738,0.148008,0.159472,0.439810,0.105722,-0.003159,0.004170,0.054037,0.202623,0.116262,0.115370,-0.036907,-0.072223,0.071197,0.062006,0.134211,0.045984,0.071921,0.004547,0.015229,-0.000576,0.075558,0.085280,0.034739,0.088092,-0.027728,0.032510,-0.050943,-0.055943,0.026123
-0.011565,0.057562,0.096284,0.011244,0.131100,0.266768,0.122928,0.303086,0.190789,0.203126,0.532275,0.025275,0.212050,1.000000,0.339242,0.031492,0.039514,0.058226,0.086198,0.303394,0.095069,0.028340,0.011450,0.037194,0.005325,-0.006088,-0.011639,-0.003591,-0.021477,-0.001479,-0.010501,0.020918,0.005686,0.066667,0.028024,0.007425,0.015746,-0.053264,-0.065725,0.180784,0.061209,0.253525,0.109888,0.158019,0.325924,0.006461,0.086378,0.308024,0.119450,0.051821,-0.015856,0.061849,-0.017002,0.110086,0.068440,0.036810,0.045338,0.033138,0.099435,-0.042275,-0.042543,0.028327,0.032146,0.021519,0.039608,-0.009716,0.000074,0.044738
-0.031207,0.010957,-0.044910,-0.035638,0.052417,0.057826,0.002073,0.122037,-0.005403,-0.019507,0.035272,-0.032188,0.192274,0.339242,1.000000,0.065795,-0.080884,0.104287,0.017671,0.685249,0.029439,-0.029959,-0.000414,0.090987,-0.035592,0.115328,0.059735,-0.016197,-0.040486,0.029826,0.003565,0.012988,-0.051686,0.044494,0.005126,0.006311,0.025468,-0.031951,-0.029804,-0.043451,-0.008019,0.041432,0.002108,-0.076813,-0.007741,0.084385,0.170331,0.145018,0.295769,-0.023359,-0.000446,0.140384,0.063524,0.355835,0.025521,0.070949,-0.021681,0.049509,-0.080381,0.019375,0.005650,-0.043383,-0.024690,0.028220,0.065314,0.041271,0.067126,0.047912
-0.073429,0.000604,-0.010341,0.004764,0.019225,0.078223,0.058985,0.071953,0.035374,0.222010,0.019697,0.000804,0.085965,0.031492,0.065795,1.000000,0.049092,0.049113,0.007910,0.025740,-0.057533,0.027126,-0.076957,0.079907,-0.052427,0.068354,0.044427,-0.022935,0.018770,0.047635,0.123463,0.069690,0.020469,0.014414,0.023677,0.016500,-0.029871,0.047392,0.023097,0.022057,-0.030184,0.019305,0.001197,0.055654,0.039358,0.062862,0.033832,0.040863,0.029024,-0.016069,-0.058170,0.060882,-0.000714,0.027570,0.068472,0.010288,0.046104,-0.043497,-0.020878,-0.021490,0.080030,0.059218,-0.022170,0.015431,-0.052420,-0.063760,0.033013,0.069882
-0.026159,0.045422,0.061115,0.015044,0.059147,0.025735,0.110028,0.034214,0.030553,0.056646,0.067584,0.045725,-0.026291,0.039514,-0.080884,0.049092,1.000000,-0.057996,0.046459,-0.066526,-0.015512,-0.008999,-0.058424,-0.001737,0.098524,0.007378,-0.060157,-0.014352,0.073490,0.011555,0.072071,0.019693,-0.005100,-0.001283,0.017264,0.045888,0.005357,0.031645,-0.130297,0.066406,0.053565,0.018425,0.032637,0.043710,-0.034427,-0.066157,-0.050713,-0.053087,-0.047616,-0.070019,-0.031852,-0.049990,-0.004744,-0.037424,0.029604,0.001083,-0.059801,-0.085378,-0.027598,-0.022548,0.072271,0.015436,-0.005532,0.009961,0.073824,-0.011922,-0.045057,-0.078151
0.027804,0.047992,0.035181,0.032129,-0.049706,0.058480,0.064071,0.029766,0.057061,0.010565,0.041127,0.032977,0.010273,0.058226,0.104287,0.049113,-0.057996,1.000000,0.043408,0.242349,-0.011503,-0.019665,-0.034597,-0.080535,-0.040223,-0.045617,-0.043697,0.014891,-0.015621,0.015811,0.061047,0.010224,-0.048283,0.002730,-0.019410,-0.034803,-0.010174,0.000280,-0.012792,0.016722,0.050767,0.048646,0.039634,0.028088,0.058730,0.100260,0.129032,0.082497,0.090425,-0.039383,-0.013364,0.361745,0.137978,0.150191,0.012150,0.049770,-0.092930,0.008510,-0.009024,-0.004813,-0.015055,-0.044807,0.030154,0.043354,-0.027688,-0.054150,-0.034146,0.002476
-0.040805,-0.031138,-0.039389,0.043903,0.020787,0.178711,0.109461,0.131681,0.150324,0.067469,0.049501,-0.007275,0.053463,0.086198,0.017671,0.007910,0.046459,0.043408,1.000000,0.093578,0.078773,0.059174,-0.017932,0.022331,0.023410,-0.016882,0.051131,-0.032812,-0.012458,-0.015434,-0.011070,0.032849,-0.020307,-0.016180,-0.027014,-0.007034,0.022043,0.047478,0.041692,0.162621,0.013004,0.156502,0.059251,0.112350,0.047394,-0.038958,0.010285,0.047979,-0.001777,-0.036025,-0.016357,0.026800,0.049923,0.038049,0.052648,-0.001699,-0.005527,0.027891,0.093101,0.015343,-0.020903,0.100953,-0.001228,0.058990,-0.013831,0.025305,-0.021963,0.021407
-0.059839,0.038239,-0.088298,-0.073413,0.087800,0.106497,0.034259,0.117762,0.044411,-0.006059,0.055285,-0.035384,0.141062,0.303394,0.685249,0.025740,-0.066526,0.242349,0.093578,1.000000,0.096009,0.013095,0.007617,0.037755,-0.013775,0.044870,-0.003727,0.000006,-0.064144,0.022412,-0.038819,-0.001151,-0.015618,0.007167,-0.039906,-0.026879,-0.005244,-0.073773,-0.014703,-0.007101,-0.042130,0.076595,-0.012973,-0.040289,0.087018,0.104406,0.160595,0.219529,0.283443,-0.049182,-0.020200,0.217205,0.109554,0.412315,0.037347,0.069081,0.031371,0.011404,-0.005833,-0.024969,-0.003282,0.013167,0.040101,0.003688,0.019176,-0.042868,0.009967,0.079969
0.060865,0.013179,-0.065183,0.127394,0.139542,0.050002,0.029849,0.152262,0.088559,0.120273,0.063570,0.135661,0.050934,0.095069,0.029439,-0.057533,-0.015512,-0.011503,0.078773,0.096009,1.000000,0.577901,0.040087,0.056581,0.002154,-0.069294,-0.024900,0.057567,0.056648,0.039461,-0.104592,-0.046468,0.116885,-0.005539,0.050124,0.014330,-0.036098,0.048656,-0.026312,0.083913,0.079941,0.094256,0.069726,0.083686,-0.080411,-0.001839,-0.042874,0.042041,0.081632,-0.020241,-0.018059,0.119500,0.118908,0.097755,0.026322,0.007834,0.121159,-0.016980,0.045532,0.002236,-0.023601,0.014036,0.046387,0.079727,0.015061,0.093550,-0.012889,0.025587
0.069621,0.072388,-0.017321,0.093388,0.100295,0.030232,-0.003994,0.093461,-0.009725,0.039291,0.057753,0.075540,0.011967,0.028340,-0.029959,0.027126,-0.008999,-0.019665,0.059174,0.013095,0.577901,1.000000,-0.021058,0.150098,0.016891,-0.036028,-0.059457,0.054435,0.025601,0.011476,-0.020393,0.034903,0.128893,-0.018128,0.087084,0.096638,-0.009903,0.058375,0.016863,0.066472,0.082594,0.088191,0.036407,0.070164,-0.028671,0.001422,-0.038282,0.024125,0.056992,-0.024965,-0.020584,0.087279,0.055663,0.079792,-0.021972,-0.024881,0.071330,-0.007531,0.067270,-0.031222,-0.000324,0.007739,0.030953,0.090944,0.007998,-0.001361,-0.041950,0.123116
0.026419,-0.008160,-0.060348,-0.026011,-0.062997,0.004362,-0.019294,0.039173,0.029211,-0.007002,0.001980,-0.043172,0.035043,0.011450,-0.000414,-0.076957,-0.058424,-0.034597,-0.017932,0.007617,0.040087,-0.021058,1.000000,0.023450,0.112923,-0.107431,-0.010248,0.064391,0.068869,0.055704,0.026459,0.024583,0.034360,-0.005464,0.145754,-0.061216,-0.011001,0.035302,0.042286,0.012724,-0.013918,0.012577,-0.011411,-0.094150,0.011803,0.010831,0.055977,0.019596,0.123439,-0.064431,0.018895,-0.032266,-0.066583,0.064852,0.004019,0.050062,-0.015541,-0.044760,0.054926,0.014828,0.030728,0.061324,0.061076,0.026331,0.025723,0.039899,-0.002314,0.028992
-0.002469,0.014684,0.082005,0.122785,0.010074,-0.018604,0.057710,0.059431,-0.005893,0.038646,0.015227,0.102149,0.015406,0.037194,0.090987,0.079907,-0.001737,-0.080535,0.022331,0.037755,0.056581,0.150098,0.023450,1.000000,0.080718,0.102827,0.049543,0.078931,0.025369,-0.016228,0.022757,-0.052738,0.066936,-0.026913,0.049823,-0.035239,0.029016,0.085132,0.025864,0.041082,0.024163,0.058459,-0.010293,0.030473,-0.009598,0.000857,-0.048063,-0.007550,-0.032728,-0.047976,-0.042882,0.022181,-0.036259,0.045847,0.008245,0.036952,0.030263,-0.025060,0.026916,0.033452,-0.037203,-0.013086,-0.054313,0.066345,0.094668,0.029113,-0.010915,0.114847
-0.028383,-0.022328,0.031553,-0.004520,-0.040847,-0.041184,-0.031286,-0.071953,0.003647,-0.058997,0.074119,0.006930,-0.094633,0.005325,-0.035592,-0.052427,0.098524,-0.040223,0.023410,-0.013775,0.002154,0.016891,0.112923,0.080718,1.000000,0.071584,0.052976,0.038563,0.114637,-0.033647,0.069598,0.050103,-0.034911,-0.013656,0.051084,-0.030981,0.025928,-0.119826,-0.035542,0.061534,-0.055700,-0.043888,-0.045505,-0.082828,-0.056111,0.020489,-0.027795,-0.014256,-0.024518,0.003398,0.021064,-0.034628,0.088843,-0.049845,-0.102147,-0.084981,0.050004,-0.100083,-0.020000,-0.102085,-0.050384,-0.065911,0.003481,-0.004025,0.009707,-0.061617,-0.021776,-0.021192
-0.141054,0.003994,0.063592,-0.014259,-0.108038,0.020436,-0.023825,0.023812,0.060553,0.030911,0.064784,-0.010663,0.003191,-0.006088,0.115328,0.068354,0.007378,-0.045617,-0.016882,0.044870,-0.069294,-0.036028,-0.107431,0.102827,0.071584,1.000000,0.512047,-0.029921,-0.030040,-0.042431,-0.031407,-0.001295,0.031755,-0.085484,-0.105834,-0.075554,0.063780,-0.000289,-0.024451,0.069353,-0.007626,0.058272,-0.000747,0.044294,-0.017837,0.018586,0.048514,-0.006597,0.008934,-0.019651,-0.032543,-0.022951,-0.023568,0.038857,0.070819,0.069279,0.002310,-0.052722,-0.012011,-0.038981,0.026498,-0.015388,-0.005169,0.154749,-0.072356,0.042929,0.110491,0.007788
-0.106880,-0.123540,0.088513,0.096529,-0.047054,-0.058520,-0.029278,0.021912,-0.042643,0.090740,0.018389,0.045127,-0.014969,-0.011639,0.059735,0.044427,-0.060157,-0.043697,0.051131,-0.003727,-0.024900,-0.059457,-0.010248,0.049543,0.052976,0.512047,1.000000,0.107915,-0.063507,-0.033329,-0.018813,-0.011195,-0.015176,-0.031794,-0.093208,-0.071470,-0.035013,0.023946,-0.006984,0.046557,0.073097,0.070045,0.058694,0.048986,0.001041,0.060327,0.085449,-0.000359,-0.021508,0.041529,0.043636,-0.040559,0.021244,-0.049142,0.044355,0.070928,0.016751,-0.054685,-0.096493,0.024762,0.014499,0.006451,-0.059631,0.001598,-0.089189,0.035471,0.093536,0.035567
0.119875,0.024013,0.079509,0.055649,0.004555,-0.056886,0.088685,-0.013089,0.026829,0.015908,0.005316,0.014191,-0.063086,-0.003591,-0.016197,-0.022935,-0.014352,0.014891,-0.032812,0.000006,0.057567,0.054435,0.064391,0.078931,0.038563,-0.029921,0.107915,1.000000,0.036201,-0.002709,-0.011425,-0.015576,0.019629,0.090274,0.127365,0.013350,0.035931,0.082079,0.078587,0.045220,0.048157,0.001893,0.011074,-0.021038,-0.032217,0.012064,0.004708,0.000559,-0.031515,0.050788,-0.021723,-0.044900,-0.032308,0.007170,-0.049179,0.009705,-0.011927,0.001801,-0.045136,0.021864,-0.008390,-0.007403,-0.027587,-0.010405,0.026635,0.065437,0.060799,0.044749
-0.007759,-0.042334,0.028650,-0.052522,-0.015057,-0.014419,0.020894,-0.053296,0.056430,-0.009888,0.023663,-0.031678,-0.041206,-0.021477,-0.040486,0.018770,0.073490,-0.015621,-0.012458,-0.064144,0.056648,0.025601,0.068869,0.025369,0.114637,-0.030040,-0.063507,0.036201,1.000000,0.208481,0.028451,-0.064884,0.001917,0.001760,0.045196,-0.020437,0.010727,-0.036304,0.065182,0.014210,-0.065237,-0.002759,-0.028460,0.029563,-0.044005,-0.024538,-0.017300,-0.003542,0.078569,0.023397,-0.007675,-0.013005,-0.034126,-0.005280,0.020057,-0.025614,0.009848,0.016030,0.016646,-0.001701,0.055494,-0.013501,-0.003574,-0.029052,0.023405,-0.035859,-0.058191,0.027654
0.014986,0.001140,-0.000741,-0.058213,0.032415,0.003287,0.014811,-0.052783,0.042520,-0.049332,-0.017645,0.009944,-0.011557,-0.001479,0.029826,0.047635,0.011555,0.015811,-0.015434,0.022412,0.039461,0.011476,0.055704,-0.016228,-0.033647,-0.042431,-0.033329,-0.002709,0.208481,1.000000,-0.000785,-0.038963,0.052698,-0.033787,0.001495,0.025455,-0.017151,-0.102985,0.043076,-0.089974,-0.016127,-0.032941,-0.029434,-0.004175,0.000647,-0.040803,-0.006146,0.027338,0.073473,0.000897,0.025748,-0.013790,0.076362,0.043396,0.014316,-0.002421,-0.088178,-0.030874,-0.060091,-0.062971,-0.004606,0.097647,-0.056563,-0.044378,-0.020125,-0.019424,-0.029648,-0.004833
-0.035437,-0.024871,0.042390,0.056925,-0.001201,0.089523,0.026037,0.068495,-0.019837,0.050562,-0.058676,0.070827,0.075236,-0.010501,0.003565,0.123463,0.072071,0.061047,-0.011070,-0.038819,-0.104592,-0.020393,0.026459,0.022757,0.069598,-0.031407,-0.018813,-0.011425,0.028451,-0.000785,1.000000,0.041906,-0.037259,-0.006453,0.011093,0.025252,0.039948,0.057012,-0.041398,0.046750,0.078123,0.053796,0.036698,0.068685,-0.062423,0.035540,0.050888,-0.005825,0.068205,-0.026229,0.039111,0.074474,0.077568,0.002961,0.005765,-0.056002,-0.060042,-0.001393,-0.200188,-0.005355,-0.013538,-0.042599,0.036999,-0.102221,-0.037193,-0.072328,-0.112507,-0.009320
0.037587,0.138463,-0.093272,0.104033,0.057357,0.039619,0.041904,0.056596,0.036341,0.024292,0.048396,0.003479,0.018800,0.020918,0.012988,0.069690,0.019693,0.010224,0.032849,-0.001151,-0.046468,0.034903,0.024583,-0.052738,0.050103,-0.001295,-0.011195,-0.015576,-0.064884,-0.038963,0.041906,1.000000,-0.006618,0.050129,0.064085,-0.010605,0.042119,-0.010125,0.025124,-0.024226,-0.051178,0.031424,-0.004624,-0.054071,0.030240,-0.035800,-0.038567,-0.003949,-0.061492,-0.046183,-0.026027,0.038282,-0.017192,-0.049902,0.092695,0.068266,0.035029,0.002436,0.087222,-0.029023,0.007823,0.010410,0.045309,-0.125686,-0.074308,0.084294,-0.075812,0.018040
0.048000,-0.004403,0.046649,0.026805,-0.027820,-0.005872,-0.012073,0.006348,-0.003749,0.036736,0.033490,0.031504,0.016450,0.005686,-0.051686,0.020469,-0.005100,-0.048283,-0.020307,-0.015618,0.116885,0.128893,0.034360,0.066936,-0.034911,0.031755,-0.015176,0.019629,0.001917,0.052698,-0.037259,-0.006618,1.000000,0.058017,0.074851,-0.049185,0.014180,0.078025,0.014210,0.037965,-0.048346,0.061865,0.032322,0.008673,-0.021784,0.026175,0.001704,0.006904,0.034231,0.015303,-0.018819,0.033337,0.057629,0.031518,0.004309,-0.023080,0.006001,-0.067116,-0.031342,0.054323,-0.008702,0.053136,0.021476,0.045995,0.005573,-0.001176,-0.019839,0.034031
0.456754,0.169232,-0.014889,0.038575,0.348340,-0.018860,0.076696,0.021070,-0.025158,-0.038832,0.126912,0.027204,-0.050578,0.066667,0.044494,0.014414,-0.001283,0.002730,-0.016180,0.007167,-0.005539,-0.018128,-0.005464,-0.026913,-0.013656,-0.085484,-0.031794,0.090274,0.001760,-0.033787,-0.006453,0.050129,0.058017,1.000000,0.164617,0.118219,-0.019067,0.083596,0.083814,0.032820,0.042900,0.005729,0.033437,0.011061,0.012174,-0.015160,-0.024072,-0.006259,-0.018599,0.039748,0.033936,0.009496,-0.008554,-0.023836,-0.060095,-0.054945,0.055246,0.050481,-0.063578,0.013613,0.025192,-0.058735,0.092593,-0.022882,0.005227,-0.052240,0.061908,0.035994
0.120174,0.003235,-0.022462,0.026087,0.008918,0.027652,0.030206,0.050305,0.046722,0.052714,0.055140,-0.031574,0.029774,0.028024,0.005126,0.023677,0.017264,-0.019410,-0.027014,-0.039906,0.050124,0.087084,0.145754,0.049823,0.051084,-0.105834,-0.093208,0.127365,0.045196,0.001495,0.011093,0.064085,0.074851,0.164617,1.000000,0.265650,0.015251,0.138419,0.162704,0.036239,0.048511,0.053226,0.031514,0.044461,-0.068569,-0.027755,-0.043360,-0.084728,-0.024134,0.032374,-0.098572,0.009520,0.013867,-0.032327,0.083713,0.088307,0.105211,0.063986,0.070462,0.002391,-0.052210,0.018156,0.099813,0.085025,-0.044592,0.005127,-0.084511,0.305172
0.067928,-0.021889,0.048000,0.005515,-0.005002,-0.116628,-0.031568,-0.017538,-0.122837,-0.102386,0.009695,0.011423,0.013758,0.007425,0.006311,0.016500,0.045888,-0.034803,-0.007034,-0.026879,0.014330,0.096638,-0.061216,-0.035239,-0.030981,-0.075554,-0.071470,0.013350,-0.020437,0.025455,0.025252,-0.010605,-0.049185,0.118219,0.265650,1.000000,0.011165,0.056877,0.046966,0.003589,0.090536,0.004461,-0.014113,-0.020367,-0.026394,-0.091013,-0.091913,-0.050494,-0.067900,-0.091524,-0.089310,-0.079532,0.039513,-0.108680,0.050841,0.038547,0.060566,0.020517,0.074155,0.020568,-0.026839,-0.052940,0.032479,0.072439,-0.019943,0.015258,0.070415,0.099548
0.014169,0.038861,-0.020907,0.198428,0.015671,0.106736,0.062744,0.066028,0.043387,-0.086743,0.054845,0.072712,0.069066,0.015746,0.025468,-0.029871,0.005357,-0.010174,0.022043,-0.005244,-0.036098,-0.009903,-0.011001,0.029016,0.025928,0.063780,-0.035013,0.035931,0.010727,-0.017151,0.039948,0.042119,0.014180,-0.019067,0.015251,0.011165,1.000000,0.167728,-0.008862,0.061928,0.076272,0.122986,0.036007,-0.006262,-0.030574,0.024250,-0.023262,-0.027524,0.014474,-0.002162,-0.029055,0.040654,0.024072,0.086255,-0.086421,-0.142218,-0.041856,-0.056036,-0.028265,-0.017924,0.074612,-0.024831,-0.122467,0.039188,0.018574,-0.004201,-0.001462,-0.041503
0.031291,-0.058903,0.026728,0.563824,0.066212,0.042498,0.097954,0.135311,-0.010658,0.015521,-0.006241,0.132697,0.131045,-0.053264,-0.031951,0.047392,0.031645,0.000280,0.047478,-0.073773,0.048656,0.058375,0.035302,0.085132,-0.119826,-0.000289,0.023946,0.082079,-0.036304,-0.102985,0.057012,-0.010125,0.078025,0.083596,0.138419,0.056877,0.167728,1.000000,0.001677,0.097206,0.135242,0.173155,0.094978,0.035433,-0.084656,0.156592,0.100209,-0.010452,-0.026823,-0.030434,-0.036461,0.016035,0.043456,0.024792,0.074462,0.031534,-0.014484,0.024839,0.058593,0.041258,-0.008682,-0.048014,0.013783,0.039509,0.028717,-0.029060,0.007914,-0.013445
0.080932,0.064548,0.023871,-0.062137,0.018552,0.066106,0.031126,0.046614,0.033263,0.043070,-0.021525,-0.013647,-0.040738,-0.065725,-0.029804,0.023097,-0.130297,-0.012792,0.041692,-0.014703,-0.026312,0.016863,0.042286,0.025864,-0.035542,-0.024451,-0.006984,0.078587,0.065182,0.043076,-0.041398,0.025124,0.014210,0.083814,0.162704,0.046966,-0.008862,0.001677,1.000000,0.014955,0.072196,0.081832,0.014654,0.044450,0.068899,-0.055495,-0.052533,-0.003094,-0.032140,0.082295,0.040106,-0.022940,0.044346,-0.025258,-0.007252,-0.010188,-0.052793,0.044290,0.050905,-0.019064,-0.132302,-0.009648,0.083906,0.026356,0.000535,0.027324,-0.047045,0.397377
-0.005300,0.006777,0.031112,0.098248,-0.003990,0.391734,0.322516,0.435867,0.454940,0.298112,0.271718,0.082243,0.148008,0.180784,-0.043451,0.022057,0.066406,0.016722,0.162621,-0.007101,0.083913,0.066472,0.012724,0.041082,0.061534,0.069353,0.046557,0.045220,0.014210,-0.089974,0.046750,-0.024226,0.037965,0.032820,0.036239,0.003589,0.061928,0.097206,0.014955,1.000000,0.295137,0.561150,0.484052,0.452421,0.060550,-0.038956,0.041728,0.169927,0.081916,0.036449,-0.052842,0.071751,0.097691,0.079423,0.104598,0.072714,0.081720,0.038631,0.031803,0.011920,0.013366,-0.027308,0.116735,0.113109,0.107334,-0.001116,0.035582,0.026142
-0.009439,-0.046016,0.023638,0.147542,0.060433,0.181478,0.146731,0.364017,0.185044,0.136791,0.001442,0.085137,0.159472,0.061209,-0.008019,-0.030184,0.053565,0.050767,0.013004,-0.042130,0.079941,0.082594,-0.013918,0.024163,-0.055700,-0.007626,0.073097,0.048157,-0.065237,-0.016127,0.078123,-0.051178,-0.048346,0.042900,0.048511,0.090536,0.076272,0.135242,0.072196,0.295137,1.000000,0.305620,0.380166,0.201515,0.006703,-0.010490,0.022104,0.039438,-0.031450,0.014652,0.013695,0.009093,-0.018207,-0.080768,0.037520,0.004983,-0.074083,0.004335,0.005633,0.008074,-0.018955,-0.014300,0.079433,0.032714,0.099414,0.097549,0.030606,0.057596
-0.074901,-0.014791,0.039772,0.216317,0.099844,0.500910,0.340417,0.822697,0.428187,0.344094,0.269487,0.219422,0.439810,0.253525,0.041432,0.019305,0.018425,0.048646,0.156502,0.076595,0.094256,0.088191,0.012577,0.058459,-0.043888,0.058272,0.070045,0.001893,-0.002759,-0.032941,0.053796,0.031424,0.061865,0.005729,0.053226,0.004461,0.122986,0.173155,0.081832,0.561150,0.305620,1.000000,0.374379,0.401022,0.186825,0.021632,0.192473,0.291117,0.110035,-0.005724,-0.134617,0.089138,0.117954,0.089792,0.025547,0.030559,0.090584,-0.047635,0.045640,0.013922,0.006756,0.030798,0.110099,0.018230,0.097753,0.009018,-0.041615,0.095764
0.008472,-0.074727,0.009084,0.085188,0.068011,0.220441,0.155594,0.340108,0.259629,0.336579,0.089884,0.033399,0.105722,0.109888,0.002108,0.001197,0.032637,0.039634,0.059251,-0.012973,0.069726,0.036407,-0.011411,-0.010293,-0.045505,-0.000747,0.058694,0.011074,-0.028460,-0.029434,0.036698,-0.004624,0.032322,0.033437,0.031514,-0.014113,0.036007,0.094978,0.014654,0.484052,0.380166,0.374379,1.000000,0.474038,0.054615,-0.056008,-0.012645,0.093255,0.003923,0.118643,0.018132,0.026788,0.063887,-0.038442,0.124877,0.071533,-0.045817,0.041180,-0.003137,-0.054270,-0.005203,-0.035361,0.095823,-0.013381,0.091679,-0.022861,0.058457,0.050681
-0.074717,0.013978,0.018821,0.058895,0.106976,0.293185,0.210980,0.251708,0.377112,0.518851,0.301340,0.045187,-0.003159,0.158019,-0.076813,0.055654,0.043710,0.028088,0.112350,-0.040289,0.083686,0.070164,-0.094150,0.030473,-0.082828,0.044294,0.048986,-0.021038,0.029563,-0.004175,0.068685,-0.054071,0.008673,0.011061,0.044461,-0.020367,-0.006262,0.035433,0.044450,0.452421,0.201515,0.401022,0.474038,1.000000,0.209338,-0.045365,0.014094,0.169193,0.028209,0.218796,0.072467,0.058743,0.096801,-0.011371,0.126503,0.013224,0.164878,0.015200,0.046537,0.014874,-0.000268,-0.032500,0.096216,0.077998,0.053035,0.020377,0.018023,0.090075
-0.109511,0.009450,0.049669,0.029777,0.055803,0.123404,0.044111,0.097085,0.175218,0.206584,0.317187,0.038557,0.004170,0.325924,-0.007741,0.039358,-0.034427,0.058730,0.047394,0.087018,-0.080411,-0.028671,0.011803,-0.009598,-0.056111,-0.017837,0.001041,-0.032217,-0.044005,0.000647,-0.062423,0.030240,-0.021784,0.012174,-0.068569,-0.026394,-0.030574,-0.084656,0.068899,0.060550,0.006703,0.186825,0.054615,0.209338,1.000000,0.043398,0.152220,0.555030,0.108632,-0.005058,0.018191,0.010086,-0.051793,0.129633,0.017862,-0.015340,0.068468,-0.029689,0.160256,-0.020559,-0.061469,-0.005322,-0.049093,-0.032097,-0.009056,-0.076688,0.018382,0.041835
0.017185,-0.039730,-0.011481,0.137914,0.073862,-0.023908,-0.030767,0.029080,-0.026721,0.064695,0.052629,0.060276,0.054037,0.006461,0.084385,0.062862,-0.066157,0.100260,-0.038958,0.104406,-0.001839,0.001422,0.010831,0.000857,0.020489,0.018586,0.060327,0.012064,-0.024538,-0.040803,0.035540,-0.035800,0.026175,-0.015160,-0.027755,-0.091013,0.024250,0.156592,-0.055495,-0.038956,-0.010490,0.021632,-0.056008,-0.045365,0.043398,1.000000,0.578591,0.121569,0.162578,-0.023879,-0.060325,-0.011613,-0.047161,0.171359,-0.023356,-0.012898,-0.054254,0.035749,-0.052659,0.043127,0.040198,0.048493,-0.026353,-0.019541,-0.010090,0.003420,0.054364,-0.033096
-0.045611,-0.012142,0.060975,0.071805,0.024557,0.071214,0.006492,0.164499,0.007435,0.042326,0.070491,0.043615,0.202623,0.086378,0.170331,0.033832,-0.050713,0.129032,0.010285,0.160595,-0.042874,-0.038282,0.055977,-0.048063,-0.027795,0.048514,0.085449,0.004708,-0.017300,-0.006146,0.050888,-0.038567,0.001704,-0.024072,-0.043360,-0.091913,-0.023262,0.100209,-0.052533,0.041728,0.022104,0.192473,-0.012645,0.014094,0.152220,0.578591,1.000000,0.405490,0.434064,0.003922,-0.056359,0.090399,0.008640,0.374441,-0.019546,0.011264,-0.072090,0.079564,0.020679,0.066454,0.021947,-0.043193,-0.002756,0.002369,0.031759,-0.006182,0.007811,0.008448
-0.109580,-0.029237,0.045913,0.066445,0.052258,0.152114,0.074700,0.197077,0.151460,0.125423,0.189319,0.029534,0.116262,0.308024,0.145018,0.040863,-0.053087,0.082497,0.047979,0.219529,0.042041,0.024125,0.019596,-0.007550,-0.014256,-0.006597,-0.000359,0.000559,-0.003542,0.027338,-0.005825,-0.003949,0.006904,-0.006259,-0.084728,-0.050494,-0.027524,-0.010452,-0.003094,0.169927,0.039438,0.291117,0.093255,0.169193,0.555030,0.121569,0.405490,1.000000,0.407971,0.024385,-0.047463,0.051328,0.023146,0.335161,-0.001959,-0.019122,0.016056,0.017147,0.069849,0.036375,-0.004979,-0.016727,-0.030448,0.029856,0.059805,-0.016510,-0.021872,0.019030
-0.064564,-0.003465,0.026934,-0.013195,-0.019306,0.122667,0.018893,0.113148,0.066795,-0.027608,0.054142,-0.026590,0.115370,0.119450,0.295769,0.029024,-0.047616,0.090425,-0.001777,0.283443,0.081632,0.056992,0.123439,-0.032728,-0.024518,0.008934,-0.021508,-0.031515,0.078569,0.073473,0.068205,-0.061492,0.034231,-0.018599,-0.024134,-0.067900,0.014474,-0.026823,-0.032140,0.081916,-0.031450,0.110035,0.003923,0.028209,0.108632,0.162578,0.434064,0.407971,1.000000,0.059918,-0.045796,0.144516,0.072766,0.712178,-0.009700,-0.019960,-0.001464,0.112773,-0.035189,0.160602,0.060155,0.006258,-0.005781,-0.015987,0.003182,-0.058878,-0.013124,0.041032
0.059762,0.017407,0.055939,-0.020610,0.099512,-0.053572,-0.001937,-0.024448,0.000267,0.037729,0.010201,0.032872,-0.036907,0.051821,-0.023359,-0.016069,-0.070019,-0.039383,-0.036025,-0.049182,-0.020241,-0.024965,-0.064431,-0.047976,0.003398,-0.019651,0.041529,0.050788,0.023397,0.000897,-0.026229,-0.046183,0.015303,0.039748,0.032374,-0.091524,-0.002162,-0.030434,0.082295,0.036449,0.014652,-0.005724,0.118643,0.218796,-0.005058,-0.023879,0.003922,0.024385,0.059918,1.000000,0.147342,-0.029034,0.003222,-0.001218,-0.029211,-0.065625,-0.013359,0.023098,-0.041375,0.004352,0.007275,0.062980,0.065981,0.024303,0.062886,-0.074537,-0.027326,0.096603
0.062754,-0.043041,-0.023054,-0.006988,-0.047081,-0.084801,-0.017774,-0.107712,-0.040897,-0.049387,-0.048490,-0.002895,-0.072223,-0.015856,-0.000446,-0.058170,-0.031852,-0.013364,-0.016357,-0.020200,-0.018059,-0.020584,0.018895,-0.042882,0.021064,-0.032543,0.043636,-0.021723,-0.007675,0.025748,0.039111,-0.026027,-0.018819,0.033936,-0.098572,-0.089310,-0.029055,-0.036461,0.040106,-0.052842,0.013695,-0.134617,0.018132,0.072467,0.018191,-0.060325,-0.056359,-0.047463,-0.045796,0.147342,1.000000,0.077279,0.103739,-0.012159,0.063361,0.032253,-0.013770,-0.021503,-0.001117,0.036141,0.017458,-0.018614,-0.020628,0.040837,0.021164,0.040307,-0.060606,0.067187
0.002050,0.033229,0.102620,-0.033146,-0.038298,0.057543,0.024987,0.095845,-0.002976,0.062599,0.006840,-0.047769,0.071197,0.061849,0.140384,0.060882,-0.049990,0.361745,0.026800,0.217205,0.119500,0.087279,-0.032266,0.022181,-0.034628,-0.022951,-0.040559,-0.044900,-0.013005,-0.013790,0.074474,0.038282,0.033337,0.009496,0.009520,-0.079532,0.040654,0.016035,-0.022940,0.071751,0.009093,0.089138,0.026788,0.058743,0.010086,-0.011613,0.090399,0.051328,0.144516,-0.029034,0.077279,1.000000,0.436317,0.233789,0.085153,0.088107,0.050424,0.074115,0.051813,0.005101,-0.055950,0.047423,0.031723,0.035848,0.018741,0.002010,-0.043286,0.116149
0.065860,0.044414,0.071956,0.045792,0.022842,0.017553,0.076841,0.085371,0.030209,0.101248,0.031376,0.108056,0.062006,-0.017002,0.063524,-0.000714,-0.004744,0.137978,0.049923,0.109554,0.118908,0.055663,-0.066583,-0.036259,0.088843,-0.023568,0.021244,-0.032308,-0.034126,0.076362,0.077568,-0.017192,0.057629,-0.008554,0.013867,0.039513,0.024072,0.043456,0.044346,0.097691,-0.018207,0.117954,0.063887,0.096801,-0.051793,-0.047161,0.008640,0.023146,0.072766,0.003222,0.103739,0.436317,1.000000,0.098657,-0.040236,-0.003140,0.062455,-0.060777,-0.030144,-0.009201,-0.057929,0.007637,-0.001151,0.022366,0.043652,-0.086338,-0.076105,0.078923
-0.038313,0.048393,-0.006916,-0.022968,0.010878,0.116459,0.055495,0.098714,0.076652,-0.026907,0.068612,-0.008974,0.134211,0.110086,0.355835,0.027570,-0.037424,0.150191,0.038049,0.412315,0.097755,0.079792,0.064852,0.045847,-0.049845,0.038857,-0.049142,0.007170,-0.005280,0.043396,0.002961,-0.049902,0.031518,-0.023836,-0.032327,-0.108680,0.086255,0.024792,-0.025258,0.079423,-0.080768,0.089792,-0.038442,-0.011371,0.129633,0.171359,0.374441,0.335161,0.712178,-0.001218,-0.012159,0.233789,0.098657,1.000000,-0.005385,0.013766,-0.024959,0.104410,-0.001406,0.074770,0.052666,-0.010782,-0.013938,-0.009579,-0.027838,-0.084724,0.022398,0.069080
-0.094236,-0.075729,0.082520,0.023511,0.010643,0.015921,0.017752,0.056429,0.018022,0.087874,0.018365,-0.053152,0.045984,0.068440,0.025521,0.068472,0.029604,0.012150,0.052648,0.037347,0.026322,-0.021972,0.004019,0.008245,-0.102147,0.070819,0.044355,-0.049179,0.020057,0.014316,0.005765,0.092695,0.004309,-0.060095,0.083713,0.050841,-0.086421,0.074462,-0.007252,0.104598,0.037520,0.025547,0.124877,0.126503,0.017862,-0.023356,-0.019546,-0.001959,-0.009700,-0.029211,0.063361,0.085153,-0.040236,-0.005385,1.000000,0.661549,0.123765,0.238526,0.086265,0.005175,0.005667,-0.022958,0.052873,0.047605,0.026202,0.098319,-0.010526,0.028642
-0.003542,-0.058898,0.057538,-0.013440,-0.053216,0.002144,0.004815,0.075734,-0.034560,0.051630,-0.008941,0.015836,0.071921,0.036810,0.070949,0.010288,0.001083,0.049770,-0.001699,0.069081,0.007834,-0.024881,0.050062,0.036952,-0.084981,0.069279,0.070928,0.009705,-0.025614,-0.002421,-0.056002,0.068266,-0.023080,-0.054945,0.088307,0.038547,-0.142218,0.031534,-0.010188,0.072714,0.004983,0.030559,0.071533,0.013224,-0.015340,-0.012898,0.011264,-0.019122,-0.019960,-0.065625,0.032253,0.088107,-0.003140,0.013766,0.661549,1.000000,0.082024,0.378403,0.026910,0.041356,0.000760,0.009152,-0.020259,0.042257,0.020573,0.158791,0.004481,0.133854
-0.037895,-0.032734,-0.035223,0.010766,0.064793,-0.000985,0.040019,0.051730,0.006479,0.084346,0.146809,0.037696,0.004547,0.045338,-0.021681,0.046104,-0.059801,-0.092930,-0.005527,0.031371,0.121159,0.071330,-0.015541,0.030263,0.050004,0.002310,0.016751,-0.011927,0.009848,-0.088178,-0.060042,0.035029,0.006001,0.055246,0.105211,0.060566,-0.041856,-0.014484,-0.052793,0.081720,-0.074083,0.090584,-0.045817,0.164878,0.068468,-0.054254,-0.072090,0.016056,-0.001464,-0.013359,-0.013770,0.050424,0.062455,-0.024959,0.123765,0.082024,1.000000,0.044201,0.160746,0.037544,-0.081967,-0.077181,0.071214,0.077557,-0.012545,0.018551,-0.009113,0.134157
0.041155,-0.095095,0.029758,-0.051885,-0.031211,-0.032496,-0.071749,-0.038779,-0.055700,-0.043969,-0.059630,-0.037071,0.015229,0.033138,0.049509,-0.043497,-0.085378,0.008510,0.027891,0.011404,-0.016980,-0.007531,-0.044760,-0.025060,-0.100083,-0.052722,-0.054685,0.001801,0.016030,-0.030874,-0.001393,0.002436,-0.067116,0.050481,0.063986,0.020517,-0.056036,0.024839,0.044290,0.038631,0.004335,-0.047635,0.041180,0.015200,-0.029689,0.035749,0.079564,0.017147,0.112773,0.023098,-0.021503,0.074115,-0.060777,0.104410,0.238526,0.378403,0.044201,1.000000,0.069541,0.096602,0.062738,0.008913,0.065035,0.014913,0.005097,0.099588,-0.057955,0.064121
-0.002667,-0.011713,-0.007197,-0.029982,-0.047133,0.069620,0.112915,0.053589,0.133368,0.034668,0.079468,-0.094986,-0.000576,0.099435,-0.080381,-0.020878,-0.027598,-0.009024,0.093101,-0.005833,0.045532,0.067270,0.054926,0.026916,-0.020000,-0.012011,-0.096493,-0.045136,0.016646,-0.060091,-0.200188,0.087222,-0.031342,-0.063578,0.070462,0.074155,-0.028265,0.058593,0.050905,0.031803,0.005633,0.045640,-0.003137,0.046537,0.160256,-0.052659,0.020679,0.069849,-0.035189,-0.041375,-0.001117,0.051813,-0.030144,-0.001406,0.086265,0.026910,0.160746,0.069541,1.000000,0.032917,-0.042909,0.033261,0.119058,0.066412,0.041008,0.007547,0.033167,0.028509
-0.000145,-0.008205,-0.059196,0.020151,-0.089701,0.044177,0.030569,0.047141,0.038521,0.027157,-0.024851,-0.057691,0.075558,-0.042275,0.019375,-0.021490,-0.022548,-0.004813,0.015343,-0.024969,0.002236,-0.031222,0.014828,0.033452,-0.102085,-0.038981,0.024762,0.021864,-0.001701,-0.062971,-0.005355,-0.029023,0.054323,0.013613,0.002391,0.020568,-0.017924,0.041258,-0.019064,0.011920,0.008074,0.013922,-0.054270,0.014874,-0.020559,0.043127,0.066454,0.036375,0.160602,0.004352,0.036141,0.005101,-0.009201,0.074770,0.005175,0.041356,0.037544,0.096602,0.032917,1.000000,0.212118,0.068293,0.030145,0.017836,0.042610,0.031169,-0.024924,-0.021656
-0.022257,0.080945,-0.034614,0.013549,-0.039904,0.067264,0.009956,0.069601,0.018927,0.009721,-0.054885,0.019921,0.085280,-0.042543,0.005650,0.080030,0.072271,-0.015055,-0.020903,-0.003282,-0.023601,-0.000324,0.030728,-0.037203,-0.050384,0.026498,0.014499,-0.008390,0.055494,-0.004606,-0.013538,0.007823,-0.008702,0.025192,-0.052210,-0.026839,0.074612,-0.008682,-0.132302,0.013366,-0.018955,0.006756,-0.005203,-0.000268,-0.061469,0.040198,0.021947,-0.004979,0.060155,0.007275,0.017458,-0.055950,-0.057929,0.052666,0.005667,0.000760,-0.081967,0.062738,-0.042909,0.212118,1.000000,0.199304,0.019086,0.019097,-0.030190,-0.072373,0.006751,-0.034307
-0.035450,0.031377,-0.016337,-0.016306,0.005142,0.015886,0.108025,0.040175,0.004104,0.036613,-0.017298,0.049617,0.034739,0.028327,-0.043383,0.059218,0.015436,-0.044807,0.100953,0.013167,0.014036,0.007739,0.061324,-0.013086,-0.065911,-0.015388,0.006451,-0.007403,-0.013501,0.097647,-0.042599,0.010410,0.053136,-0.058735,0.018156,-0.052940,-0.024831,-0.048014,-0.009648,-0.027308,-0.014300,0.030798,-0.035361,-0.032500,-0.005322,0.048493,-0.043193,-0.016727,0.006258,0.062980,-0.018614,0.047423,0.007637,-0.010782,-0.022958,0.009152,-0.077181,0.008913,0.033261,0.068293,0.199304,1.000000,0.019359,0.024498,-0.052474,0.001361,0.009378,0.128676
