1.000000,0.118376,0.090776,-0.036595,0.143600,0.026739,0.079515,0.026516,0.012047,-0.006404,-0.006891,0.000689,0.035998,0.008306,0.011549,-0.044479,0.029289,0.006756,-0.047059,0.019008,0.052504,0.047047,-0.019934,0.026048,-0.022709,-0.015552,-0.001512,0.088420,0.006812,0.044724,0.077386,0.115641,-0.070101,0.276002,-0.024118,0.093401,0.071178,-0.013202,-0.119126,-0.005381,-0.047160,-0.016320,-0.021837,0.021246,0.046621,0.094347,0.003745,0.024981,-0.055278,-0.037317,-0.028275,-0.061620,0.058640,-0.007535,-0.018001,-0.013261,-0.043205,0.026307,-0.035735,0.066543,0.036419,0.063215,0.036148,0.015365,0.086812,0.005223,0.053949,-0.120303
0.118376,1.000000,0.073771,0.012148,0.010790,0.059550,0.033332,0.049118,0.027031,-0.017403,-0.104934,0.051334,0.005263,-0.057753,0.002044,0.010291,0.050795,0.057304,0.034298,0.066692,0.108662,0.100269,-0.024913,0.077684,-0.039623,0.030846,-0.042474,0.016734,0.007573,0.006720,0.046141,0.024734,0.043501,0.138958,-0.068050,-0.004867,-0.003830,0.003711,0.003844,-0.008855,-0.027663,0.025735,-0.054698,-0.002882,0.070539,-0.020171,0.036676,0.074224,0.087571,0.028594,0.029777,0.011082,0.024279,0.104424,-0.047747,-0.034104,0.001306,-0.011895,0.032416,0.054852,-0.021291,-0.005759,0.029219,0.017264,0.006565,-0.009022,0.106555,-0.039076
0.090776,0.073771,1.000000,0.021703,0.017156,-0.005228,0.036858,-0.003287,-0.013210,-0.101710,-0.015024,-0.035238,0.046142,0.013859,0.087575,-0.074475,0.108182,0.062422,0.053149,0.001327,0.004328,0.023619,0.029445,0.050590,-0.001611,-0.004680,-0.103332,-0.059680,-0.051257,-0.016639,0.076505,0.028212,-0.010098,0.072870,-0.002763,-0.030797,0.038009,0.033565,0.029458,0.090377,-0.026644,0.027671,0.013925,-0.085915,0.040860,0.049002,0.005901,0.015222,-0.018276,0.023808,0.010034,0.005389,-0.058199,0.045442,0.013917,-0.036037,-0.034634,-0.015952,0.018492,0.079749,0.042411,0.039697,-0.075662,0.009864,-0.046914,0.072263,0.049867,0.076176
-0.036595,0.012148,0.021703,1.000000,-0.024286,0.015846,-0.050041,0.094306,0.061864,0.007868,-0.006744,0.311476,0.026798,-0.009319,-0.014962,-0.060485,-0.059460,-0.039373,0.023599,-0.004378,0.038279,0.076951,-0.018435,-0.065560,0.028993,0.028029,-0.012066,0.007681,-0.043804,0.008365,0.048542,-0.020008,0.049207,0.090678,0.046120,0.020342,0.032608,0.526051,0.023768,0.068858,0.023286,0.109725,0.040746,0.000511,-0.020990,0.084968,-0.023447,0.014990,0.049040,0.003520,0.014422,0.013057,0.031835,0.004719,0.090437,0.086660,0.031783,0.016119,0.060196,0.013708,-0.055626,-0.030155,0.004187,0.010340,-0.038394,0.090048,0.052435,0.025931
0.143600,0.010790,0.017156,-0.024286,1.000000,0.187983,0.188291,0.176023,0.196324,0.162396,0.072119,0.004512,0.186648,0.106156,0.066470,0.018326,0.033799,0.048346,0.093907,0.034948,-0.020958,-0.037081,0.014523,-0.020181,-0.004308,0.013352,-0.014903,-0.012688,0.029567,0.044105,-0.015044,0.066589,-0.042011,0.125119,0.125008,-0.003570,0.035323,0.003942,-0.027413,0.030696,0.036143,0.087489,0.088868,0.202775,0.001576,0.067001,0.066979,-0.002461,-0.056332,0.137525,0.029360,-0.095056,0.046860,-0.013950,0.024503,-0.003501,-0.047144,-0.014843,-0.116696,0.022903,-0.023223,-0.009362,0.000343,0.027508,0.058530,-0.015952,-0.044842,-0.001796
0.026739,0.059550,-0.005228,0.015846,0.187983,1.000000,0.252889,0.560939,0.488627,0.412021,0.120287,0.125786,0.327836,0.226927,0.097174,0.044674,0.110258,-0.066389,-0.025678,0.065295,-0.009472,0.042824,0.023375,-0.105364,-0.022715,0.036605,0.044857,-0.050666,0.011438,0.033601,-0.040599,0.019939,-0.063737,0.021673,-0.012329,-0.024832,0.086956,0.033504,0.058855,0.206292,0.257841,0.388544,0.322230,0.410098,0.052591,0.050345,0.166659,0.077877,0.034612,0.096533,0.106302,0.096099,0.048098,0.012765,0.017446,0.057631,-0.042396,0.073253,0.006329,0.036457,-0.018350,-0.067792,-0.026662,0.049243,0.029281,-0.022237,-0.003155,0.038228
0.079515,0.033332,0.036858,-0.050041,0.188291,0.252889,1.000000,0.257636,0.419296,0.107893,-0.044363,-0.036696,0.252196,0.003706,0.054563,0.069024,0.054177,0.058076,0.023978,0.008981,0.036499,0.004477,0.011672,-0.006343,-0.005655,0.015050,-0.002381,-0.014045,0.066061,0.009219,0.002203,-0.016901,-0.010953,0.084944,0.082250,-0.005948,-0.017006,-0.003858,0.025032,0.050634,0.295003,0.164935,0.057908,0.139495,0.115345,0.031165,0.208144,0.133866,0.039814,0.072958,0.078920,0.111165,-0.020436,0.135760,-0.013426,0.000648,0.033283,0.015803,-0.018587,0.042954,-0.060493,-0.053487,-0.032435,-0.002734,0.057040,-0.005081,0.024308,0.056562
0.026516,0.049118,-0.003287,0.094306,0.176023,0.560939,0.257636,1.000000,0.408642,0.431454,0.220895,0.335251,0.637012,0.438572,0.271229,0.047679,0.086519,-0.027388,-0.026467,0.189054,0.021864,-0.023143,0.071881,-0.099290,-0.017539,0.023810,-0.022607,-0.098647,-0.025066,0.082846,-0.031117,-0.007260,-0.026290,0.000914,0.017442,-0.000901,0.143021,0.096798,0.060648,0.347679,0.252471,0.788196,0.414238,0.417636,0.096874,0.006854,0.165801,0.081786,0.017150,0.135858,0.111508,0.071434,0.126412,-0.025593,0.027142,0.057794,0.016653,0.057230,-0.011332,0.061894,-0.015730,-0.015775,0.020538,0.060813,0.039622,0.032331,0.001524,0.083150
0.012047,0.027031,-0.013210,0.061864,0.196324,0.488627,0.419296,0.408642,1.000000,0.308512,0.035748,0.052823,0.372318,0.158550,0.119271,0.005468,0.074825,-0.050661,0.052726,0.004531,-0.006012,0.003584,-0.044074,-0.091468,-0.066477,0.076132,0.058490,-0.062600,-0.068684,0.050313,-0.013322,-0.055314,0.040571,0.011876,0.044481,0.046530,-0.011674,0.028796,0.042461,0.127885,0.294391,0.237987,0.228814,0.316210,0.113282,0.002274,0.193029,0.160370,0.095379,0.173671,0.142784,0.074418,0.037686,0.062056,0.025960,0.068551,0.013953,-0.008457,-0.040780,0.022877,-0.050186,-0.048871,-0.018708,0.022521,0.109514,0.101144,0.019862,0.067622
-0.006404,-0.017403,-0.101710,0.007868,0.162396,0.412021,0.107893,0.431454,0.308512,1.000000,0.277627,0.058227,0.298426,0.365422,0.190595,0.158823,0.041755,-0.040228,0.024909,0.133340,-0.069422,-0.085543,-0.033704,-0.134361,0.040628,-0.000391,-0.010986,-0.037549,-0.041410,0.098578,-0.023496,0.005375,-0.072000,-0.083053,-0.077406,-0.048118,0.049722,0.004227,0.035842,0.173145,0.195617,0.310597,0.335669,0.725677,0.080488,-0.053173,0.078046,0.027353,-0.105554,0.098210,0.047715,0.034171,0.035575,-0.124644,-0.011287,-0.000119,-0.007084,0.002722,0.023307,-0.010824,-0.056730,-0.081644,0.059491,0.032051,0.019018,-0.015922,0.035934,0.000594
-0.006891,-0.104934,-0.015024,-0.006744,0.072119,0.120287,-0.044363,0.220895,0.035748,0.277627,1.000000,-0.018830,0.151700,0.824097,0.338115,0.055373,-0.007765,-0.030897,-0.020654,0.285001,-0.047506,-0.077383,0.024071,-0.084374,-0.041768,0.007927,-0.020718,-0.011790,-0.003963,0.066605,0.001712,0.047897,-0.061716,0.011235,0.008191,0.028525,0.058765,0.051888,0.035396,0.075543,-0.057560,0.173011,0.126885,0.274188,-0.057333,-0.033135,-0.059007,-0.208508,-0.226704,0.083177,0.068834,0.018315,0.009317,-0.245227,-0.013565,0.011224,0.036086,0.046215,0.009137,0.003896,-0.002238,0.060414,-0.024307,0.048153,0.000954,-0.020335,0.030144,0.067842
0.000689,0.051334,-0.035238,0.311476,0.004512,0.125786,-0.036696,0.335251,0.052823,0.058227,-0.018830,1.000000,0.345997,0.078981,0.061986,-0.050183,0.015342,-0.054550,-0.026648,0.061551,-0.044336,-0.028933,-0.019839,-0.051956,-0.043767,-0.025596,-0.015839,-0.022363,-0.026324,0.012739,-0.039302,-0.008691,0.013765,0.058590,0.020969,0.009019,0.066970,0.156471,-0.015646,0.136542,0.092205,0.257115,0.166957,0.081893,0.016299,0.127555,0.100421,0.097533,0.069989,-0.031381,0.002461,0.009160,0.061797,0.052052,0.081026,0.085492,0.062755,0.034656,0.025097,-0.027569,-0.038784,-0.015862,0.038615,0.036702,0.048218,0.080727,-0.019048,0.028555
0.035998,0.005263,0.046142,0.026798,0.186648,0.327836,0.252196,0.637012,0.372318,0.298426,0.151700,0.345997,1.000000,0.449469,0.487096,-0.024544,0.065617,0.022023,-0.006046,0.278586,-0.009660,-0.051626,0.122085,-0.041885,-0.015279,0.043966,-0.044801,-0.073456,-0.049738,0.003850,-0.032527,0.035936,-0.037989,0.023162,0.020133,-0.027134,0.121379,-0.003565,0.000341,0.126457,0.181988,0.392290,0.190369,0.276140,0.229531,-0.030223,0.229862,0.184542,0.059949,0.172906,0.069813,0.109174,0.037444,0.024441,-0.018270,0.042341,0.021630,0.044175,-0.032568,0.093869,0.002791,-0.001342,-0.031196,0.054561,0.051238,0.070979,0.043445,0.025554
0.008306,-0.057753,0.013859,-0.009319,0.106156,0.226927,0.003706,0.438572,0.158550,0.365422,0.824097,0.078981,0.449469,1.000000,0.572281,0.090244,0.034405,-0.000708,-0.017256,0.435074,-0.072165,-0.095282,0.085986,-0.087783,-0.025302,0.020668,-0.045448,-0.044265,-0.034090,0.063457,0.013392,0.032504,-0.044484,-0.001786,-0.032155,0.023107,0.063513,0.023399,0.019783,0.111394,-0.001866,0.292159,0.183787,0.361113,0.115533,-0.061505,0.009286,-0.043180,-0.118590,0.137519,0.076237,0.071453,0.028575,-0.190170,0.019371,0.074764,0.047512,0.080840,-0.006379,0.033364,-0.009002,0.037737,-0.034008,0.030543,-0.010606,0.005741,0.067849,0.061326
0.011549,0.002044,0.087575,-0.014962,0.066470,0.097174,0.054563,0.271229,0.119271,0.190595,0.338115,0.061986,0.487096,0.572281,1.000000,0.000151,-0.001742,0.078844,-0.002616,0.590590,0.003147,-0.057360,0.035819,-0.048139,-0.016228,0.137035,-0.015961,-0.076013,-0.008511,0.026499,0.027528,0.008496,-0.016569,0.023881,-0.093153,0.019118,0.044500,-0.017445,0.009949,0.045932,0.028976,0.135577,0.134793,0.209009,0.208623,-0.029586,0.109039,0.091283,0.062311,0.105660,0.077484,0.117394,0.020088,-0.034974,-0.001166,0.011914,0.052759,-0.029042,-0.040837,0.054698,-0.018566,-0.044878,-0.022484,0.042057,-0.080630,0.074599,0.098400,0.011413
-0.044479,0.010291,-0.074475,-0.060485,0.018326,0.044674,0.069024,0.047679,0.005468,0.158823,0.055373,-0.050183,-0.024544,0.090244,0.000151,1.000000,0.119973,0.021056,0.044538,0.017475,-0.002352,-0.054003,-0.001122,0.015403,0.002702,-0.047474,-0.009306,0.040621,0.048240,-0.016054,0.044827,0.031827,-0.041160,0.050506,-0.044310,-0.088501,-0.019824,0.009282,0.030129,0.072356,0.080789,0.100677,0.082640,0.140863,0.102935,0.011801,0.079253,0.083080,0.054746,0.060907,-0.038479,-0.018580,0.020083,0.006000,-0.069459,-0.054874,0.045183,0.008566,0.009111,0.009410,0.011661,-0.011290,0.046177,0.029783,0.056151,0.017820,-0.089564,0.020415
0.029289,0.050795,0.108182,-0.059460,0.033799,0.110258,0.054177,0.086519,0.074825,0.041755,-0.007765,0.015342,0.065617,0.034405,-0.001742,0.119973,1.000000,0.033239,0.042903,0.001688,0.024090,-0.006843,0.056649,-0.019532,-0.017313,-0.038253,-0.020736,0.019230,-0.077032,0.029042,0.087609,0.126941,0.057869,0.122026,0.008282,0.050424,-0.047157,-0.044890,-0.039042,0.031096,-0.014479,0.095280,0.013001,0.028444,0.048424,-0.001073,0.017698,-0.000972,-0.015257,-0.059036,0.007699,0.023625,0.028959,-0.010597,0.055319,0.070121,-0.028078,0.050090,-0.039232,0.000361,0.008517,-0.056381,0.001507,0.058956,0.019963,0.011038,0.000926,-0.036349
0.006756,0.057304,0.062422,-0.039373,0.048346,-0.066389,0.058076,-0.027388,-0.050661,-0.040228,-0.030897,-0.054550,0.022023,-0.000708,0.078844,0.021056,0.033239,1.000000,0.319103,0.232137,0.133053,0.168312,0.050168,0.078934,0.057968,0.081550,0.015434,0.042669,0.001595,-0.026415,0.121905,0.183836,0.031313,0.069825,-0.007351,0.056769,0.051294,0.011889,-0.052915,0.033440,0.007477,-0.000492,0.007212,-0.030355,0.029543,-0.061165,-0.014193,-0.008908,0.013981,-0.077750,-0.025152,0.046585,0.024884,0.013651,-0.004640,0.005764,0.029821,-0.008376,-0.058514,0.046720,0.030537,0.065027,0.002241,0.079604,-0.042447,0.055478,-0.005068,0.014563
-0.047059,0.034298,0.053149,0.023599,0.093907,-0.025678,0.023978,-0.026467,0.052726,0.024909,-0.020654,-0.026648,-0.006046,-0.017256,-0.002616,0.044538,0.042903,0.319103,1.000000,-0.014092,-0.008099,0.021414,0.040154,0.018091,0.075480,0.069134,-0.006235,0.050744,0.071582,0.094680,0.077250,0.085999,0.015093,0.050366,-0.018676,0.005817,0.085731,0.017257,-0.017176,0.039740,0.004109,0.004675,-0.007691,0.031549,-0.034313,0.030710,0.056139,-0.028574,0.049414,-0.094947,-0.029690,0.009737,-0.029386,0.068520,-0.027597,-0.059103,0.013813,-0.009495,-0.029580,0.048342,-0.005170,0.012821,0.011236,0.040577,0.035834,0.010515,-0.027726,-0.087130
0.019008,0.066692,0.001327,-0.004378,0.034948,0.065295,0.008981,0.189054,0.004531,0.133340,0.285001,0.061551,0.278586,0.435074,0.590590,0.017475,0.001688,0.232137,-0.014092,1.000000,0.122384,0.133235,0.069229,0.004321,-0.004744,0.098667,0.033294,-0.019954,0.021417,0.045296,0.072395,0.046307,0.026359,0.123793,-0.035440,0.091485,-0.022515,0.032832,-0.021737,0.065340,0.039870,0.113465,0.093509,0.156058,0.033395,-0.113446,0.002230,-0.043808,-0.074154,0.087520,0.098326,0.036514,0.058593,-0.086443,0.060272,0.068142,0.037918,0.070503,-0.052030,-0.046923,-0.104651,-0.049954,0.004174,0.090614,-0.083537,0.098331,0.090189,-0.013864
0.052504,0.108662,0.004328,0.038279,-0.020958,-0.009472,0.036499,0.021864,-0.006012,-0.069422,-0.047506,-0.044336,-0.009660,-0.072165,0.003147,-0.002352,0.024090,0.133053,-0.008099,0.122384,1.000000,0.707665,0.031523,0.109172,-0.042373,0.049468,-0.024027,-0.009961,0.021505,0.010169,0.082920,0.053426,0.027107,0.047231,0.034930,0.057784,0.055907,0.028781,0.003833,-0.011373,-0.020513,0.003371,-0.033714,-0.045531,-0.000813,-0.055850,0.020723,-0.018698,0.013022,0.040227,0.120521,0.038127,0.042242,0.010542,0.073545,0.074510,0.000562,0.079948,-0.033121,0.035074,-0.041901,-0.036382,0.024027,0.062321,-0.047010,0.011402,0.017882,-0.000545
0.047047,0.100269,0.023619,0.076951,-0.037081,0.042824,0.004477,-0.023143,0.003584,-0.085543,-0.077383,-0.028933,-0.051626,-0.095282,-0.057360,-0.054003,-0.006843,0.168312,0.021414,0.133235,0.707665,1.000000,0.020928,0.191201,-0.044852,-0.013007,-0.029641,-0.026217,0.027681,-0.014945,0.082571,0.086577,-0.000686,0.068653,0.046709,0.027671,0.061813,0.079307,0.043964,-0.009146,0.027600,-0.019254,-0.087497,-0.100751,-0.032872,-0.017511,-0.034451,-0.037887,-0.019292,0.011992,0.110496,0.006909,-0.017824,0.000788,0.121414,0.150403,-0.000117,0.089558,-0.003918,0.063153,-0.008577,-0.014080,0.019665,0.048547,0.015655,-0.001197,0.055113,0.016212
-0.019934,-0.024913,0.029445,-0.018435,0.014523,0.023375,0.011672,0.071881,-0.044074,-0.033704,0.024071,-0.019839,0.122085,0.085986,0.035819,-0.001122,0.056649,0.050168,0.040154,0.069229,0.031523,0.020928,1.000000,0.046020,0.291072,0.064741,0.044269,0.007272,0.093294,-0.042023,0.036389,0.027438,0.110776,-0.008740,0.026892,0.013421,0.031123,-0.027145,-0.003576,-0.049087,-0.029844,0.011310,-0.042153,-0.011984,0.089159,0.026210,0.072210,0.071558,0.048889,0.030849,-0.022019,0.026573,0.002806,-0.025448,0.025254,0.084273,-0.040422,0.087563,-0.004007,0.039056,0.007866,0.056241,-0.083412,-0.026143,-0.028273,0.054104,-0.051900,-0.054187
0.026048,0.077684,0.050590,-0.065560,-0.020181,-0.105364,-0.006343,-0.099290,-0.091468,-0.134361,-0.084374,-0.051956,-0.041885,-0.087783,-0.048139,0.015403,-0.019532,0.078934,0.018091,0.004321,0.109172,0.191201,0.046020,1.000000,0.009941,0.024045,0.046679,0.050138,0.087355,0.054860,0.086970,0.013396,0.035855,-0.067057,0.023725,0.012375,-0.025599,-0.042964,-0.030864,-0.017420,-0.030706,-0.069032,-0.088024,-0.082353,0.010618,-0.020717,0.039368,0.059070,0.043612,0.028919,0.012013,-0.026976,-0.054178,0.084600,0.047810,0.037925,-0.017419,-0.019777,-0.027739,0.071601,-0.007322,-0.048672,0.009375,-0.002820,-0.009563,-0.043350,0.071793,-0.028201
-0.022709,-0.039623,-0.001611,0.028993,-0.004308,-0.022715,-0.005655,-0.017539,-0.066477,0.040628,-0.041768,-0.043767,-0.015279,-0.025302,-0.016228,0.002702,-0.017313,0.057968,0.075480,-0.004744,-0.042373,-0.044852,0.291072,0.009941,1.000000,0.118095,0.077694,0.057608,0.208535,0.081241,0.084264,0.126793,0.044190,-0.014661,-0.048829,-0.054023,0.023770,-0.000105,-0.041135,-0.005236,0.034987,-0.012514,-0.032252,0.034501,0.011735,-0.002547,0.037721,-0.000978,0.083260,-0.044327,-0.064197,0.012145,-0.063824,0.044739,0.001547,0.000319,-0.024211,-0.049214,0.049599,0.015519,0.011321,-0.028626,-0.006329,-0.023336,-0.033144,-0.016828,0.000018,-0.046814
-0.015552,0.030846,-0.004680,0.028029,0.013352,0.036605,0.015050,0.023810,0.076132,-0.000391,0.007927,-0.025596,0.043966,0.020668,0.137035,-0.047474,-0.038253,0.081550,0.069134,0.098667,0.049468,-0.013007,0.064741,0.024045,0.118095,1.000000,0.274171,0.050967,0.010633,-0.029042,-0.041270,0.020729,0.008976,0.039434,0.039743,0.104451,-0.034696,0.044224,0.033006,-0.039966,0.048555,-0.005889,0.030753,0.023947,-0.000151,0.052543,0.146888,0.006653,0.089628,0.078908,0.122649,0.099479,0.024976,0.028792,-0.035441,-0.029144,0.009526,-0.145191,0.038637,0.003240,0.069654,0.108917,-0.037925,-0.038179,-0.099175,0.124809,0.042078,0.049674
-0.001512,-0.042474,-0.103332,-0.012066,-0.014903,0.044857,-0.002381,-0.022607,0.058490,-0.010986,-0.020718,-0.015839,-0.044801,-0.045448,-0.015961,-0.009306,-0.020736,0.015434,-0.006235,0.033294,-0.024027,-0.029641,0.044269,0.046679,0.077694,0.274171,1.000000,0.157261,0.041178,0.048026,-0.069392,0.004751,0.067492,-0.062426,-0.039231,-0.060660,-0.127600,0.032032,-0.018476,-0.066880,-0.011247,-0.038646,0.018829,0.030539,-0.098297,0.017234,-0.007480,-0.050285,0.024369,0.025781,0.055467,-0.055350,0.059382,-0.045203,0.062616,0.028874,0.039202,-0.031920,-0.075180,0.075398,0.049911,0.021663,0.017275,-0.004100,-0.002436,0.052742,-0.033324,-0.059456
0.088420,0.016734,-0.059680,0.007681,-0.012688,-0.050666,-0.014045,-0.098647,-0.062600,-0.037549,-0.011790,-0.022363,-0.073456,-0.044265,-0.076013,0.040621,0.019230,0.042669,0.050744,-0.019954,-0.009961,-0.026217,0.007272,0.050138,0.057608,0.050967,0.157261,1.000000,0.032090,-0.072927,0.083234,0.075129,-0.063975,0.114542,0.071580,0.035387,-0.006567,0.044443,-0.018404,-0.029471,-0.060970,-0.100513,-0.037515,-0.047621,-0.002645,0.033664,0.019882,0.017822,0.074480,0.008918,0.036387,0.133869,-0.015970,0.144254,0.007154,-0.015226,0.023977,0.005850,-0.014828,0.045916,0.028418,0.013859,0.062470,0.112633,0.059797,0.021296,-0.033554,0.047788
0.006812,0.007573,-0.051257,-0.043804,0.029567,0.011438,0.066061,-0.025066,-0.068684,-0.041410,-0.003963,-0.026324,-0.049738,-0.034090,-0.008511,0.048240,-0.077032,0.001595,0.071582,0.021417,0.021505,0.027681,0.093294,0.087355,0.208535,0.010633,0.041178,0.032090,1.000000,0.051066,0.013373,-0.000333,0.053000,0.017062,-0.002910,0.041144,-0.007237,-0.076299,-0.004204,-0.068152,0.073730,0.007002,-0.070907,0.014312,-0.101680,0.040080,0.044460,-0.115115,-0.081019,-0.036645,-0.010412,-0.084981,-0.053057,-0.071901,-0.009336,-0.022100,-0.076609,0.031671,-0.022857,-0.029633,0.139099,0.086819,-0.048600,0.029507,-0.021318,-0.060515,-0.020316,-0.031094
0.044724,0.006720,-0.016639,0.008365,0.044105,0.033601,0.009219,0.082846,0.050313,0.098578,0.066605,0.012739,0.003850,0.063457,0.026499,-0.016054,0.029042,-0.026415,0.094680,0.045296,0.010169,-0.014945,-0.042023,0.054860,0.081241,-0.029042,0.048026,-0.072927,0.051066,1.000000,0.040657,0.012224,-0.025276,0.000474,-0.122155,-0.025220,-0.039904,0.025525,-0.037282,0.057183,0.008250,0.050581,0.095371,0.082368,0.025207,-0.018010,0.017134,0.006433,0.042201,-0.098346,-0.089865,-0.055479,0.053167,0.019702,0.068851,0.042290,0.016836,-0.031359,-0.087996,0.038168,-0.041071,-0.033249,0.013475,-0.017184,0.004659,-0.015166,0.003082,-0.065992
0.077386,0.046141,0.076505,0.048542,-0.015044,-0.040599,0.002203,-0.031117,-0.013322,-0.023496,0.001712,-0.039302,-0.032527,0.013392,0.027528,0.044827,0.087609,0.121905,0.077250,0.072395,0.082920,0.082571,0.036389,0.086970,0.084264,-0.041270,-0.069392,0.083234,0.013373,0.040657,1.000000,0.010795,-0.116282,0.043740,0.000353,0.022022,0.005440,-0.012288,-0.039384,-0.014811,0.049642,-0.001011,0.018914,-0.047047,0.051981,-0.054964,0.015036,0.032699,0.030318,-0.009378,0.046814,-0.049014,-0.039071,0.014948,-0.063040,-0.057342,0.067364,-0.035134,0.020791,-0.003871,0.006295,0.046806,-0.001888,-0.000546,0.029732,-0.006942,-0.004890,0.004891
0.115641,0.024734,0.028212,-0.020008,0.066589,0.019939,-0.016901,-0.007260,-0.055314,0.005375,0.047897,-0.008691,0.035936,0.032504,0.008496,0.031827,0.126941,0.183836,0.085999,0.046307,0.053426,0.086577,0.027438,0.013396,0.126793,0.020729,0.004751,0.075129,-0.000333,0.012224,0.010795,1.000000,0.047601,0.128009,0.013808,0.033510,0.022104,0.067145,-0.014209,0.038598,-0.054805,0.012993,0.006327,0.069830,0.012647,0.074821,0.002095,-0.037314,-0.039349,-0.011904,0.049988,0.034620,-0.013238,-0.003947,-0.015275,-0.009362,0.054079,0.038129,0.029885,0.064604,0.073018,0.062527,0.053198,0.056414,0.027536,0.037044,-0.049599,-0.006929
-0.070101,0.043501,-0.010098,0.049207,-0.042011,-0.063737,-0.010953,-0.026290,0.040571,-0.072000,-0.061716,0.013765,-0.037989,-0.044484,-0.016569,-0.041160,0.057869,0.031313,0.015093,0.026359,0.027107,-0.000686,0.110776,0.035855,0.044190,0.008976,0.067492,-0.063975,0.053000,-0.025276,-0.116282,0.047601,1.000000,-0.072424,-0.000233,0.061313,-0.050009,0.073407,0.054499,-0.060168,-0.106117,-0.064128,-0.075713,-0.061878,0.044219,0.024400,0.058942,0.059053,0.049132,-0.035249,-0.028851,0.007498,0.000921,0.067904,0.053584,0.093341,-0.040607,0.058283,0.071704,-0.078268,-0.053855,0.018052,0.051361,-0.063700,0.040241,0.017108,-0.051509,0.111204
0.276002,0.138958,0.072870,0.090678,0.125119,0.021673,0.084944,0.000914,0.011876,-0.083053,0.011235,0.058590,0.023162,-0.001786,0.023881,0.050506,0.122026,0.069825,0.050366,0.123793,0.047231,0.068653,-0.008740,-0.067057,-0.014661,0.039434,-0.062426,0.114542,0.017062,0.000474,0.043740,0.128009,-0.072424,1.000000,0.040100,0.052906,0.017865,0.016080,-0.065508,0.064892,0.000483,0.016044,-0.022100,-0.098670,0.036110,0.004823,-0.015388,0.076767,0.020141,-0.029475,0.025416,0.002844,0.030919,0.029109,-0.063031,-0.056841,-0.005349,0.030466,0.050332,-0.006433,-0.042599,0.003166,0.050346,0.115855,0.036620,-0.013162,0.113110,-0.034226
-0.024118,-0.068050,-0.002763,0.046120,0.125008,-0.012329,0.082250,0.017442,0.044481,-0.077406,0.008191,0.020969,0.020133,-0.032155,-0.093153,-0.044310,0.008282,-0.007351,-0.018676,-0.035440,0.034930,0.046709,0.026892,0.023725,-0.048829,0.039743,-0.039231,0.071580,-0.002910,-0.122155,0.000353,0.013808,-0.000233,0.040100,1.000000,0.257125,0.034295,0.061869,0.309865,0.030013,0.137669,0.015763,-0.067648,-0.078417,-0.087154,0.020511,-0.029276,0.001405,-0.000660,0.146825,0.152674,0.100055,0.002772,0.065636,0.037313,0.039906,0.008829,0.100250,0.071959,-0.093884,-0.089112,-0.059965,0.063310,0.026124,0.088152,0.078747,-0.088369,0.376482
0.093401,-0.004867,-0.030797,0.020342,-0.003570,-0.024832,-0.005948,-0.000901,0.046530,-0.048118,0.028525,0.009019,-0.027134,0.023107,0.019118,-0.088501,0.050424,0.056769,0.005817,0.091485,0.057784,0.027671,0.013421,0.012375,-0.054023,0.104451,-0.060660,0.035387,0.041144,-0.025220,0.022022,0.033510,0.061313,0.052906,0.257125,1.000000,-0.025652,0.018123,0.206184,0.040617,0.041711,0.027180,-0.001516,0.005592,-0.029493,-0.090958,0.057745,0.015891,0.010793,-0.028320,0.057182,0.082197,-0.039966,0.035412,0.019946,0.048437,-0.051754,0.076165,0.011881,0.005613,-0.015080,0.011956,0.133493,0.003952,0.100489,0.133350,-0.101853,0.160629
0.071178,-0.003830,0.038009,0.032608,0.035323,0.086956,-0.017006,0.143021,-0.011674,0.049722,0.058765,0.066970,0.121379,0.063513,0.044500,-0.019824,-0.047157,0.051294,0.085731,-0.022515,0.055907,0.061813,0.031123,-0.025599,0.023770,-0.034696,-0.127600,-0.006567,-0.007237,-0.039904,0.005440,0.022104,-0.050009,0.017865,0.034295,-0.025652,1.000000,0.052485,-0.109074,0.043617,0.002582,0.104165,0.066197,0.006256,0.000089,0.056528,0.041324,-0.009375,-0.027033,-0.031429,-0.016694,0.051440,0.004342,-0.008874,-0.085899,-0.021243,0.058106,-0.002533,-0.032371,0.033715,0.048742,0.051528,0.054869,0.033528,0.029114,-0.028431,0.013986,-0.095609
-0.013202,0.003711,0.033565,0.526051,0.003942,0.033504,-0.003858,0.096798,0.028796,0.004227,0.051888,0.156471,-0.003565,0.023399,-0.017445,0.009282,-0.044890,0.011889,0.017257,0.032832,0.028781,0.079307,-0.027145,-0.042964,-0.000105,0.044224,0.032032,0.044443,-0.076299,0.025525,-0.012288,0.067145,0.073407,0.016080,0.061869,0.018123,0.052485,1.000000,0.020499,0.097077,-0.018582,0.158990,0.049287,0.004933,-0.026103,0.169185,-0.043824,-0.017270,-0.028361,0.027435,0.014397,-0.013941,0.056163,-0.027965,0.095458,0.126840,0.072662,-0.009896,-0.011440,-0.026770,-0.108911,-0.068619,0.103568,0.037974,-0.029088,0.070118,0.005701,0.053139
-0.119126,0.003844,0.029458,0.023768,-0.027413,0.058855,0.025032,0.060648,0.042461,0.035842,0.035396,-0.015646,0.000341,0.019783,0.009949,0.030129,-0.039042,-0.052915,-0.017176,-0.021737,0.003833,0.043964,-0.003576,-0.030864,-0.041135,0.033006,-0.018476,-0.018404,-0.004204,-0.037282,-0.039384,-0.014209,0.054499,-0.065508,0.309865,0.206184,-0.109074,0.020499,1.000000,0.145626,0.197935,0.099578,0.117722,0.088007,-0.053694,0.052180,0.061188,-0.003959,-0.013188,0.086479,0.122143,0.046709,-0.033725,-0.007232,0.000843,0.073355,0.015601,0.036682,0.087449,-0.008671,-0.008368,0.064661,0.017395,-0.005145,0.035554,0.134025,-0.051550,0.592449
-0.005381,-0.008855,0.090377,0.068858,0.030696,0.206292,0.050634,0.347679,0.127885,0.173145,0.075543,0.136542,0.126457,0.111394,0.045932,0.072356,0.031096,0.033440,0.039740,0.065340,-0.011373,-0.009146,-0.049087,-0.017420,-0.005236,-0.039966,-0.066880,-0.029471,-0.068152,0.057183,-0.014811,0.038598,-0.060168,0.064892,0.030013,0.040617,0.043617,0.097077,0.145626,1.000000,0.162139,0.501143,0.588247,0.261814,-0.007947,0.038723,0.075896,0.006528,-0.037376,0.029224,0.085244,0.038596,0.144200,0.016831,-0.049351,0.000817,0.044495,-0.018998,0.035896,0.030635,0.019558,0.053016,0.139025,0.173408,0.008939,0.058036,0.051153,0.207784
-0.047160,-0.027663,-0.026644,0.023286,0.036143,0.257841,0.295003,0.252471,0.294391,0.195617,-0.057560,0.092205,0.181988,-0.001866,0.028976,0.080789,-0.014479,0.007477,0.004109,0.039870,-0.020513,0.027600,-0.029844,-0.030706,0.034987,0.048555,-0.011247,-0.060970,0.073730,0.008250,0.049642,-0.054805,-0.106117,0.000483,0.137669,0.041711,0.002582,-0.018582,0.197935,0.162139,1.000000,0.227507,0.174385,0.205170,0.107529,0.026230,0.135864,0.097993,-0.003586,0.120122,0.166071,0.094228,0.072610,0.001124,0.028983,0.049423,0.053074,0.041225,0.046031,0.029775,0.009211,0.011032,-0.031269,0.079622,0.131725,0.054709,-0.001338,0.229731
-0.016320,0.025735,0.027671,0.109725,0.087489,0.388544,0.164935,0.788196,0.237987,0.310597,0.173011,0.257115,0.392290,0.292159,0.135577,0.100677,0.095280,-0.000492,0.004675,0.113465,0.003371,-0.019254,0.011310,-0.069032,-0.012514,-0.005889,-0.038646,-0.100513,0.007002,0.050581,-0.001011,0.012993,-0.064128,0.016044,0.015763,0.027180,0.104165,0.158990,0.099578,0.501143,0.227507,1.000000,0.465433,0.344309,0.017990,0.046796,0.174318,0.015748,0.009647,0.045436,0.043699,0.074286,0.120573,-0.022125,0.027221,0.033387,0.038296,0.012674,-0.005519,0.042778,-0.011566,-0.008504,0.053945,0.089253,0.058257,0.048714,-0.013499,0.133768
-0.021837,-0.054698,0.013925,0.040746,0.088868,0.322230,0.057908,0.414238,0.228814,0.335669,0.126885,0.166957,0.190369,0.183787,0.134793,0.082640,0.013001,0.007212,-0.007691,0.093509,-0.033714,-0.087497,-0.042153,-0.088024,-0.032252,0.030753,0.018829,-0.037515,-0.070907,0.095371,0.018914,0.006327,-0.075713,-0.022100,-0.067648,-0.001516,0.066197,0.049287,0.117722,0.588247,0.174385,0.465433,1.000000,0.464479,-0.069228,0.085051,0.158238,-0.022372,-0.002099,0.120021,0.144177,0.059813,0.197825,-0.030118,-0.017209,0.016906,0.099098,0.016010,-0.006874,-0.007373,0.001633,-0.002754,0.157387,0.191096,-0.026279,0.065176,0.039089,0.188246
0.021246,-0.002882,-0.085915,0.000511,0.202775,0.410098,0.139495,0.417636,0.316210,0.725677,0.274188,0.081893,0.276140,0.361113,0.209009,0.140863,0.028444,-0.030355,0.031549,0.156058,-0.045531,-0.100751,-0.011984,-0.082353,0.034501,0.023947,0.030539,-0.047621,0.014312,0.082368,-0.047047,0.069830,-0.061878,-0.098670,-0.078417,0.005592,0.006256,0.004933,0.088007,0.261814,0.205170,0.344309,0.464479,1.000000,0.048513,0.012427,0.160167,0.024217,-0.074553,0.225800,0.139582,0.097638,0.138782,-0.105736,-0.001299,0.041145,0.037579,0.014236,0.048581,0.040721,-0.016241,-0.007128,0.045337,0.098646,0.043880,-0.007721,-0.030745,0.118738
0.046621,0.070539,0.040860,-0.020990,0.001576,0.052591,0.115345,0.096874,0.113282,0.080488,-0.057333,0.016299,0.229531,0.115533,0.208623,0.102935,0.048424,0.029543,-0.034313,0.033395,-0.000813,-0.032872,0.089159,0.010618,0.011735,-0.000151,-0.098297,-0.002645,-0.101680,0.025207,0.051981,0.012647,0.044219,0.036110,-0.087154,-0.029493,0.000089,-0.026103,-0.053694,-0.007947,0.107529,0.017990,-0.069228,0.048513,1.000000,-0.000356,0.209142,0.715444,0.341073,0.066130,0.014199,0.168579,-0.015084,0.260575,-0.045070,0.004604,0.002595,0.016299,-0.002858,0.046003,0.036251,0.036302,-0.005419,-0.031583,0.044733,0.021957,0.030642,-0.037577
0.094347,-0.020171,0.049002,0.084968,0.067001,0.050345,0.031165,0.006854,0.002274,-0.053173,-0.033135,0.127555,-0.030223,-0.061505,-0.029586,0.011801,-0.001073,-0.061165,0.030710,-0.113446,-0.055850,-0.017511,0.026210,-0.020717,-0.002547,0.052543,0.017234,0.033664,0.040080,-0.018010,-0.054964,0.074821,0.024400,0.004823,0.020511,-0.090958,0.056528,0.169185,0.052180,0.038723,0.026230,0.046796,0.085051,0.012427,-0.000356,1.000000,0.440409,-0.002683,-0.042953,-0.037285,0.022809,0.019276,-0.014718,-0.045647,0.054956,0.092285,0.054598,0.007810,-0.001105,0.023900,0.040281,0.006113,-0.013455,-0.008486,0.066250,0.022445,-0.062299,0.063855
0.003745,0.036676,0.005901,-0.023447,0.066979,0.166659,0.208144,0.165801,0.193029,0.078046,-0.059007,0.100421,0.229862,0.009286,0.109039,0.079253,0.017698,-0.014193,0.056139,0.002230,0.020723,-0.034451,0.072210,0.039368,0.037721,0.146888,-0.007480,0.019882,0.044460,0.017134,0.015036,0.002095,0.058942,-0.015388,-0.029276,0.057745,0.041324,-0.043824,0.061188,0.075896,0.135864,0.174318,0.158238,0.160167,0.209142,0.440409,1.000000,0.312863,0.180415,0.103884,0.136240,0.147095,0.007585,0.092851,0.036994,0.034203,0.011150,0.002968,-0.059803,0.088108,0.073184,0.078235,0.030554,0.042745,0.095790,0.055799,-0.034388,0.089970
0.024981,0.074224,0.015222,0.014990,-0.002461,0.077877,0.133866,0.081786,0.160370,0.027353,-0.208508,0.097533,0.184542,-0.043180,0.091283,0.083080,-0.000972,-0.008908,-0.028574,-0.043808,-0.018698,-0.037887,0.071558,0.059070,-0.000978,0.006653,-0.050285,0.017822,-0.115115,0.006433,0.032699,-0.037314,0.059053,0.076767,0.001405,0.015891,-0.009375,-0.017270,-0.003959,0.006528,0.097993,0.015748,-0.022372,0.024217,0.715444,-0.002683,0.312863,1.000000,0.517856,0.122989,0.024324,0.188303,-0.052907,0.472273,0.030263,0.073550,0.016167,0.012169,0.015225,0.027061,-0.007551,0.034784,0.000875,-0.051544,0.026065,0.078721,0.012730,0.005682
-0.055278,0.087571,-0.018276,0.049040,-0.056332,0.034612,0.039814,0.017150,0.095379,-0.105554,-0.226704,0.069989,0.059949,-0.118590,0.062311,0.054746,-0.015257,0.013981,0.049414,-0.074154,0.013022,-0.019292,0.048889,0.043612,0.083260,0.089628,0.024369,0.074480,-0.081019,0.042201,0.030318,-0.039349,0.049132,0.020141,-0.000660,0.010793,-0.027033,-0.028361,-0.013188,-0.037376,-0.003586,0.009647,-0.002099,-0.074553,0.341073,-0.042953,0.180415,0.517856,1.000000,-0.008726,-0.012051,0.195597,0.054620,0.617244,-0.015789,0.006740,0.026114,0.065625,0.028455,0.080571,0.031601,0.049870,0.061781,0.001369,-0.054114,-0.007729,-0.019294,0.011658
-0.037317,0.028594,0.023808,0.003520,0.137525,0.096533,0.072958,0.135858,0.173671,0.098210,0.083177,-0.031381,0.172906,0.137519,0.105660,0.060907,-0.059036,-0.077750,-0.094947,0.087520,0.040227,0.011992,0.030849,0.028919,-0.044327,0.078908,0.025781,0.008918,-0.036645,-0.098346,-0.009378,-0.011904,-0.035249,-0.029475,0.146825,-0.028320,-0.031429,0.027435,0.086479,0.029224,0.120122,0.045436,0.120021,0.225800,0.066130,-0.037285,0.103884,0.122989,-0.008726,1.000000,0.453587,0.130272,0.028522,0.011012,-0.010299,0.023192,0.062328,0.121588,-0.025943,-0.069610,-0.035498,0.001391,0.029914,0.059694,0.055077,0.031199,0.037951,0.263916
-0.028275,0.029777,0.010034,0.014422,0.029360,0.106302,0.078920,0.111508,0.142784,0.047715,0.068834,0.002461,0.069813,0.076237,0.077484,-0.038479,0.007699,-0.025152,-0.029690,0.098326,0.120521,0.110496,-0.022019,0.012013,-0.064197,0.122649,0.055467,0.036387,-0.010412,-0.089865,0.046814,0.049988,-0.028851,0.025416,0.152674,0.057182,-0.016694,0.014397,0.122143,0.085244,0.166071,0.043699,0.144177,0.139582,0.014199,0.022809,0.136240,0.024324,-0.012051,0.453587,1.000000,0.177611,0.141382,-0.044777,0.042868,0.054332,0.094018,0.162721,0.002699,-0.049346,-0.021028,-0.029232,0.022065,0.188127,0.127189,0.095623,0.048982,0.275888
-0.061620,0.011082,0.005389,0.013057,-0.095056,0.096099,0.111165,0.071434,0.074418,0.034171,0.018315,0.009160,0.109174,0.071453,0.117394,-0.018580,0.023625,0.046585,0.009737,0.036514,0.038127,0.006909,0.026573,-0.026976,0.012145,0.099479,-0.055350,0.133869,-0.084981,-0.055479,-0.049014,0.034620,0.007498,0.002844,0.100055,0.082197,0.051440,-0.013941,0.046709,0.038596,0.094228,0.074286,0.059813,0.097638,0.168579,0.019276,0.147095,0.188303,0.195597,0.130272,0.177611,1.000000,0.172824,0.165828,0.036740,0.034060,0.073428,0.073348,0.062979,0.083431,0.070252,0.079207,0.066151,0.058440,0.010582,0.028236,0.024698,0.181356
0.058640,0.024279,-0.058199,0.031835,0.046860,0.048098,-0.020436,0.126412,0.037686,0.035575,0.009317,0.061797,0.037444,0.028575,0.020088,0.020083,0.028959,0.024884,-0.029386,0.058593,0.042242,-0.017824,0.002806,-0.054178,-0.063824,0.024976,0.059382,-0.015970,-0.053057,0.053167,-0.039071,-0.013238,0.000921,0.030919,0.002772,-0.039966,0.004342,0.056163,-0.033725,0.144200,0.072610,0.120573,0.197825,0.138782,-0.015084,-0.014718,0.007585,-0.052907,0.054620,0.028522,0.141382,0.172824,1.000000,0.001673,0.037054,0.008319,0.136170,0.025672,-0.021715,-0.012258,-0.007290,0.030616,0.205349,0.329741,0.078641,0.020647,-0.073650,-0.017827
-0.007535,0.104424,0.045442,0.004719,-0.013950,0.012765,0.135760,-0.025593,0.062056,-0.124644,-0.245227,0.052052,0.024441,-0.190170,-0.034974,0.006000,-0.010597,0.013651,0.068520,-0.086443,0.010542,0.000788,-0.025448,0.084600,0.044739,0.028792,-0.045203,0.144254,-0.071901,0.019702,0.014948,-0.003947,0.067904,0.029109,0.065636,0.035412,-0.008874,-0.027965,-0.007232,0.016831,0.001124,-0.022125,-0.030118,-0.105736,0.260575,-0.045647,0.092851,0.472273,0.617244,0.011012,-0.044777,0.165828,0.001673,1.000000,-0.046810,-0.034798,0.031196,-0.004165,0.080444,0.031207,-0.076961,-0.066326,0.049971,-0.013657,-0.010596,-0.004875,0.008298,0.026259
-0.018001,-0.047747,0.013917,0.090437,0.024503,0.017446,-0.013426,0.027142,0.025960,-0.011287,-0.013565,0.081026,-0.018270,0.019371,-0.001166,-0.069459,0.055319,-0.004640,-0.027597,0.060272,0.073545,0.121414,0.025254,0.047810,0.001547,-0.035441,0.062616,0.007154,-0.009336,0.068851,-0.063040,-0.015275,0.053584,-0.063031,0.037313,0.019946,-0.085899,0.095458,0.000843,-0.049351,0.028983,0.027221,-0.017209,-0.001299,-0.045070,0.054956,0.036994,0.030263,-0.015789,-0.010299,0.042868,0.036740,0.037054,-0.046810,1.000000,0.728417,0.072967,0.156700,-0.033686,-0.041662,-0.070232,-0.085250,-0.031383,0.035458,-0.014042,0.030324,-0.076931,0.005905
-0.013261,-0.034104,-0.036037,0.086660,-0.003501,0.057631,0.000648,0.057794,0.068551,-0.000119,0.011224,0.085492,0.042341,0.074764,0.011914,-0.054874,0.070121,0.005764,-0.059103,0.068142,0.074510,0.150403,0.084273,0.037925,0.000319,-0.029144,0.028874,-0.015226,-0.022100,0.042290,-0.057342,-0.009362,0.093341,-0.056841,0.039906,0.048437,-0.021243,0.126840,0.073355,0.000817,0.049423,0.033387,0.016906,0.041145,0.004604,0.092285,0.034203,0.073550,0.006740,0.023192,0.054332,0.034060,0.008319,-0.034798,0.728417,1.000000,0.102180,0.267100,0.043766,-0.075149,-0.105337,-0.107052,-0.014832,0.016603,-0.004082,0.063835,-0.011980,0.040309
-0.043205,0.001306,-0.034634,0.031783,-0.047144,-0.042396,0.033283,0.016653,0.013953,-0.007084,0.036086,0.062755,0.021630,0.047512,0.052759,0.045183,-0.028078,0.029821,0.013813,0.037918,0.000562,-0.000117,-0.040422,-0.017419,-0.024211,0.009526,0.039202,0.023977,-0.076609,0.016836,0.067364,0.054079,-0.040607,-0.005349,0.008829,-0.051754,0.058106,0.072662,0.015601,0.044495,0.053074,0.038296,0.099098,0.037579,0.002595,0.054598,0.011150,0.016167,0.026114,0.062328,0.094018,0.073428,0.136170,0.031196,0.072967,0.102180,1.000000,0.050649,0.042913,-0.009660,0.040476,0.056457,0.100821,0.107984,0.029273,0.105552,-0.018119,0.128470
0.026307,-0.011895,-0.015952,0.016119,-0.014843,0.073253,0.015803,0.057230,-0.008457,0.002722,0.046215,0.034656,0.044175,0.080840,-0.029042,0.008566,0.050090,-0.008376,-0.009495,0.070503,0.079948,0.089558,0.087563,-0.019777,-0.049214,-0.145191,-0.031920,0.005850,0.031671,-0.031359,-0.035134,0.038129,0.058283,0.030466,0.100250,0.076165,-0.002533,-0.009896,0.036682,-0.018998,0.041225,0.012674,0.016010,0.014236,0.016299,0.007810,0.002968,0.012169,0.065625,0.121588,0.162721,0.073348,0.025672,-0.004165,0.156700,0.267100,0.050649,1.000000,0.102289,0.016143,-0.057619,-0.008034,0.059616,0.115169,0.075178,0.080266,0.043658,0.127916
-0.035735,0.032416,0.018492,0.060196,-0.116696,0.006329,-0.018587,-0.011332,-0.040780,0.023307,0.009137,0.025097,-0.032568,-0.006379,-0.040837,0.009111,-0.039232,-0.058514,-0.029580,-0.052030,-0.033121,-0.003918,-0.004007,-0.027739,0.049599,0.038637,-0.075180,-0.014828,-0.022857,-0.087996,0.020791,0.029885,0.071704,0.050332,0.071959,0.011881,-0.032371,-0.011440,0.087449,0.035896,0.046031,-0.005519,-0.006874,0.048581,-0.002858,-0.001105,-0.059803,0.015225,0.028455,-0.025943,0.002699,0.062979,-0.021715,0.080444,-0.033686,0.043766,0.042913,0.102289,1.000000,0.090228,0.007466,0.079190,0.077325,0.041991,0.019341,0.069330,-0.060546,0.188973
0.066543,0.054852,0.079749,0.013708,0.022903,0.036457,0.042954,0.061894,0.022877,-0.010824,0.003896,-0.027569,0.093869,0.033364,0.054698,0.009410,0.000361,0.046720,0.048342,-0.046923,0.035074,0.063153,0.039056,0.071601,0.015519,0.003240,0.075398,0.045916,-0.029633,0.038168,-0.003871,0.064604,-0.078268,-0.006433,-0.093884,0.005613,0.033715,-0.026770,-0.008671,0.030635,0.029775,0.042778,-0.007373,0.040721,0.046003,0.023900,0.088108,0.027061,0.080571,-0.069610,-0.049346,0.083431,-0.012258,0.031207,-0.041662,-0.075149,-0.009660,0.016143,0.090228,1.000000,0.464354,0.219801,0.035120,-0.031950,0.035974,-0.029079,-0.027655,-0.040042
0.036419,-0.021291,0.042411,-0.055626,-0.023223,-0.018350,-0.060493,-0.015730,-0.050186,-0.056730,-0.002238,-0.038784,0.002791,-0.009002,-0.018566,0.011661,0.008517,0.030537,-0.005170,-0.104651,-0.041901,-0.008577,0.007866,-0.007322,0.011321,0.069654,0.049911,0.028418,0.139099,-0.041071,0.006295,0.073018,-0.053855,-0.042599,-0.089112,-0.015080,0.048742,-0.108911,-0.008368,0.019558,0.009211,-0.011566,0.001633,-0.016241,0.036251,0.040281,0.073184,-0.007551,0.031601,-0.035498,-0.021028,0.070252,-0.007290,-0.076961,-0.070232,-0.105337,0.040476,-0.057619,0.007466,0.464354,1.000000,0.683613,0.000130,0.015092,-0.014746,-0.002323,-0.017725,0.055439
0.063215,-0.005759,0.039697,-0.030155,-0.009362,-0.067792,-0.053487,-0.015775,-0.048871,-0.081644,0.060414,-0.015862,-0.001342,0.037737,-0.044878,-0.011290,-0.056381,0.065027,0.012821,-0.049954,-0.036382,-0.014080,0.056241,-0.048672,-0.028626,0.108917,0.021663,0.013859,0.086819,-0.033249,0.046806,0.062527,0.018052,0.003166,-0.059965,0.011956,0.051528,-0.068619,0.064661,0.053016,0.011032,-0.008504,-0.002754,-0.007128,0.036302,0.006113,0.078235,0.034784,0.049870,0.001391,-0.029232,0.079207,0.030616,-0.066326,-0.085250,-0.107052,0.056457,-0.008034,0.079190,0.219801,0.683613,1.000000,-0.004006,0.023114,0.031518,0.066532,0.000753,0.198891
