1.000000,0.118901,0.040931,0.147638,0.103775,0.086957,0.089502,0.096448,0.067656,0.046312,0.100034,0.070766,0.077152,0.076173,0.050582,0.058631,-0.014154,-0.076979,-0.039513,0.054088,0.021519,0.000706,0.082080,0.015007,0.098101,0.023384,-0.025553,0.038512,-0.028255,-0.067350,0.009909,0.118463,0.003841,0.367209,0.024200,0.023206,0.039350,0.045258,0.044081,0.150836,0.125601,0.121498,0.079507,0.079529,0.138750,0.106340,0.158944,0.155663,0.133500,0.067249,0.072219,0.049889,0.054819,0.083286,0.125438,0.046643,0.074456,0.046286,-0.012902,-0.007843,0.011962,0.023976,0.025618,0.046679,0.002153,0.000064,0.058549,0.094704
0.118901,1.000000,-0.019561,0.093484,0.130250,0.094509,0.111760,0.122809,0.104061,0.110174,0.108402,0.055193,0.113061,0.099977,0.095429,0.133700,0.115827,0.086548,0.007745,0.088224,0.084782,0.036026,-0.004718,0.087318,0.070343,0.045713,0.028268,0.006023,-0.006763,0.015402,0.008064,0.064999,0.023170,0.141221,0.011046,0.059572,-0.026292,0.096397,0.071910,0.137679,0.043408,0.110934,0.121064,0.107307,0.123810,0.101370,0.078331,0.133335,0.086402,0.053265,0.101449,0.116300,0.148822,0.069028,0.127386,0.137960,0.082622,0.006671,-0.043991,0.026526,0.004602,-0.009607,0.101560,0.114790,0.128560,0.042670,-0.050630,0.067035
0.040931,-0.019561,1.000000,0.051098,0.048143,-0.003399,-0.003636,-0.004342,0.002477,0.056509,0.129094,0.101800,-0.000183,0.074023,0.011771,0.105059,-0.001256,0.017348,0.023737,0.052269,0.014334,0.015777,-0.006713,0.073270,-0.057029,-0.016894,-0.004189,-0.030507,-0.059725,-0.047236,0.032749,0.123470,0.024164,0.008402,-0.045283,0.041213,0.032887,0.058800,-0.081122,-0.009104,0.083093,0.022148,-0.003333,0.029434,0.114133,0.065397,0.089272,0.125738,0.094634,0.017090,0.058705,-0.036333,-0.002697,0.063087,-0.014360,-0.021426,0.020871,-0.026084,0.009805,-0.011648,-0.042572,-0.020436,-0.031254,0.003701,0.000915,0.013895,0.065768,-0.007766
0.147638,0.093484,0.051098,1.000000,0.031158,0.075416,0.030553,0.081618,0.062650,0.070338,0.128659,0.287402,0.076599,0.076678,0.096093,0.179933,0.049483,0.091927,0.080706,0.156081,0.152953,-0.000080,0.007646,-0.045998,0.009276,-0.025907,-0.013876,0.035473,0.004373,0.103448,-0.001409,0.065906,0.075243,0.090145,0.068836,0.149833,0.093575,0.626030,-0.034167,0.100220,0.143449,0.110921,0.045931,0.079068,0.154952,0.438686,0.365013,0.157277,0.177735,0.069065,0.142449,0.188914,0.029242,0.195390,0.130021,0.143184,0.143131,0.039473,-0.055119,0.028274,-0.102699,-0.040390,-0.041926,-0.043296,0.123702,0.056776,0.058577,0.141862
0.103775,0.130250,0.048143,0.031158,1.000000,0.258311,0.362032,0.271199,0.201579,0.136770,0.147499,0.083731,0.249494,0.172704,0.129053,0.097452,0.061952,0.068123,0.090910,0.099273,0.091369,0.042759,0.045738,0.029819,0.062409,-0.072032,-0.052363,-0.034255,-0.081096,0.040199,-0.062219,0.034394,0.027229,0.504233,-0.045598,0.013914,-0.090680,0.072059,-0.001325,0.126644,0.057187,0.218703,0.122490,0.086206,0.100065,0.109861,0.122673,0.099828,0.108375,0.021561,0.054661,0.033341,0.019667,0.010568,0.055129,0.037920,0.032616,0.037406,0.065003,0.012404,-0.018202,-0.052189,0.118130,0.047231,0.008120,0.020779,0.009458,0.051800
0.086957,0.094509,-0.003399,0.075416,0.258311,1.000000,0.508179,0.710172,0.845118,0.590920,0.362939,0.153968,0.650273,0.428571,0.456933,0.286812,0.171696,0.252820,0.290188,0.407043,0.198520,0.149702,0.099619,0.061106,0.071389,0.023899,0.063718,0.065670,0.050190,0.202851,-0.057798,0.081232,-0.032009,0.298272,0.020055,0.063282,0.019339,0.109447,0.172285,0.564454,0.278525,0.563197,0.582756,0.530004,0.372523,0.149657,0.249028,0.362730,0.349150,0.150999,0.217571,0.269864,0.117657,0.246677,0.076109,0.137574,0.136262,0.091150,0.064535,0.057121,0.009708,0.019391,0.179547,0.138366,0.148183,0.092759,0.027067,0.153052
0.089502,0.111760,-0.003636,0.030553,0.362032,0.508179,1.000000,0.601215,0.396055,0.362834,0.316228,0.104756,0.529872,0.404254,0.317637,0.139117,0.085678,0.068876,0.149006,0.267133,0.132224,0.072526,0.012041,-0.016449,0.049753,-0.056758,-0.079548,0.002321,-0.041069,0.120059,-0.011284,0.029002,0.081825,0.247869,0.012631,0.007373,0.008386,0.053016,0.099948,0.339821,0.196559,0.532106,0.331575,0.286333,0.203915,0.072534,0.169698,0.206588,0.215330,0.074868,0.133298,0.148355,0.073465,0.095912,0.057516,0.131586,0.041781,0.116507,0.022681,0.016631,0.022423,0.012615,0.105753,0.043730,0.057933,0.075710,0.030382,0.178312
0.096448,0.122809,-0.004342,0.081618,0.271199,0.710172,0.601215,1.000000,0.603315,0.606312,0.603981,0.268284,0.931583,0.749973,0.637293,0.237403,0.161180,0.190073,0.182159,0.570202,0.164504,0.132606,0.059156,0.022381,0.033017,-0.030122,-0.048259,-0.009160,0.037579,0.132080,-0.025575,0.039546,0.017756,0.223682,-0.017421,0.070154,-0.035502,0.058088,0.150623,0.603613,0.424690,0.933115,0.551892,0.566640,0.429860,0.147324,0.354293,0.483029,0.437979,0.191179,0.300583,0.307309,0.172720,0.256240,0.066184,0.118478,0.125335,0.082858,0.040479,0.109475,0.022591,0.061232,0.159411,0.126292,0.187365,0.155987,0.013217,0.256679
0.067656,0.104061,0.002477,0.062650,0.201579,0.845118,0.396055,0.603315,1.000000,0.689347,0.372714,0.160224,0.563641,0.385354,0.440605,0.314309,0.171191,0.315987,0.333873,0.406065,0.172650,0.125996,0.117250,0.065951,0.040277,0.024342,0.042391,0.007035,0.048691,0.252189,-0.034089,0.108383,0.008771,0.263320,0.042612,0.047647,0.039418,0.109994,0.177086,0.643495,0.316912,0.500102,0.658647,0.640021,0.430385,0.174685,0.272471,0.428215,0.389237,0.177519,0.222595,0.329136,0.187039,0.318780,0.108114,0.184514,0.151692,0.113449,0.046355,0.063730,0.015346,0.028609,0.182410,0.217638,0.186508,0.141515,0.029985,0.174297
0.046312,0.110174,0.056509,0.070338,0.136770,0.590920,0.362834,0.606312,0.689347,1.000000,0.600714,0.132381,0.546929,0.565758,0.468999,0.455369,0.198801,0.360173,0.332282,0.508029,0.185551,0.186877,0.054357,0.087141,-0.040287,0.004182,-0.012277,0.006813,0.019172,0.205535,-0.042596,0.114759,0.052628,0.171591,0.094785,0.049918,-0.041127,0.167640,0.186150,0.686412,0.324698,0.580066,0.595852,0.845547,0.655903,0.296024,0.377125,0.654567,0.567522,0.258650,0.338824,0.463126,0.260512,0.468546,0.157719,0.194853,0.148376,0.116659,0.074055,0.085962,-0.021298,0.019446,0.164483,0.208370,0.294003,0.151224,0.052523,0.249522
0.100034,0.108402,0.129094,0.128659,0.147499,0.362939,0.316228,0.603981,0.372714,0.600714,1.000000,0.220962,0.552286,0.893582,0.668456,0.356909,0.134781,0.264024,0.179445,0.757318,0.159252,0.067197,0.025455,0.021306,0.026024,0.002561,-0.062927,-0.003066,0.021979,0.072293,-0.023437,0.085296,0.014651,0.150407,0.052359,0.089409,-0.015544,0.118947,0.073195,0.509468,0.362882,0.666466,0.351474,0.555902,0.609829,0.326192,0.504461,0.716084,0.681572,0.216792,0.292160,0.410768,0.184926,0.505646,0.121494,0.164368,0.196984,0.040835,0.069385,0.115061,0.054594,0.100474,0.118205,0.122696,0.224109,0.194557,0.020149,0.265146
0.070766,0.055193,0.101800,0.287402,0.083731,0.153968,0.104756,0.268284,0.160224,0.132381,0.220962,1.000000,0.353977,0.268053,0.255001,0.009782,-0.060653,0.064600,0.003379,0.251234,0.035973,-0.007476,0.024442,-0.064106,-0.023573,-0.076759,-0.071680,0.017340,0.046944,0.085103,-0.014642,0.034437,0.064355,0.092544,-0.054616,-0.017622,0.059210,0.024931,0.066219,0.207254,0.303310,0.297662,0.113086,0.158955,0.168035,0.031401,0.339496,0.215256,0.196275,0.084426,0.117656,0.067234,0.078877,0.076999,-0.059415,-0.084623,0.025190,-0.043146,0.036139,0.010749,-0.044890,-0.005289,0.109042,0.104651,0.032797,0.072948,0.000403,0.065614
0.077152,0.113061,-0.000183,0.076599,0.249494,0.650273,0.529872,0.931583,0.563641,0.546929,0.552286,0.353977,1.000000,0.716177,0.637267,0.192435,0.117000,0.167912,0.166868,0.542917,0.136126,0.109389,0.045802,0.006800,0.005162,-0.011490,-0.047294,-0.029780,0.044536,0.103943,-0.030780,0.014247,0.012369,0.197276,-0.016486,0.074593,-0.018404,0.030565,0.136658,0.535463,0.411700,0.871190,0.513672,0.531055,0.384337,0.104272,0.357774,0.434912,0.396236,0.195039,0.295569,0.270198,0.180628,0.212500,0.057211,0.101982,0.097148,0.085556,0.069949,0.101589,0.019760,0.042418,0.165409,0.133866,0.170140,0.140711,0.006348,0.233972
0.076173,0.099977,0.074023,0.076678,0.172704,0.428571,0.404254,0.749973,0.385354,0.565758,0.893582,0.268053,0.716177,1.000000,0.781051,0.262011,0.129230,0.205989,0.143213,0.764594,0.141290,0.092324,0.021269,0.011020,0.004788,0.000043,-0.092549,-0.059800,0.031125,0.054958,0.003461,0.060802,-0.031797,0.150635,0.021446,0.091811,-0.015274,0.043958,0.079901,0.499549,0.369100,0.783095,0.367851,0.514785,0.531189,0.237099,0.450241,0.639466,0.584351,0.199143,0.278455,0.332675,0.149664,0.379770,0.087322,0.111179,0.165258,0.059888,0.098266,0.129848,0.087782,0.116520,0.136867,0.125923,0.189159,0.202166,-0.003350,0.253822
0.050582,0.095429,0.011771,0.096093,0.129053,0.456933,0.317637,0.637293,0.440605,0.468999,0.668456,0.255001,0.637267,0.781051,1.000000,0.195063,0.068610,0.307163,0.161383,0.835668,0.161548,0.108836,0.062846,0.056241,0.056950,0.176645,0.011077,0.025624,0.050253,0.081250,0.000063,0.057683,-0.049627,0.123738,-0.041571,0.021144,0.026895,0.006446,0.062849,0.445225,0.340861,0.610523,0.384348,0.434467,0.394773,0.130357,0.299226,0.478733,0.496019,0.153602,0.246094,0.277656,0.131704,0.325395,0.042694,0.095296,0.134436,0.093423,0.081508,0.105449,0.061734,0.092269,0.145662,0.111604,0.171611,0.200591,0.006283,0.178109
0.058631,0.133700,0.105059,0.179933,0.097452,0.286812,0.139117,0.237403,0.314309,0.455369,0.356909,0.009782,0.192435,0.262011,0.195063,1.000000,0.474678,0.407216,0.267630,0.337236,0.194560,0.070189,0.092110,0.023442,0.007303,-0.075341,-0.078759,-0.038574,0.035084,0.234510,0.007885,0.148347,-0.029865,0.204200,0.018103,0.117765,-0.005592,0.282650,0.097983,0.347111,0.159638,0.223774,0.208438,0.326800,0.375912,0.487689,0.388506,0.384629,0.441632,0.147968,0.193464,0.476849,0.165440,0.410074,0.306604,0.273422,0.213868,0.083386,0.029841,0.092919,-0.046090,-0.013264,0.034208,0.116504,0.197979,0.142409,-0.001072,0.201368
-0.014154,0.115827,-0.001256,0.049483,0.061952,0.171696,0.085678,0.161180,0.171191,0.198801,0.134781,-0.060653,0.117000,0.129230,0.068610,0.474678,1.000000,0.244233,0.233377,0.089686,0.031635,-0.003593,0.039315,-0.050348,-0.060881,-0.115938,-0.073912,-0.031035,0.055723,0.225764,-0.001591,0.104208,-0.071055,0.166872,0.015114,0.089907,0.019180,0.126964,0.094068,0.132820,0.038333,0.118616,0.105272,0.108942,0.040636,0.178905,0.089488,0.070802,0.135271,0.061501,0.061495,0.201412,0.051447,0.124613,0.219161,0.152247,0.081326,0.028201,-0.005889,0.118994,0.073763,0.047644,0.053012,0.079558,0.086411,0.043249,-0.120293,0.092257
-0.076979,0.086548,0.017348,0.091927,0.068123,0.252820,0.068876,0.190073,0.315987,0.360173,0.264024,0.064600,0.167912,0.205989,0.307163,0.407216,0.244233,1.000000,0.534901,0.392008,0.226994,0.162822,0.213916,0.186242,0.101195,0.094155,-0.015583,-0.001859,0.031411,0.219937,0.011018,0.232742,0.016298,0.105658,-0.061986,0.055500,0.027061,0.124092,0.117433,0.246721,0.098605,0.155930,0.232251,0.303070,0.249619,0.211380,0.202804,0.298189,0.397583,0.186687,0.185387,0.398690,0.133178,0.368988,0.174801,0.153802,0.145780,0.076863,0.008432,0.020274,-0.067943,-0.013026,0.091224,0.145141,0.150429,0.068066,0.011818,0.154224
-0.039513,0.007745,0.023737,0.080706,0.090910,0.290188,0.149006,0.182159,0.333873,0.332282,0.179445,0.003379,0.166868,0.143213,0.161383,0.267630,0.233377,0.534901,1.000000,0.186506,0.124955,0.080988,0.224073,0.080245,0.093470,0.040522,0.018869,0.048282,0.024995,0.273963,0.090229,0.198802,-0.002585,0.156292,0.028984,0.062951,0.057167,0.097112,0.023555,0.221196,0.121783,0.137966,0.238854,0.237932,0.158761,0.123503,0.129637,0.184247,0.236189,0.152918,0.111164,0.240432,0.054319,0.218413,0.089970,0.111064,0.033805,-0.006751,0.017265,0.020009,-0.002530,0.002295,0.080398,0.075670,0.075564,-0.020282,0.013409,0.098471
0.054088,0.088224,0.052269,0.156081,0.099273,0.407043,0.267133,0.570202,0.406065,0.508029,0.757318,0.251234,0.542917,0.764594,0.835668,0.337236,0.089686,0.392008,0.186506,1.000000,0.237642,0.140367,0.062878,0.076029,0.019161,0.124825,0.003726,0.042849,0.063099,0.119868,0.018500,0.103853,-0.046357,0.105900,-0.039488,0.039969,0.012778,0.079388,0.070823,0.494964,0.348971,0.581117,0.344298,0.463555,0.517535,0.262272,0.433043,0.615705,0.672729,0.187315,0.247092,0.456206,0.212403,0.521493,0.144061,0.192141,0.200710,0.089199,0.048436,0.091200,0.009729,0.055532,0.109245,0.142154,0.181684,0.205861,0.022848,0.219263
0.021519,0.084782,0.014334,0.152953,0.091369,0.198520,0.132224,0.164504,0.172650,0.185551,0.159252,0.035973,0.136126,0.141290,0.161548,0.194560,0.031635,0.226994,0.124955,0.237642,1.000000,0.554161,0.158623,0.282795,0.087287,0.141943,0.038389,-0.036819,0.082432,0.062643,0.004420,0.097183,-0.050485,0.107029,0.068140,0.162584,-0.006310,0.183713,0.017276,0.112892,0.064844,0.154507,0.094230,0.143633,0.118136,0.147195,0.158128,0.144290,0.261862,0.030785,0.076112,0.320697,0.066946,0.210608,0.255456,0.342707,0.174869,0.120229,-0.046307,0.002934,-0.017886,0.049968,-0.038204,0.029815,0.081735,0.035591,0.127822,0.073654
0.000706,0.036026,0.015777,-0.000080,0.042759,0.149702,0.072526,0.132606,0.125996,0.186877,0.067197,-0.007476,0.109389,0.092324,0.108836,0.070189,-0.003593,0.162822,0.080988,0.140367,0.554161,1.000000,0.205264,0.611998,0.108665,0.110367,0.080798,-0.009134,0.100931,0.008057,0.013832,0.117154,-0.013913,0.121847,0.057063,0.111646,-0.072135,0.027480,0.013125,0.090851,-0.000459,0.111028,0.097774,0.168673,0.086624,0.056557,0.086074,0.098255,0.184661,0.099135,0.070644,0.164021,0.044823,0.113939,0.084358,0.131838,0.036555,0.101904,-0.069410,0.005222,-0.035917,0.005527,0.044197,0.092367,0.065865,0.018027,0.083598,0.039139
0.082080,-0.004718,-0.006713,0.007646,0.045738,0.099619,0.012041,0.059156,0.117250,0.054357,0.025455,0.024442,0.045802,0.021269,0.062846,0.092110,0.039315,0.213916,0.224073,0.062878,0.158623,0.205264,1.000000,0.251546,0.402266,0.051403,-0.017976,-0.042997,0.046809,0.064465,0.013250,0.103205,0.047793,0.087659,-0.074295,0.009148,0.008914,-0.032973,-0.030537,0.065392,0.038694,0.044653,0.023544,0.052249,0.056434,0.014060,0.045997,0.052760,0.084661,0.091824,-0.001773,0.049791,-0.075641,0.085221,0.049426,0.021046,-0.016436,-0.036680,-0.048604,-0.022114,-0.031587,-0.025000,-0.061804,-0.041189,0.041099,0.050679,0.039657,-0.039240
0.015007,0.087318,0.073270,-0.045998,0.029819,0.061106,-0.016449,0.022381,0.065951,0.087141,0.021306,-0.064106,0.006800,0.011020,0.056241,0.023442,-0.050348,0.186242,0.080245,0.076029,0.282795,0.611998,0.251546,1.000000,0.192108,0.146775,0.056828,-0.001225,0.018569,-0.004778,0.070916,0.125582,0.050190,0.040641,-0.010800,0.052301,-0.089845,-0.021289,-0.012048,0.029210,0.035679,-0.000014,0.069380,0.092336,0.053496,0.006579,0.029291,0.051928,0.099564,0.063443,0.022157,0.126586,0.076703,0.064061,0.064566,0.082690,0.063645,0.076921,-0.051847,-0.035925,-0.015027,-0.034597,0.046777,0.103394,0.076493,0.019547,0.056547,0.007385
0.098101,0.070343,-0.057029,0.009276,0.062409,0.071389,0.049753,0.033017,0.040277,-0.040287,0.026024,-0.023573,0.005162,0.004788,0.056950,0.007303,-0.060881,0.101195,0.093470,0.019161,0.087287,0.108665,0.402266,0.192108,1.000000,0.206830,0.141420,0.042960,0.034999,-0.017806,-0.024500,-0.002070,0.036344,0.096503,-0.015630,-0.007695,0.020656,0.016391,-0.046377,-0.005236,0.019194,0.011969,0.004796,-0.044812,-0.038497,0.009478,-0.013016,-0.017876,0.009259,-0.008273,-0.002072,-0.089475,-0.118694,0.001369,-0.000860,0.007986,-0.021098,-0.021790,-0.048987,-0.055871,0.073850,0.053155,0.049023,-0.032798,-0.008141,-0.008381,0.094340,-0.092098
0.023384,0.045713,-0.016894,-0.025907,-0.072032,0.023899,-0.056758,-0.030122,0.024342,0.004182,0.002561,-0.076759,-0.011490,0.000043,0.176645,-0.075341,-0.115938,0.094155,0.040522,0.124825,0.141943,0.110367,0.051403,0.146775,0.206830,1.000000,0.546098,0.268563,0.008881,0.022748,-0.010884,-0.028965,-0.020763,-0.028480,0.040522,-0.008152,0.085250,-0.028462,-0.026406,-0.052848,-0.036532,-0.065401,0.004543,0.029597,-0.046396,-0.015496,-0.053137,-0.026284,-0.006848,0.006935,0.025067,0.041881,0.078677,0.030368,0.035167,0.054161,0.014216,0.043356,-0.016519,0.072726,0.019021,0.050654,0.048555,0.092601,0.094165,-0.010470,0.035513,-0.003207
-0.025553,0.028268,-0.004189,-0.013876,-0.052363,0.063718,-0.079548,-0.048259,0.042391,-0.012277,-0.062927,-0.071680,-0.047294,-0.092549,0.011077,-0.078759,-0.073912,-0.015583,0.018869,0.003726,0.038389,0.080798,-0.017976,0.056828,0.141420,0.546098,1.000000,0.435280,0.025522,0.061594,0.073302,-0.037340,-0.091135,0.001137,0.052737,0.049380,0.052569,0.023792,-0.012465,-0.064530,-0.050659,-0.080262,0.028861,0.000580,-0.015712,-0.007830,-0.011366,-0.046427,-0.060287,0.008216,-0.057545,-0.046668,0.022825,-0.067735,-0.003560,0.029001,0.010381,0.018825,-0.001288,0.030513,0.049976,0.048447,0.046228,0.061340,0.003948,0.029333,0.036173,-0.010576
0.038512,0.006023,-0.030507,0.035473,-0.034255,0.065670,0.002321,-0.009160,0.007035,0.006813,-0.003066,0.017340,-0.029780,-0.059800,0.025624,-0.038574,-0.031035,-0.001859,0.048282,0.042849,-0.036819,-0.009134,-0.042997,-0.001225,0.042960,0.268563,0.435280,1.000000,0.098306,0.136594,0.033007,-0.087371,0.027524,0.089289,0.128509,0.000530,-0.001579,0.027398,0.029239,-0.014811,0.011796,-0.031476,0.008928,0.007988,0.038450,-0.021717,0.038600,0.020718,0.018565,0.027230,0.002674,-0.005224,0.015590,-0.016180,-0.065408,-0.046152,0.025413,-0.060826,-0.019778,-0.041925,0.019664,0.029334,0.004260,0.002748,-0.014903,-0.018065,0.032295,0.007008
-0.028255,-0.006763,-0.059725,0.004373,-0.081096,0.050190,-0.041069,0.037579,0.048691,0.019172,0.021979,0.046944,0.044536,0.031125,0.050253,0.035084,0.055723,0.031411,0.024995,0.063099,0.082432,0.100931,0.046809,0.018569,0.034999,0.008881,0.025522,0.098306,1.000000,0.240576,0.042151,0.046053,0.053701,-0.064672,0.028878,0.049665,-0.002768,0.041894,-0.015568,0.014541,0.041640,0.026792,-0.031339,0.006720,0.026515,0.041032,0.032849,0.025909,0.010813,0.026198,0.019556,0.014767,0.031903,0.005474,0.009007,0.054754,0.126803,-0.023059,0.003028,0.066258,-0.023036,-0.032809,0.048561,0.049091,-0.035929,0.014211,0.042793,0.047904
-0.067350,0.015402,-0.047236,0.103448,0.040199,0.202851,0.120059,0.132080,0.252189,0.205535,0.072293,0.085103,0.103943,0.054958,0.081250,0.234510,0.225764,0.219937,0.273963,0.119868,0.062643,0.008057,0.064465,-0.004778,-0.017806,0.022748,0.061594,0.136594,0.240576,1.000000,0.111294,0.115759,0.034190,0.063607,0.107972,0.030340,0.013454,0.158617,0.084724,0.174631,0.060655,0.083657,0.071740,0.152522,0.114202,0.196105,0.146554,0.104627,0.133162,0.088631,0.017104,0.180172,0.108521,0.146152,0.134684,0.124957,0.136910,-0.022760,-0.066034,0.105734,-0.059800,-0.005399,0.084113,0.173753,0.132372,0.150765,0.057768,0.091468
0.009909,0.008064,0.032749,-0.001409,-0.062219,-0.057798,-0.011284,-0.025575,-0.034089,-0.042596,-0.023437,-0.014642,-0.030780,0.003461,0.000063,0.007885,-0.001591,0.011018,0.090229,0.018500,0.004420,0.013832,0.013250,0.070916,-0.024500,-0.010884,0.073302,0.033007,0.042151,0.111294,1.000000,0.013857,0.056642,-0.011144,0.059421,0.081607,0.089368,-0.002413,0.012225,-0.048571,0.011098,-0.031712,-0.014643,-0.054409,-0.029377,-0.016554,-0.039592,-0.034729,-0.024002,0.031003,0.020026,0.005091,0.049205,0.000511,0.066373,0.050217,0.013157,-0.004425,0.053096,-0.070311,-0.004268,0.010335,-0.017556,0.015542,0.004697,-0.007820,-0.046880,0.020279
0.118463,0.064999,0.123470,0.065906,0.034394,0.081232,0.029002,0.039546,0.108383,0.114759,0.085296,0.034437,0.014247,0.060802,0.057683,0.148347,0.104208,0.232742,0.198802,0.103853,0.097183,0.117154,0.103205,0.125582,-0.002070,-0.028965,-0.037340,-0.087371,0.046053,0.115759,0.013857,1.000000,0.030564,0.208682,0.053017,0.028632,0.074692,0.060927,0.080694,0.103816,0.045548,0.035242,0.078647,0.137431,0.104031,0.075617,0.086258,0.152192,0.169090,0.098152,0.071740,0.132866,0.055352,0.177330,0.098713,0.080967,0.147172,0.006312,0.111597,0.011968,-0.044957,-0.032934,0.082931,0.071682,0.063070,0.037384,0.033699,0.136467
0.003841,0.023170,0.024164,0.075243,0.027229,-0.032009,0.081825,0.017756,0.008771,0.052628,0.014651,0.064355,0.012369,-0.031797,-0.049627,-0.029865,-0.071055,0.016298,-0.002585,-0.046357,-0.050485,-0.013913,0.047793,0.050190,0.036344,-0.020763,-0.091135,0.027524,0.053701,0.034190,0.056642,0.030564,1.000000,-0.045697,0.052328,-0.065420,0.017635,0.051439,0.070105,0.033000,0.002145,0.032012,0.021053,0.059425,0.007116,-0.045535,0.007903,-0.019196,-0.033943,0.043201,0.106876,0.032778,0.044012,0.011185,-0.066055,-0.082650,-0.063579,-0.015527,-0.023955,-0.029834,-0.160899,-0.208993,-0.010687,-0.026816,0.123915,0.021099,0.092864,-0.002304
0.367209,0.141221,0.008402,0.090145,0.504233,0.298272,0.247869,0.223682,0.263320,0.171591,0.150407,0.092544,0.197276,0.150635,0.123738,0.204200,0.166872,0.105658,0.156292,0.105900,0.107029,0.121847,0.087659,0.040641,0.096503,-0.028480,0.001137,0.089289,-0.064672,0.063607,-0.011144,0.208682,-0.045697,1.000000,0.022897,0.027252,-0.051656,0.074122,0.038582,0.176584,0.110817,0.173586,0.164564,0.128228,0.124424,0.150359,0.154413,0.134269,0.145807,0.137809,0.032056,0.101716,0.044657,0.111042,0.144046,0.108920,0.069292,0.023960,0.059135,0.000423,0.032131,0.043310,0.071583,0.034264,-0.017926,0.004975,0.002941,0.106740
0.024200,0.011046,-0.045283,0.068836,-0.045598,0.020055,0.012631,-0.017421,0.042612,0.094785,0.052359,-0.054616,-0.016486,0.021446,-0.041571,0.018103,0.015114,-0.061986,0.028984,-0.039488,0.068140,0.057063,-0.074295,-0.010800,-0.015630,0.040522,0.052737,0.128509,0.028878,0.107972,0.059421,0.053017,0.052328,0.022897,1.000000,0.276137,0.111749,0.252209,0.101361,0.038609,-0.010030,-0.026468,0.035762,0.057531,0.095686,0.102989,0.057097,0.052836,0.010270,0.060779,0.117957,0.075190,0.059379,0.051967,0.076358,0.147023,0.072692,0.062191,-0.037475,0.095346,0.105796,0.139829,0.027536,0.087814,0.152290,0.110714,0.095350,0.318996
0.023206,0.059572,0.041213,0.149833,0.013914,0.063282,0.007373,0.070154,0.047647,0.049918,0.089409,-0.017622,0.074593,0.091811,0.021144,0.117765,0.089907,0.055500,0.062951,0.039969,0.162584,0.111646,0.009148,0.052301,-0.007695,-0.008152,0.049380,0.000530,0.049665,0.030340,0.081607,0.028632,-0.065420,0.027252,0.276137,1.000000,0.031546,0.233859,0.132872,0.011616,0.036378,0.061605,-0.022775,0.039703,0.015095,0.152333,0.062140,0.032535,0.110158,0.069606,0.098285,0.051831,-0.070275,0.080988,0.126119,0.196923,0.076671,0.142366,-0.024262,0.088185,0.051832,0.067627,-0.008224,0.012772,0.073363,-0.000747,-0.049988,0.210256
0.039350,-0.026292,0.032887,0.093575,-0.090680,0.019339,0.008386,-0.035502,0.039418,-0.041127,-0.015544,0.059210,-0.018404,-0.015274,0.026895,-0.005592,0.019180,0.027061,0.057167,0.012778,-0.006310,-0.072135,0.008914,-0.089845,0.020656,0.085250,0.052569,-0.001579,-0.002768,0.013454,0.089368,0.074692,0.017635,-0.051656,0.111749,0.031546,1.000000,0.070545,0.047751,0.008533,0.023577,-0.045128,-0.014467,-0.037825,-0.019611,-0.008468,-0.032397,-0.028185,-0.026150,0.005058,0.007855,0.037503,0.015928,0.034714,0.055766,0.053033,0.002522,0.028598,0.031544,0.032259,0.091952,0.120650,0.037019,0.026762,0.030371,0.020692,-0.014867,0.018766
0.045258,0.096397,0.058800,0.626030,0.072059,0.109447,0.053016,0.058088,0.109994,0.167640,0.118947,0.024931,0.030565,0.043958,0.006446,0.282650,0.126964,0.124092,0.097112,0.079388,0.183713,0.027480,-0.032973,-0.021289,0.016391,-0.028462,0.023792,0.027398,0.041894,0.158617,-0.002413,0.060927,0.051439,0.074122,0.252209,0.233859,0.070545,1.000000,0.051024,0.117248,0.068795,0.050098,0.015913,0.064727,0.134395,0.662095,0.383080,0.124060,0.177784,0.058507,0.213202,0.280284,0.049121,0.238167,0.190426,0.227462,0.169924,0.041830,-0.058045,0.084536,-0.078753,-0.027672,-0.013946,-0.000552,0.170250,0.083543,0.090391,0.201632
0.044081,0.071910,-0.081122,-0.034167,-0.001325,0.172285,0.099948,0.150623,0.177086,0.186150,0.073195,0.066219,0.136658,0.079901,0.062849,0.097983,0.094068,0.117433,0.023555,0.070823,0.017276,0.013125,-0.030537,-0.012048,-0.046377,-0.026406,-0.012465,0.029239,-0.015568,0.084724,0.012225,0.080694,0.070105,0.038582,0.101361,0.132872,0.047751,0.051024,1.000000,0.267291,0.188813,0.148550,0.205395,0.230965,0.113667,0.074740,0.100774,0.123180,0.146645,0.100449,0.221552,0.200586,0.203545,0.127110,0.087213,0.030128,0.100792,0.085727,0.031649,0.080442,0.000706,0.003812,0.121506,0.176886,0.233885,0.137591,0.082946,0.396474
0.150836,0.137679,-0.009104,0.100220,0.126644,0.564454,0.339821,0.603613,0.643495,0.686412,0.509468,0.207254,0.535463,0.499549,0.445225,0.347111,0.132820,0.246721,0.221196,0.494964,0.112892,0.090851,0.065392,0.029210,-0.005236,-0.052848,-0.064530,-0.014811,0.014541,0.174631,-0.048571,0.103816,0.033000,0.176584,0.038609,0.011616,0.008533,0.117248,0.267291,1.000000,0.459262,0.613917,0.732614,0.723010,0.554366,0.274271,0.372895,0.576099,0.487986,0.236818,0.347683,0.460754,0.329407,0.416490,0.115069,0.130361,0.115428,0.075321,0.020637,0.053031,-0.038952,0.035891,0.183892,0.273939,0.272478,0.190743,0.050967,0.288426
0.125601,0.043408,0.083093,0.143449,0.057187,0.278525,0.196559,0.424690,0.316912,0.324698,0.362882,0.303310,0.411700,0.369100,0.340861,0.159638,0.038333,0.098605,0.121783,0.348971,0.064844,-0.000459,0.038694,0.035679,0.019194,-0.036532,-0.050659,0.011796,0.041640,0.060655,0.011098,0.045548,0.002145,0.110817,-0.010030,0.036378,0.023577,0.068795,0.188813,0.459262,1.000000,0.500768,0.402832,0.375904,0.292543,0.137162,0.350356,0.355981,0.277197,0.160335,0.353744,0.210446,0.257430,0.179878,0.037126,0.027979,0.164274,-0.023160,-0.013872,0.012969,0.014132,0.080120,0.150994,0.199468,0.186563,0.150768,0.006295,0.265334
0.121498,0.110934,0.022148,0.110921,0.218703,0.563197,0.532106,0.933115,0.500102,0.580066,0.666466,0.297662,0.871190,0.783095,0.610523,0.223774,0.118616,0.155930,0.137966,0.581117,0.154507,0.111028,0.044653,-0.000014,0.011969,-0.065401,-0.080262,-0.031476,0.026792,0.083657,-0.031712,0.035242,0.032012,0.173586,-0.026468,0.061605,-0.045128,0.050098,0.148550,0.613917,0.500768,1.000000,0.527089,0.574104,0.459374,0.162801,0.420110,0.544076,0.469974,0.190758,0.322861,0.323264,0.225195,0.261448,0.068140,0.114657,0.147093,0.076914,0.042970,0.087187,0.014401,0.062905,0.141057,0.150469,0.209725,0.170419,0.007416,0.295542
0.079507,0.121064,-0.003333,0.045931,0.122490,0.582756,0.331575,0.551892,0.658647,0.595852,0.351474,0.113086,0.513672,0.367851,0.384348,0.208438,0.105272,0.232251,0.238854,0.344298,0.094230,0.097774,0.023544,0.069380,0.004796,0.004543,0.028861,0.008928,-0.031339,0.071740,-0.014643,0.078647,0.021053,0.164564,0.035762,-0.022775,-0.014467,0.015913,0.205395,0.732614,0.402832,0.527089,1.000000,0.730282,0.370923,0.062714,0.190109,0.378674,0.299268,0.254994,0.300835,0.318165,0.327818,0.230231,0.062116,0.072797,0.091096,0.022330,0.005029,-0.022655,-0.024996,-0.015675,0.264972,0.307017,0.273759,0.131346,0.024275,0.220326
0.079529,0.107307,0.029434,0.079068,0.086206,0.530004,0.286333,0.566640,0.640021,0.845547,0.555902,0.158955,0.531055,0.514785,0.434467,0.326800,0.108942,0.303070,0.237932,0.463555,0.143633,0.168673,0.052249,0.092336,-0.044812,0.029597,0.000580,0.007988,0.006720,0.152522,-0.054409,0.137431,0.059425,0.128228,0.057531,0.039703,-0.037825,0.064727,0.230965,0.723010,0.375904,0.574104,0.730282,1.000000,0.576036,0.195392,0.308741,0.585096,0.499356,0.355965,0.361203,0.438589,0.382684,0.402314,0.134531,0.129480,0.130967,0.091184,0.080542,0.057624,-0.007505,0.049973,0.215454,0.318229,0.336355,0.170951,0.004054,0.302794
0.138750,0.123810,0.114133,0.154952,0.100065,0.372523,0.203915,0.429860,0.430385,0.655903,0.609829,0.168035,0.384337,0.531189,0.394773,0.375912,0.040636,0.249619,0.158761,0.517535,0.118136,0.086624,0.056434,0.053496,-0.038497,-0.046396,-0.015712,0.038450,0.026515,0.114202,-0.029377,0.104031,0.007116,0.124424,0.095686,0.015095,-0.019611,0.134395,0.113667,0.554366,0.292543,0.459374,0.370923,0.576036,1.000000,0.269774,0.442195,0.903778,0.644284,0.218759,0.205370,0.397964,0.207971,0.589875,0.129539,0.086982,0.201527,0.032199,0.074795,0.069226,-0.088590,0.009068,0.071460,0.137856,0.128551,0.125142,0.088548,0.236707
0.106340,0.101370,0.065397,0.438686,0.109861,0.149657,0.072534,0.147324,0.174685,0.296024,0.326192,0.031401,0.104272,0.237099,0.130357,0.487689,0.178905,0.211380,0.123503,0.262272,0.147195,0.056557,0.014060,0.006579,0.009478,-0.015496,-0.007830,-0.021717,0.041032,0.196105,-0.016554,0.075617,-0.045535,0.150359,0.102989,0.152333,-0.008468,0.662095,0.074740,0.274271,0.137162,0.162801,0.062714,0.195392,0.269774,1.000000,0.641692,0.311528,0.410171,0.099404,0.207539,0.425939,0.072957,0.381936,0.287288,0.296589,0.196411,0.077667,-0.012616,0.116606,-0.092431,-0.040139,0.017460,0.038730,0.214052,0.146528,0.058906,0.194654
0.158944,0.078331,0.089272,0.365013,0.122673,0.249028,0.169698,0.354293,0.272471,0.377125,0.504461,0.339496,0.357774,0.450241,0.299226,0.388506,0.089488,0.202804,0.129637,0.433043,0.158128,0.086074,0.045997,0.029291,-0.013016,-0.053137,-0.011366,0.038600,0.032849,0.146554,-0.039592,0.086258,0.007903,0.154413,0.057097,0.062140,-0.032397,0.383080,0.100774,0.372895,0.350356,0.420110,0.190109,0.308741,0.442195,0.641692,1.000000,0.549649,0.599671,0.083326,0.270116,0.446877,0.203978,0.407112,0.123397,0.122977,0.251755,0.028149,0.020614,0.092028,-0.063770,-0.024300,0.057667,0.113751,0.242631,0.143019,0.047287,0.254833
0.155663,0.133335,0.125738,0.157277,0.099828,0.362730,0.206588,0.483029,0.428215,0.654567,0.716084,0.215256,0.434912,0.639466,0.478733,0.384629,0.070802,0.298189,0.184247,0.615705,0.144290,0.098255,0.052760,0.051928,-0.017876,-0.026284,-0.046427,0.020718,0.025909,0.104627,-0.034729,0.152192,-0.019196,0.134269,0.052836,0.032535,-0.028185,0.124060,0.123180,0.576099,0.355981,0.544076,0.378674,0.585096,0.903778,0.311528,0.549649,1.000000,0.776545,0.211674,0.250892,0.462225,0.259934,0.663716,0.120772,0.112678,0.247172,0.058552,0.086139,0.083227,-0.057015,0.022995,0.089009,0.179567,0.168094,0.133298,0.040509,0.254319
0.133500,0.086402,0.094634,0.177735,0.108375,0.349150,0.215330,0.437979,0.389237,0.567522,0.681572,0.196275,0.396236,0.584351,0.496019,0.441632,0.135271,0.397583,0.236189,0.672729,0.261862,0.184661,0.084661,0.099564,0.009259,-0.006848,-0.060287,0.018565,0.010813,0.133162,-0.024002,0.169090,-0.033943,0.145807,0.010270,0.110158,-0.026150,0.177784,0.146645,0.487986,0.277197,0.469974,0.299268,0.499356,0.644284,0.410171,0.599671,0.776545,1.000000,0.187699,0.247886,0.584686,0.244939,0.764255,0.271745,0.276126,0.240069,0.119749,0.047648,0.105303,-0.068908,-0.004638,0.044424,0.142582,0.194292,0.132907,0.041166,0.230150
0.067249,0.053265,0.017090,0.069065,0.021561,0.150999,0.074868,0.191179,0.177519,0.258650,0.216792,0.084426,0.195039,0.199143,0.153602,0.147968,0.061501,0.186687,0.152918,0.187315,0.030785,0.099135,0.091824,0.063443,-0.008273,0.006935,0.008216,0.027230,0.026198,0.088631,0.031003,0.098152,0.043201,0.137809,0.060779,0.069606,0.005058,0.058507,0.100449,0.236818,0.160335,0.190758,0.254994,0.355965,0.218759,0.099404,0.083326,0.211674,0.187699,1.000000,0.185420,0.184621,0.202945,0.174523,0.074651,0.037130,0.034544,-0.057504,0.037103,0.061353,-0.020020,0.008571,0.102050,0.221138,0.144470,0.044236,-0.035159,0.149764
0.072219,0.101449,0.058705,0.142449,0.054661,0.217571,0.133298,0.300583,0.222595,0.338824,0.292160,0.117656,0.295569,0.278455,0.246094,0.193464,0.061495,0.185387,0.111164,0.247092,0.076112,0.070644,-0.001773,0.022157,-0.002072,0.025067,-0.057545,0.002674,0.019556,0.017104,0.020026,0.071740,0.106876,0.032056,0.117957,0.098285,0.007855,0.213202,0.221552,0.347683,0.353744,0.322861,0.300835,0.361203,0.205370,0.207539,0.270116,0.250892,0.247886,0.185420,1.000000,0.282914,0.266109,0.213368,0.102595,0.112167,0.198210,0.143903,0.067678,0.101979,-0.014555,-0.001395,0.196994,0.220972,0.382687,0.120018,0.044494,0.318600
0.049889,0.116300,-0.036333,0.188914,0.033341,0.269864,0.148355,0.307309,0.329136,0.463126,0.410768,0.067234,0.270198,0.332675,0.277656,0.476849,0.201412,0.398690,0.240432,0.456206,0.320697,0.164021,0.049791,0.126586,-0.089475,0.041881,-0.046668,-0.005224,0.014767,0.180172,0.005091,0.132866,0.032778,0.101716,0.075190,0.051831,0.037503,0.280284,0.200586,0.460754,0.210446,0.323264,0.318165,0.438589,0.397964,0.425939,0.446877,0.462225,0.584686,0.184621,0.282914,1.000000,0.535586,0.529353,0.393075,0.368799,0.327399,0.114491,-0.005015,0.071789,0.000946,0.069602,0.100561,0.250800,0.322119,0.183198,0.081848,0.314186
0.054819,0.148822,-0.002697,0.029242,0.019667,0.117657,0.073465,0.172720,0.187039,0.260512,0.184926,0.078877,0.180628,0.149664,0.131704,0.165440,0.051447,0.133178,0.054319,0.212403,0.066946,0.044823,-0.075641,0.076703,-0.118694,0.078677,0.022825,0.015590,0.031903,0.108521,0.049205,0.055352,0.044012,0.044657,0.059379,-0.070275,0.015928,0.049121,0.203545,0.329407,0.257430,0.225195,0.327818,0.382684,0.207971,0.072957,0.203978,0.259934,0.244939,0.202945,0.266109,0.535586,1.000000,0.232942,0.151736,0.111204,0.208661,0.054220,0.101279,-0.000862,0.052275,0.088220,0.325913,0.582954,0.337704,0.210068,0.070967,0.297790
0.083286,0.069028,0.063087,0.195390,0.010568,0.246677,0.095912,0.256240,0.318780,0.468546,0.505646,0.076999,0.212500,0.379770,0.325395,0.410074,0.124613,0.368988,0.218413,0.521493,0.210608,0.113939,0.085221,0.064061,0.001369,0.030368,-0.067735,-0.016180,0.005474,0.146152,0.000511,0.177330,0.011185,0.111042,0.051967,0.080988,0.034714,0.238167,0.127110,0.416490,0.179878,0.261448,0.230231,0.402314,0.589875,0.381936,0.407112,0.663716,0.764255,0.174523,0.213368,0.529353,0.232942,1.000000,0.291293,0.293462,0.212736,0.078114,-0.002185,0.065809,-0.108921,-0.039262,0.072478,0.133548,0.176520,0.111108,0.062314,0.179381
0.125438,0.127386,-0.014360,0.130021,0.055129,0.076109,0.057516,0.066184,0.108114,0.157719,0.121494,-0.059415,0.057211,0.087322,0.042694,0.306604,0.219161,0.174801,0.089970,0.144061,0.255456,0.084358,0.049426,0.064566,-0.000860,0.035167,-0.003560,-0.065408,0.009007,0.134684,0.066373,0.098713,-0.066055,0.144046,0.076358,0.126119,0.055766,0.190426,0.087213,0.115069,0.037126,0.068140,0.062116,0.134531,0.129539,0.287288,0.123397,0.120772,0.271745,0.074651,0.102595,0.393075,0.151736,0.291293,1.000000,0.753086,0.172799,0.181825,0.055253,0.208361,0.070064,0.103613,0.050298,0.114279,0.061543,-0.004777,0.134378,0.182127
0.046643,0.137960,-0.021426,0.143184,0.037920,0.137574,0.131586,0.118478,0.184514,0.194853,0.164368,-0.084623,0.101982,0.111179,0.095296,0.273422,0.152247,0.153802,0.111064,0.192141,0.342707,0.131838,0.021046,0.082690,0.007986,0.054161,0.029001,-0.046152,0.054754,0.124957,0.050217,0.080967,-0.082650,0.108920,0.147023,0.196923,0.053033,0.227462,0.030128,0.130361,0.027979,0.114657,0.072797,0.129480,0.086982,0.296589,0.122977,0.112678,0.276126,0.037130,0.112167,0.368799,0.111204,0.293462,0.753086,1.000000,0.222980,0.379665,0.070305,0.232358,0.053258,0.101732,0.053714,0.074055,0.046316,0.011576,0.080055,0.190539
0.074456,0.082622,0.020871,0.143131,0.032616,0.136262,0.041781,0.125335,0.151692,0.148376,0.196984,0.025190,0.097148,0.165258,0.134436,0.213868,0.081326,0.145780,0.033805,0.200710,0.174869,0.036555,-0.016436,0.063645,-0.021098,0.014216,0.010381,0.025413,0.126803,0.136910,0.013157,0.147172,-0.063579,0.069292,0.072692,0.076671,0.002522,0.169924,0.100792,0.115428,0.164274,0.147093,0.091096,0.130967,0.201527,0.196411,0.251755,0.247172,0.240069,0.034544,0.198210,0.327399,0.208661,0.212736,0.172799,0.222980,1.000000,0.084742,0.051417,0.109905,0.047154,0.047421,0.067876,0.160798,0.188905,0.062597,0.055956,0.205115
0.046286,0.006671,-0.026084,0.039473,0.037406,0.091150,0.116507,0.082858,0.113449,0.116659,0.040835,-0.043146,0.085556,0.059888,0.093423,0.083386,0.028201,0.076863,-0.006751,0.089199,0.120229,0.101904,-0.036680,0.076921,-0.021790,0.043356,0.018825,-0.060826,-0.023059,-0.022760,-0.004425,0.006312,-0.015527,0.023960,0.062191,0.142366,0.028598,0.041830,0.085727,0.075321,-0.023160,0.076914,0.022330,0.091184,0.032199,0.077667,0.028149,0.058552,0.119749,-0.057504,0.143903,0.114491,0.054220,0.078114,0.181825,0.379665,0.084742,1.000000,0.218350,0.160119,0.090499,0.097206,0.127116,0.065948,0.047480,0.000159,0.054653,0.182358
-0.012902,-0.043991,0.009805,-0.055119,0.065003,0.064535,0.022681,0.040479,0.046355,0.074055,0.069385,0.036139,0.069949,0.098266,0.081508,0.029841,-0.005889,0.008432,0.017265,0.048436,-0.046307,-0.069410,-0.048604,-0.051847,-0.048987,-0.016519,-0.001288,-0.019778,0.003028,-0.066034,0.053096,0.111597,-0.023955,0.059135,-0.037475,-0.024262,0.031544,-0.058045,0.031649,0.020637,-0.013872,0.042970,0.005029,0.080542,0.074795,-0.012616,0.020614,0.086139,0.047648,0.037103,0.067678,-0.005015,0.101279,-0.002185,0.055253,0.070305,0.051417,0.218350,1.000000,0.030916,0.031664,0.028478,0.273959,0.106153,-0.004120,0.049025,0.017996,0.101165
-0.007843,0.026526,-0.011648,0.028274,0.012404,0.057121,0.016631,0.109475,0.063730,0.085962,0.115061,0.010749,0.101589,0.129848,0.105449,0.092919,0.118994,0.020274,0.020009,0.091200,0.002934,0.005222,-0.022114,-0.035925,-0.055871,0.072726,0.030513,-0.041925,0.066258,0.105734,-0.070311,0.011968,-0.029834,0.000423,0.095346,0.088185,0.032259,0.084536,0.080442,0.053031,0.012969,0.087187,-0.022655,0.057624,0.069226,0.116606,0.092028,0.083227,0.105303,0.061353,0.101979,0.071789,-0.000862,0.065809,0.208361,0.232358,0.109905,0.160119,0.030916,1.000000,0.365818,0.255752,0.072518,0.083792,0.071555,0.071159,-0.072462,0.079749
0.011962,0.004602,-0.042572,-0.102699,-0.018202,0.009708,0.022423,0.022591,0.015346,-0.021298,0.054594,-0.044890,0.019760,0.087782,0.061734,-0.046090,0.073763,-0.067943,-0.002530,0.009729,-0.017886,-0.035917,-0.031587,-0.015027,0.073850,0.019021,0.049976,0.019664,-0.023036,-0.059800,-0.004268,-0.044957,-0.160899,0.032131,0.105796,0.051832,0.091952,-0.078753,0.000706,-0.038952,0.014132,0.014401,-0.024996,-0.007505,-0.088590,-0.092431,-0.063770,-0.057015,-0.068908,-0.020020,-0.014555,0.000946,0.052275,-0.108921,0.070064,0.053258,0.047154,0.090499,0.031664,0.365818,1.000000,0.747410,0.076143,0.057020,0.018315,0.109871,0.000110,0.093967
0.023976,-0.009607,-0.020436,-0.040390,-0.052189,0.019391,0.012615,0.061232,0.028609,0.019446,0.100474,-0.005289,0.042418,0.116520,0.092269,-0.013264,0.047644,-0.013026,0.002295,0.055532,0.049968,0.005527,-0.025000,-0.034597,0.053155,0.050654,0.048447,0.029334,-0.032809,-0.005399,0.010335,-0.032934,-0.208993,0.043310,0.139829,0.067627,0.120650,-0.027672,0.003812,0.035891,0.080120,0.062905,-0.015675,0.049973,0.009068,-0.040139,-0.024300,0.022995,-0.004638,0.008571,-0.001395,0.069602,0.088220,-0.039262,0.103613,0.101732,0.047421,0.097206,0.028478,0.255752,0.747410,1.000000,0.076106,0.077520,0.013204,0.115855,0.026610,0.221538
0.025618,0.101560,-0.031254,-0.041926,0.118130,0.179547,0.105753,0.159411,0.182410,0.164483,0.118205,0.109042,0.165409,0.136867,0.145662,0.034208,0.053012,0.091224,0.080398,0.109245,-0.038204,0.044197,-0.061804,0.046777,0.049023,0.048555,0.046228,0.004260,0.048561,0.084113,-0.017556,0.082931,-0.010687,0.071583,0.027536,-0.008224,0.037019,-0.013946,0.121506,0.183892,0.150994,0.141057,0.264972,0.215454,0.071460,0.017460,0.057667,0.089009,0.044424,0.102050,0.196994,0.100561,0.325913,0.072478,0.050298,0.053714,0.067876,0.127116,0.273959,0.072518,0.076143,0.076106,1.000000,0.555879,0.131826,0.117502,0.072158,0.165023
0.046679,0.114790,0.003701,-0.043296,0.047231,0.138366,0.043730,0.126292,0.217638,0.208370,0.122696,0.104651,0.133866,0.125923,0.111604,0.116504,0.079558,0.145141,0.075670,0.142154,0.029815,0.092367,-0.041189,0.103394,-0.032798,0.092601,0.061340,0.002748,0.049091,0.173753,0.015542,0.071682,-0.026816,0.034264,0.087814,0.012772,0.026762,-0.000552,0.176886,0.273939,0.199468,0.150469,0.307017,0.318229,0.137856,0.038730,0.113751,0.179567,0.142582,0.221138,0.220972,0.250800,0.582954,0.133548,0.114279,0.074055,0.160798,0.065948,0.106153,0.083792,0.057020,0.077520,0.555879,1.000000,0.302385,0.211380,0.064216,0.280188
