1.000000,0.873528,0.370419,0.327460,0.837172,0.177542,0.509786,0.283258,0.169393,0.056820,0.355587,0.380182,0.334621,0.340356,0.289334,0.209765,0.443768,0.112565,0.261773,0.270203,0.582349,0.588447,0.497004,0.592427,0.455444,0.519611,0.451410,0.617019,0.419364,0.468681,0.502634,0.599255,0.456386,0.782723,0.032721,0.018187,0.329309,0.346942,0.283784,0.397132,0.353732,0.350958,0.371131,0.255212,0.357989,0.406031,0.367142,0.374324,0.372519,0.363638,0.370472,0.291105,0.368009,0.352814,0.418546,0.413917,0.317762,0.396661,0.364676,0.176345,0.084331,0.107565,0.391146,0.389321,0.370003,0.392054,0.333152,0.274206
0.873528,1.000000,0.501197,0.441105,0.824608,0.364090,0.710341,0.476059,0.322220,0.184364,0.428040,0.525511,0.501902,0.431729,0.385287,0.051734,0.279153,-0.041276,0.185128,0.343446,0.623669,0.630560,0.400018,0.645450,0.362832,0.450174,0.324283,0.488834,0.346332,0.393907,0.370571,0.441442,0.464605,0.595336,0.071600,0.079238,0.440501,0.449316,0.374349,0.509140,0.491834,0.508762,0.471556,0.366164,0.443241,0.522556,0.506382,0.483593,0.466264,0.436262,0.430996,0.334171,0.423534,0.433482,0.403481,0.405041,0.369512,0.402011,0.409807,0.232597,0.131671,0.167187,0.455373,0.454159,0.414769,0.452573,0.372305,0.355007
0.370419,0.501197,1.000000,0.762427,0.377239,0.472424,0.563683,0.597611,0.373300,0.340007,0.567961,0.627084,0.577222,0.577270,0.588195,0.010447,0.073701,-0.044158,0.085611,0.572722,0.297531,0.277260,0.168686,0.274639,0.205642,0.192815,0.107517,0.169995,0.218677,0.203271,0.094535,0.141293,0.299005,0.214920,0.057519,0.125458,0.798152,0.698245,0.443367,0.471616,0.586111,0.555714,0.357277,0.300895,0.577376,0.604879,0.529941,0.597357,0.597016,0.336739,0.282198,0.392717,0.401366,0.592705,0.272739,0.255470,0.494208,0.357746,0.506271,0.394507,0.236915,0.259635,0.489209,0.427029,0.276506,0.482819,0.471059,0.357749
0.327460,0.441105,0.762427,1.000000,0.372902,0.538408,0.629569,0.679405,0.448672,0.365267,0.624118,0.769663,0.653363,0.631124,0.661731,0.032098,0.092523,0.010044,0.089185,0.653528,0.304860,0.275568,0.205420,0.278458,0.234937,0.206833,0.132056,0.174905,0.234376,0.209452,0.101694,0.148342,0.288432,0.216258,0.063971,0.106894,0.860304,0.951714,0.566623,0.559516,0.727080,0.643853,0.372302,0.245822,0.643691,0.755204,0.610799,0.663778,0.673558,0.368132,0.323749,0.467438,0.453217,0.673118,0.274649,0.260822,0.590886,0.392064,0.616664,0.458579,0.273813,0.315316,0.549857,0.485439,0.328447,0.591281,0.576343,0.470123
0.837172,0.824608,0.377239,0.372902,1.000000,0.393832,0.629879,0.382055,0.362105,0.253413,0.366472,0.431628,0.396753,0.369829,0.359522,0.244621,0.433019,0.144552,0.230905,0.322152,0.535660,0.543337,0.422154,0.545122,0.333465,0.413689,0.299743,0.441329,0.297985,0.367554,0.402040,0.512825,0.474747,0.796491,0.044719,0.029445,0.344589,0.370509,0.302910,0.409142,0.382674,0.392557,0.386606,0.297693,0.375236,0.435189,0.400745,0.405261,0.403118,0.374971,0.359251,0.313684,0.377253,0.374633,0.361372,0.360343,0.353796,0.347224,0.378087,0.192486,0.087350,0.113743,0.399708,0.388377,0.340638,0.396860,0.340061,0.274816
0.177542,0.364090,0.472424,0.538408,0.393832,1.000000,0.719888,0.833476,0.905145,0.850623,0.517773,0.677746,0.752681,0.578152,0.628920,-0.097510,-0.067328,-0.008937,0.112999,0.563924,0.244164,0.235953,0.063791,0.229905,0.014591,0.094757,-0.053420,-0.004079,0.042475,0.050584,-0.058729,-0.027651,0.393236,0.062316,0.083473,0.120396,0.417433,0.472931,0.396256,0.563384,0.502860,0.690852,0.546945,0.581268,0.554485,0.624889,0.656127,0.619495,0.586642,0.434177,0.355898,0.411792,0.421534,0.551913,0.269479,0.268006,0.455370,0.322061,0.436351,0.326089,0.212050,0.248747,0.474368,0.440332,0.309904,0.424755,0.381352,0.351337
0.509786,0.710341,0.563683,0.629569,0.629879,0.719888,1.000000,0.736930,0.677729,0.458832,0.477540,0.689045,0.691586,0.518166,0.529980,-0.038080,0.121003,-0.046310,0.172429,0.465505,0.448116,0.435630,0.266461,0.429828,0.239528,0.272516,0.125443,0.231299,0.247794,0.278200,0.172700,0.230601,0.455309,0.318534,0.052626,0.088546,0.552636,0.602828,0.460277,0.567694,0.638000,0.671976,0.484849,0.416555,0.498690,0.639146,0.633595,0.566490,0.544770,0.376926,0.350794,0.319295,0.380756,0.503892,0.356517,0.352692,0.419739,0.398286,0.446492,0.314037,0.177017,0.234887,0.455459,0.425491,0.311847,0.451740,0.397576,0.397734
0.283258,0.476059,0.597611,0.679405,0.382055,0.833476,0.736930,1.000000,0.679420,0.707150,0.740102,0.911220,0.976789,0.791174,0.776508,-0.036945,0.062988,-0.056562,0.186264,0.713687,0.365024,0.349094,0.220165,0.333155,0.205705,0.174923,0.074828,0.154325,0.232182,0.240440,0.111670,0.130072,0.333885,0.144734,0.162593,0.200219,0.598060,0.641904,0.638032,0.862345,0.758941,0.959002,0.782078,0.735848,0.782945,0.871649,0.922724,0.847568,0.801316,0.676048,0.627441,0.592460,0.645745,0.764628,0.383969,0.374694,0.614750,0.442602,0.617985,0.493547,0.345932,0.391569,0.696542,0.694679,0.565058,0.669856,0.560284,0.571627
0.169393,0.322220,0.373300,0.448672,0.362105,0.905145,0.677729,0.679420,1.000000,0.796226,0.412183,0.546555,0.610283,0.464353,0.504165,-0.098603,-0.036715,0.110119,0.219179,0.449827,0.241298,0.240455,0.083481,0.240184,0.013103,0.128643,-0.015833,0.020205,0.043425,0.093680,-0.009666,0.013842,0.402662,0.031601,0.114293,0.141366,0.356151,0.402431,0.345001,0.448402,0.415169,0.552568,0.466883,0.486747,0.444309,0.500728,0.519871,0.497887,0.462717,0.337217,0.270718,0.317078,0.330923,0.434874,0.283323,0.279596,0.359310,0.310335,0.356595,0.290128,0.205586,0.230044,0.376507,0.343493,0.244707,0.326468,0.315558,0.301954
0.056820,0.184364,0.340007,0.365267,0.253413,0.850623,0.458832,0.707150,0.796226,1.000000,0.506542,0.545647,0.653745,0.561024,0.591234,0.021520,-0.028830,0.074631,0.165338,0.537706,0.162924,0.155673,0.050099,0.128963,-0.007612,0.047456,-0.038300,-0.024715,0.019595,0.039126,-0.041526,-0.038958,0.264394,-0.018014,0.151116,0.164789,0.293588,0.297192,0.318138,0.500308,0.332710,0.592382,0.536483,0.667028,0.537645,0.511219,0.575794,0.575421,0.538805,0.480774,0.383278,0.439658,0.448105,0.510570,0.272876,0.272658,0.414298,0.297893,0.395041,0.328899,0.244904,0.265437,0.463213,0.449210,0.339190,0.379247,0.341681,0.284212
0.355587,0.428040,0.567961,0.624118,0.366472,0.517773,0.477540,0.740102,0.412183,0.506542,1.000000,0.842975,0.806963,0.992107,0.948942,0.133738,0.226688,0.118715,0.243010,0.952930,0.436667,0.415357,0.323557,0.394696,0.310930,0.285371,0.251683,0.293267,0.314731,0.346251,0.277431,0.286356,0.212807,0.254887,0.166670,0.206467,0.619694,0.624037,0.606183,0.791787,0.606208,0.778002,0.697076,0.598662,0.977702,0.884690,0.821042,0.955112,0.964819,0.773675,0.704343,0.835862,0.868583,0.972785,0.464607,0.445736,0.855442,0.543621,0.852427,0.599627,0.377731,0.408045,0.905136,0.878154,0.715960,0.831993,0.770821,0.565118
0.380182,0.525511,0.627084,0.769663,0.431628,0.677746,0.689045,0.911220,0.546555,0.545647,0.842975,1.000000,0.944623,0.865460,0.846771,0.027914,0.149471,0.006825,0.203647,0.811090,0.430693,0.410515,0.299394,0.403636,0.297684,0.231319,0.153633,0.237206,0.308701,0.321178,0.196934,0.244313,0.305753,0.258885,0.100251,0.136960,0.691899,0.756786,0.682393,0.888103,0.786683,0.925008,0.750927,0.617673,0.876465,0.972638,0.936596,0.916443,0.898143,0.712497,0.675458,0.696404,0.739457,0.875031,0.397640,0.384238,0.736089,0.481469,0.748291,0.541899,0.348050,0.402141,0.796058,0.784480,0.649887,0.785497,0.690148,0.624134
0.334621,0.501902,0.577222,0.653363,0.396753,0.752681,0.691586,0.976789,0.610283,0.653745,0.806963,0.944623,1.000000,0.850008,0.806125,0.004734,0.130736,-0.015857,0.240303,0.748938,0.406747,0.392437,0.282010,0.377510,0.262515,0.215666,0.131422,0.219203,0.288139,0.312772,0.191520,0.209133,0.306307,0.198358,0.174832,0.207870,0.597545,0.626705,0.665169,0.925117,0.759448,0.981619,0.846364,0.776469,0.849505,0.917037,0.974882,0.907137,0.856505,0.758737,0.715749,0.656803,0.726062,0.821882,0.427675,0.414945,0.655892,0.479079,0.665872,0.518576,0.361714,0.408665,0.768728,0.778365,0.658491,0.725880,0.599608,0.605672
0.340356,0.431729,0.577270,0.631124,0.369829,0.578152,0.518166,0.791174,0.464353,0.561024,0.992107,0.865460,0.850008,1.000000,0.957125,0.107381,0.197968,0.087711,0.237149,0.947365,0.414913,0.394103,0.296727,0.372668,0.284245,0.264681,0.216852,0.264878,0.293899,0.322301,0.241501,0.250939,0.228150,0.236116,0.153542,0.197109,0.616054,0.619051,0.608341,0.812852,0.622321,0.815693,0.723724,0.643935,0.973036,0.893140,0.856300,0.965490,0.964936,0.775519,0.701405,0.818801,0.855964,0.965530,0.452422,0.434267,0.835708,0.532251,0.830376,0.589272,0.371843,0.405333,0.896323,0.869250,0.699417,0.814010,0.745632,0.561440
0.289334,0.385287,0.588195,0.661731,0.359522,0.628920,0.529980,0.776508,0.504165,0.591234,0.948942,0.846771,0.806125,0.957125,1.000000,0.068327,0.127589,0.081432,0.175214,0.983747,0.368277,0.343564,0.237486,0.313282,0.226053,0.225748,0.160014,0.195630,0.225829,0.239622,0.151695,0.179775,0.238734,0.201186,0.103866,0.163393,0.616924,0.639942,0.574883,0.735806,0.592313,0.758025,0.628061,0.556155,0.932128,0.867297,0.798769,0.924801,0.959204,0.686054,0.603177,0.805957,0.801710,0.957297,0.394894,0.384614,0.847381,0.500394,0.817217,0.568688,0.335762,0.373429,0.838776,0.795531,0.603424,0.775496,0.733206,0.522046
0.209765,0.051734,0.010447,0.032098,0.244621,-0.097510,-0.038080,-0.036945,-0.098603,0.021520,0.133738,0.027914,0.004734,0.107381,0.068327,1.000000,0.840348,0.597304,0.453706,0.085652,0.167956,0.152217,0.396079,0.105221,0.325673,0.215764,0.319418,0.303057,0.290730,0.358415,0.496389,0.514127,0.027137,0.514308,0.110254,0.096490,0.067651,0.061918,0.048698,0.064057,0.033724,0.028559,0.053176,0.038709,0.118348,0.066522,0.035342,0.082836,0.086364,0.073379,0.083542,0.062306,0.091409,0.096668,0.208894,0.200642,0.079078,0.175255,0.106934,0.074220,0.064956,0.063830,0.113607,0.102765,0.077269,0.074264,0.078006,0.040203
0.443768,0.279153,0.073701,0.092523,0.433019,-0.067328,0.121003,0.062988,-0.036715,-0.028830,0.226688,0.149471,0.130736,0.197968,0.127589,0.840348,1.000000,0.614602,0.638743,0.133009,0.336971,0.333439,0.632423,0.302879,0.531368,0.435475,0.527550,0.539748,0.489103,0.629083,0.783176,0.782303,0.141155,0.670287,0.154649,0.135688,0.145940,0.153067,0.194843,0.238327,0.190944,0.177874,0.228557,0.166024,0.216916,0.199487,0.188998,0.198452,0.194835,0.235835,0.264260,0.151778,0.223349,0.194554,0.363439,0.351585,0.161013,0.313709,0.218913,0.135297,0.093268,0.087067,0.231294,0.244416,0.242270,0.224735,0.177423,0.180077
0.112565,-0.041276,-0.044158,0.010044,0.144552,-0.008937,-0.046310,-0.056562,0.110119,0.074631,0.118715,0.006825,-0.015857,0.087711,0.081432,0.597304,0.614602,1.000000,0.671475,0.112555,0.186652,0.195402,0.550008,0.175117,0.397750,0.231752,0.301230,0.246632,0.320370,0.479342,0.453161,0.544651,0.067913,0.311415,0.090406,0.063924,0.013144,0.037470,0.035205,0.047175,-0.036079,-0.008228,0.058181,0.043269,0.126663,0.050829,0.006349,0.086010,0.094072,0.088002,0.112763,0.130931,0.108451,0.106416,0.239275,0.224426,0.104985,0.183408,0.128138,0.057146,0.037159,0.024731,0.107579,0.100643,0.115996,0.089447,0.119492,0.032040
0.261773,0.185128,0.085611,0.089185,0.230905,0.112999,0.172429,0.186264,0.219179,0.165338,0.243010,0.203647,0.240303,0.237149,0.175214,0.453706,0.638743,0.671475,1.000000,0.160361,0.306743,0.305240,0.666995,0.286070,0.579273,0.404613,0.431337,0.401625,0.597792,0.771453,0.600937,0.604637,0.131594,0.318851,0.254859,0.262413,0.149743,0.139214,0.241471,0.301228,0.204026,0.272830,0.336175,0.337576,0.252083,0.235963,0.272708,0.252182,0.229428,0.284841,0.301029,0.163767,0.234847,0.219267,0.380546,0.368975,0.142995,0.335165,0.200945,0.188066,0.169530,0.156976,0.240907,0.258921,0.261187,0.201386,0.150121,0.228926
0.270203,0.343446,0.572722,0.653528,0.322152,0.563924,0.465505,0.713687,0.449827,0.537706,0.952930,0.811090,0.748938,0.947365,0.983747,0.085652,0.133009,0.112555,0.160361,1.000000,0.371761,0.344509,0.235734,0.316387,0.227234,0.216529,0.171258,0.195992,0.221647,0.236653,0.160307,0.185654,0.204312,0.189400,0.106950,0.160077,0.615688,0.638743,0.562185,0.697900,0.563555,0.703910,0.583511,0.486343,0.927621,0.843806,0.744484,0.901264,0.948362,0.665646,0.584567,0.836014,0.810596,0.961376,0.385823,0.373812,0.877562,0.496261,0.841098,0.587614,0.350562,0.384397,0.842823,0.793844,0.607248,0.786121,0.761801,0.511269
0.582349,0.623669,0.297531,0.304860,0.535660,0.244164,0.448116,0.365024,0.241298,0.162924,0.436667,0.430693,0.406747,0.414913,0.368277,0.167956,0.336971,0.186652,0.306743,0.371761,1.000000,0.989660,0.510387,0.949161,0.438519,0.507244,0.414480,0.484524,0.430344,0.488460,0.448682,0.493427,0.293761,0.426961,0.231913,0.221393,0.339126,0.342552,0.395524,0.463603,0.393888,0.423227,0.421716,0.332745,0.466132,0.463083,0.425977,0.459973,0.452275,0.455881,0.461742,0.398752,0.443268,0.440629,0.552737,0.565575,0.385903,0.532607,0.409023,0.311400,0.213983,0.218052,0.449919,0.465622,0.452347,0.444711,0.400574,0.377541
0.588447,0.630560,0.277260,0.275568,0.543337,0.235953,0.435630,0.349094,0.240455,0.155673,0.415357,0.410515,0.392437,0.394103,0.343564,0.152217,0.333439,0.195402,0.305240,0.344509,0.989660,1.000000,0.513428,0.965865,0.433566,0.503600,0.404546,0.474960,0.424266,0.486069,0.449784,0.500036,0.307278,0.427191,0.220717,0.207865,0.307640,0.312479,0.381817,0.456221,0.375896,0.410835,0.423347,0.340408,0.446592,0.442535,0.414380,0.442704,0.430121,0.458823,0.466912,0.388354,0.434220,0.416611,0.554101,0.571229,0.362394,0.527899,0.383911,0.284823,0.200145,0.204279,0.433212,0.456468,0.455807,0.429882,0.387548,0.370534
0.497004,0.400018,0.168686,0.205420,0.422154,0.063791,0.266461,0.220165,0.083481,0.050099,0.323557,0.299394,0.282010,0.296727,0.237486,0.396079,0.632423,0.550008,0.666995,0.235734,0.510387,0.513428,1.000000,0.505872,0.893203,0.589400,0.630388,0.641634,0.762940,0.879315,0.763678,0.833293,0.178310,0.518351,0.159611,0.149753,0.256163,0.265943,0.299485,0.382637,0.317324,0.330760,0.365407,0.294955,0.338482,0.343831,0.331019,0.326638,0.327010,0.408098,0.428250,0.318856,0.377685,0.319286,0.417834,0.415119,0.302393,0.394517,0.343546,0.183146,0.114261,0.122651,0.367668,0.400930,0.413922,0.392126,0.325840,0.298013
0.592427,0.645450,0.274639,0.278458,0.545122,0.229905,0.429828,0.333155,0.240184,0.128963,0.394696,0.403636,0.377510,0.372668,0.313282,0.105221,0.302879,0.175117,0.286070,0.316387,0.949161,0.965865,0.505872,1.000000,0.437278,0.525080,0.400679,0.457009,0.427238,0.477427,0.425163,0.481291,0.307398,0.408053,0.187497,0.169956,0.298355,0.313325,0.363616,0.450220,0.379386,0.399018,0.423477,0.328106,0.424088,0.434703,0.399569,0.422883,0.406926,0.455895,0.465518,0.374026,0.425858,0.395569,0.501884,0.512731,0.347927,0.481632,0.372292,0.270451,0.190193,0.191636,0.425641,0.447971,0.458087,0.428983,0.388957,0.353184
0.455444,0.362832,0.205642,0.234937,0.333465,0.014591,0.239528,0.205705,0.013103,-0.007612,0.310930,0.297684,0.262515,0.284245,0.226053,0.325673,0.531368,0.397750,0.579273,0.227234,0.438519,0.433566,0.893203,0.437278,1.000000,0.577606,0.610208,0.618856,0.893762,0.873045,0.671345,0.712638,0.131707,0.417228,0.102420,0.097321,0.286778,0.294763,0.295587,0.348691,0.325441,0.313277,0.303623,0.237046,0.316015,0.338012,0.311813,0.303742,0.309567,0.372493,0.395383,0.305883,0.360257,0.306687,0.374482,0.373491,0.307143,0.369115,0.345506,0.169749,0.090649,0.100263,0.353456,0.379148,0.382899,0.397613,0.330827,0.283708
0.519611,0.450174,0.192815,0.206833,0.413689,0.094757,0.272516,0.174923,0.128643,0.047456,0.285371,0.231319,0.215666,0.264681,0.225748,0.215764,0.435475,0.231752,0.404613,0.216529,0.507244,0.503600,0.589400,0.525080,0.577606,1.000000,0.913690,0.842392,0.515826,0.597587,0.622901,0.598210,0.217679,0.370074,0.197510,0.187560,0.237669,0.258973,0.275141,0.280199,0.291947,0.244001,0.268508,0.217124,0.280821,0.267424,0.240658,0.271757,0.280543,0.295637,0.299684,0.249540,0.305206,0.276841,0.423463,0.417011,0.262232,0.384483,0.296366,0.216914,0.156349,0.153386,0.301390,0.310793,0.303668,0.320903,0.267963,0.244346
0.451410,0.324283,0.107517,0.132056,0.299743,-0.053420,0.125443,0.074828,-0.015833,-0.038300,0.251683,0.153633,0.131422,0.216852,0.160014,0.319418,0.527550,0.301230,0.431337,0.171258,0.414480,0.404546,0.630388,0.400679,0.610208,0.913690,1.000000,0.915415,0.534443,0.634988,0.695656,0.654310,0.129566,0.372118,0.209311,0.188169,0.190863,0.202400,0.250341,0.237591,0.240088,0.177924,0.227430,0.162688,0.240387,0.205585,0.174558,0.213375,0.232332,0.271164,0.294656,0.234219,0.293023,0.236118,0.409273,0.396323,0.243111,0.361935,0.281274,0.204275,0.147266,0.137248,0.279786,0.295916,0.313046,0.308776,0.265989,0.226421
0.617019,0.488834,0.169995,0.174905,0.441329,-0.004079,0.231299,0.154325,0.020205,-0.024715,0.293267,0.237206,0.219203,0.264878,0.195630,0.303057,0.539748,0.246632,0.401625,0.195992,0.484524,0.474960,0.641634,0.457009,0.618856,0.842392,0.915415,1.000000,0.535336,0.631780,0.703530,0.688385,0.238341,0.506825,0.202061,0.172712,0.230247,0.251452,0.314925,0.333455,0.320703,0.266390,0.315890,0.226877,0.289260,0.285260,0.268246,0.278265,0.285667,0.348208,0.376470,0.268717,0.350120,0.280036,0.431069,0.422068,0.274679,0.378160,0.314463,0.219103,0.162314,0.162013,0.335684,0.363363,0.383169,0.366209,0.299268,0.296375
0.419364,0.346332,0.218677,0.234376,0.297985,0.042475,0.247794,0.232182,0.043425,0.019595,0.314731,0.308701,0.288139,0.293899,0.225829,0.290730,0.489103,0.320370,0.597792,0.221647,0.430344,0.424266,0.762940,0.427238,0.893762,0.515826,0.534443,0.535336,1.000000,0.883266,0.602943,0.612299,0.088155,0.368608,0.144951,0.147855,0.283731,0.282547,0.321035,0.370403,0.334352,0.340831,0.335220,0.285129,0.321585,0.345896,0.337303,0.313962,0.306752,0.396529,0.413171,0.292435,0.358103,0.301678,0.374195,0.370529,0.282209,0.362606,0.323944,0.171211,0.109027,0.120302,0.353274,0.387001,0.396497,0.381455,0.290615,0.314283
0.468681,0.393907,0.203271,0.209452,0.367554,0.050584,0.278200,0.240440,0.093680,0.039126,0.346251,0.321178,0.312772,0.322301,0.239622,0.358415,0.629083,0.479342,0.771453,0.236653,0.488460,0.486069,0.879315,0.477427,0.873045,0.597587,0.634988,0.631780,0.883266,1.000000,0.791341,0.795170,0.145176,0.430879,0.219547,0.212810,0.287900,0.274867,0.365125,0.419810,0.352977,0.368331,0.403419,0.338664,0.357764,0.366295,0.367700,0.349454,0.339653,0.424416,0.444126,0.311891,0.384832,0.333086,0.454063,0.444748,0.298171,0.429140,0.354891,0.212210,0.142092,0.153920,0.384038,0.417052,0.424894,0.399335,0.307953,0.356688
0.502634,0.370571,0.094535,0.101694,0.402040,-0.058729,0.172700,0.111670,-0.009666,-0.041526,0.277431,0.196934,0.191520,0.241501,0.151695,0.496389,0.783176,0.453161,0.600937,0.160307,0.448682,0.449784,0.763678,0.425163,0.671345,0.622901,0.695656,0.703530,0.602943,0.791341,1.000000,0.900192,0.160362,0.526807,0.219740,0.195308,0.193758,0.182307,0.297580,0.330046,0.267803,0.252067,0.329610,0.259426,0.274486,0.255419,0.253732,0.254436,0.252352,0.359239,0.383519,0.253422,0.327641,0.252958,0.468981,0.462683,0.235384,0.427030,0.306610,0.170737,0.109517,0.103710,0.315378,0.351578,0.372697,0.341344,0.258240,0.291947
0.599255,0.441442,0.141293,0.148342,0.512825,-0.027651,0.230601,0.130072,0.013842,-0.038958,0.286356,0.244313,0.209133,0.250939,0.179775,0.514127,0.782303,0.544651,0.604637,0.185654,0.493427,0.500036,0.833293,0.481291,0.712638,0.598210,0.654310,0.688385,0.612299,0.795170,0.900192,1.000000,0.228304,0.667352,0.142073,0.120535,0.216969,0.214711,0.283121,0.333803,0.272227,0.256940,0.315944,0.220277,0.292876,0.296192,0.271154,0.277668,0.282324,0.347233,0.376516,0.271268,0.331389,0.279057,0.441768,0.431368,0.258625,0.403830,0.319714,0.170230,0.098280,0.110422,0.324855,0.351472,0.366459,0.352743,0.283832,0.275059
0.456386,0.464605,0.299005,0.288432,0.474747,0.393236,0.455309,0.333885,0.402662,0.264394,0.212807,0.305753,0.306307,0.228150,0.238734,0.027137,0.141155,0.067913,0.131594,0.204312,0.293761,0.307278,0.178310,0.307398,0.131707,0.217679,0.129566,0.238341,0.088155,0.145176,0.160362,0.228304,1.000000,0.301822,0.026298,0.021053,0.269370,0.290042,0.222336,0.264390,0.308749,0.298858,0.267292,0.229578,0.234908,0.292841,0.286105,0.273973,0.251228,0.169543,0.170894,0.139337,0.156747,0.230788,0.215804,0.216450,0.196924,0.243841,0.219709,0.143055,0.084673,0.098138,0.195673,0.171691,0.145009,0.232731,0.181890,0.192248
0.782723,0.595336,0.214920,0.216258,0.796491,0.062316,0.318534,0.144734,0.031601,-0.018014,0.254887,0.258885,0.198358,0.236116,0.201186,0.514308,0.670287,0.311415,0.318851,0.189400,0.426961,0.427191,0.518351,0.408053,0.417228,0.370074,0.372118,0.506825,0.368608,0.430879,0.526807,0.667352,0.301822,1.000000,-0.018770,-0.037291,0.203105,0.234436,0.178536,0.279164,0.237117,0.219700,0.244794,0.137072,0.248865,0.285504,0.243727,0.252193,0.263003,0.251387,0.269785,0.197508,0.256666,0.248826,0.286846,0.280547,0.222608,0.263142,0.256037,0.085327,0.009679,0.029307,0.278092,0.276340,0.251720,0.273479,0.224607,0.160988
0.032721,0.071600,0.057519,0.063971,0.044719,0.083473,0.052626,0.162593,0.114293,0.151116,0.166670,0.100251,0.174832,0.153542,0.103866,0.110254,0.154649,0.090406,0.254859,0.106950,0.231913,0.220717,0.159611,0.187497,0.102420,0.197510,0.209311,0.202061,0.144951,0.219547,0.219740,0.142073,0.026298,-0.018770,1.000000,0.928712,0.135798,0.131735,0.420394,0.186240,0.205408,0.186340,0.259434,0.247502,0.187874,0.138095,0.149762,0.165941,0.118862,0.205482,0.216460,0.112005,0.172127,0.130212,0.337941,0.334553,0.081281,0.297463,0.074501,0.449546,0.552992,0.536985,0.121230,0.178585,0.219610,0.120131,0.080128,0.504360
0.018187,0.079238,0.125458,0.106894,0.029445,0.120396,0.088546,0.200219,0.141366,0.164789,0.206467,0.136960,0.207870,0.197109,0.163393,0.096490,0.135688,0.063924,0.262413,0.160077,0.221393,0.207865,0.149753,0.169956,0.097321,0.187560,0.188169,0.172712,0.147855,0.212810,0.195308,0.120535,0.021053,-0.037291,0.928712,1.000000,0.183249,0.170618,0.420683,0.192027,0.256470,0.211817,0.249458,0.250632,0.223323,0.174552,0.180714,0.205041,0.165761,0.185171,0.187881,0.099958,0.152204,0.175474,0.340057,0.339636,0.097884,0.311251,0.085621,0.441563,0.525646,0.517476,0.120642,0.168371,0.177379,0.122513,0.075786,0.481416
0.329309,0.440501,0.798152,0.860304,0.344589,0.417433,0.552636,0.598060,0.356151,0.293588,0.619694,0.691899,0.597545,0.616054,0.616924,0.067651,0.145940,0.013144,0.149743,0.615688,0.339126,0.307640,0.256163,0.298355,0.286778,0.237669,0.190863,0.230247,0.283731,0.287900,0.193758,0.216969,0.269370,0.203105,0.135798,0.183249,1.000000,0.841207,0.571089,0.539165,0.693698,0.597255,0.382981,0.254143,0.632958,0.690956,0.570767,0.640113,0.645875,0.373134,0.335041,0.446875,0.455837,0.648450,0.324344,0.306595,0.569421,0.421566,0.598816,0.499039,0.316275,0.347998,0.548861,0.496465,0.350154,0.584165,0.568286,0.473401
0.346942,0.449316,0.698245,0.951714,0.370509,0.472931,0.602828,0.641904,0.402431,0.297192,0.624037,0.756786,0.626705,0.619051,0.639942,0.061918,0.153067,0.037470,0.139214,0.638743,0.342552,0.312479,0.265943,0.313325,0.294763,0.258973,0.202400,0.251452,0.282547,0.274867,0.182307,0.214711,0.290042,0.234436,0.131735,0.170618,0.841207,1.000000,0.624457,0.565295,0.768143,0.633671,0.360144,0.211170,0.641013,0.771716,0.597995,0.654161,0.666282,0.381060,0.347688,0.473721,0.466850,0.671486,0.310747,0.297792,0.610351,0.424603,0.644783,0.447161,0.269484,0.309579,0.567761,0.509768,0.350409,0.635443,0.610810,0.558750
0.283784,0.374349,0.443367,0.566623,0.302910,0.396256,0.460277,0.638032,0.345001,0.318138,0.606183,0.682393,0.665169,0.608341,0.574883,0.048698,0.194843,0.035205,0.241471,0.562185,0.395524,0.381817,0.299485,0.363616,0.295587,0.275141,0.250341,0.314925,0.321035,0.365125,0.297580,0.283121,0.222336,0.178536,0.420394,0.420683,0.571089,0.624457,1.000000,0.712428,0.821419,0.704939,0.594843,0.472660,0.632553,0.695237,0.676469,0.646562,0.624242,0.573715,0.583637,0.505058,0.558122,0.616177,0.431520,0.420229,0.505396,0.480533,0.553416,0.557553,0.492242,0.553819,0.568571,0.588817,0.534647,0.611212,0.537106,0.909944
0.397132,0.509140,0.471616,0.559516,0.409142,0.563384,0.567694,0.862345,0.448402,0.500308,0.791787,0.888103,0.925117,0.812852,0.735806,0.064057,0.238327,0.047175,0.301228,0.697900,0.463603,0.456221,0.382637,0.450220,0.348691,0.280199,0.237591,0.333455,0.370403,0.419810,0.330046,0.333803,0.264390,0.279164,0.186240,0.192027,0.539165,0.565295,0.712428,1.000000,0.766055,0.956663,0.925476,0.787732,0.836575,0.888714,0.952909,0.878500,0.832023,0.847586,0.833330,0.694534,0.793216,0.802236,0.452297,0.433846,0.653527,0.472200,0.679511,0.505180,0.358554,0.395402,0.812545,0.848587,0.778550,0.774207,0.628756,0.645602
0.353732,0.491834,0.586111,0.727080,0.382674,0.502860,0.638000,0.758941,0.415169,0.332710,0.606208,0.786683,0.759448,0.622321,0.592313,0.033724,0.190944,-0.036079,0.204026,0.563555,0.393888,0.375896,0.317324,0.379386,0.325441,0.291947,0.240088,0.320703,0.334352,0.352977,0.267803,0.272227,0.308749,0.237117,0.205408,0.256470,0.693698,0.768143,0.821419,0.766055,1.000000,0.807102,0.621515,0.463297,0.636253,0.774752,0.747312,0.678676,0.657412,0.537760,0.530411,0.469535,0.528637,0.636844,0.360088,0.344820,0.536535,0.426287,0.580040,0.482066,0.356680,0.401877,0.593061,0.587236,0.478862,0.654326,0.553853,0.715650
0.350958,0.508762,0.555714,0.643853,0.392557,0.690852,0.671976,0.959002,0.552568,0.592382,0.778002,0.925008,0.981619,0.815693,0.758025,0.028559,0.177874,-0.008228,0.272830,0.703910,0.423227,0.410835,0.330760,0.399018,0.313277,0.244001,0.177924,0.266390,0.340831,0.368331,0.252067,0.256940,0.298858,0.219700,0.186340,0.211817,0.597255,0.633671,0.704939,0.956663,0.807102,1.000000,0.869745,0.787387,0.823656,0.905532,0.971335,0.880867,0.827687,0.780385,0.753941,0.642181,0.725668,0.793104,0.437976,0.423191,0.634081,0.476228,0.656137,0.505889,0.360225,0.401967,0.766301,0.786968,0.685407,0.741802,0.601201,0.637444
0.371131,0.471556,0.357277,0.372302,0.386606,0.546945,0.484849,0.782078,0.466883,0.536483,0.697076,0.750927,0.846364,0.723724,0.628061,0.053176,0.228557,0.058181,0.336175,0.583511,0.421716,0.423347,0.365407,0.423477,0.303623,0.268508,0.227430,0.315890,0.335220,0.403419,0.329610,0.315944,0.267292,0.244794,0.259434,0.249458,0.382981,0.360144,0.594843,0.925476,0.621515,0.869745,1.000000,0.884577,0.738445,0.745547,0.866393,0.782008,0.719127,0.827189,0.811061,0.624548,0.742459,0.684303,0.435030,0.417943,0.537285,0.418617,0.553954,0.477981,0.389355,0.413179,0.724107,0.782084,0.757248,0.654263,0.509557,0.554571
0.255212,0.366164,0.300895,0.245822,0.297693,0.581268,0.416555,0.735848,0.486747,0.667028,0.598662,0.617673,0.776469,0.643935,0.556155,0.038709,0.166024,0.043269,0.337576,0.486343,0.332745,0.340408,0.294955,0.328106,0.237046,0.217124,0.162688,0.226877,0.285129,0.338664,0.259426,0.220277,0.229578,0.137072,0.247502,0.250632,0.254143,0.211170,0.472660,0.787732,0.463297,0.787387,0.884577,1.000000,0.641102,0.600708,0.779916,0.693537,0.611676,0.776114,0.734668,0.516830,0.624007,0.568808,0.430328,0.420317,0.396784,0.400803,0.417280,0.348098,0.289470,0.309761,0.608562,0.667757,0.632826,0.516266,0.355456,0.456587
0.357989,0.443241,0.577376,0.643691,0.375236,0.554485,0.498690,0.782945,0.444309,0.537645,0.977702,0.876465,0.849505,0.973036,0.932128,0.118348,0.216916,0.126663,0.252083,0.927621,0.466132,0.446592,0.338482,0.424088,0.316015,0.280821,0.240387,0.289260,0.321585,0.357764,0.274486,0.292876,0.234908,0.248865,0.187874,0.223323,0.632958,0.641013,0.632553,0.836575,0.636253,0.823656,0.738445,0.641102,1.000000,0.919174,0.868991,0.986001,0.977092,0.804630,0.743056,0.840680,0.873274,0.978716,0.492384,0.473090,0.846350,0.561826,0.842473,0.592866,0.378265,0.412267,0.907086,0.891797,0.745371,0.843938,0.763629,0.589673
0.406031,0.522556,0.604879,0.755204,0.435189,0.624889,0.639146,0.871649,0.500728,0.511219,0.884690,0.972638,0.917037,0.893140,0.867297,0.066522,0.199487,0.050829,0.235963,0.843806,0.463083,0.442535,0.343831,0.434703,0.338012,0.267424,0.205585,0.285260,0.345896,0.366295,0.255419,0.296192,0.292841,0.285504,0.138095,0.174552,0.690956,0.771716,0.695237,0.888714,0.774752,0.905532,0.745547,0.600708,0.919174,1.000000,0.932022,0.944823,0.931191,0.757668,0.717411,0.754521,0.794251,0.917087,0.435477,0.419797,0.794060,0.517258,0.801023,0.557252,0.356207,0.405379,0.845448,0.838001,0.699455,0.842207,0.742202,0.655941
0.367142,0.506382,0.529941,0.610799,0.400745,0.656127,0.633595,0.922724,0.519871,0.575794,0.821042,0.936596,0.974882,0.856300,0.798769,0.035342,0.188998,0.006349,0.272708,0.744484,0.425977,0.414380,0.331019,0.399569,0.311813,0.240658,0.174558,0.268246,0.337303,0.367700,0.253732,0.271154,0.286105,0.243727,0.149762,0.180714,0.570767,0.597995,0.676469,0.952909,0.747312,0.971335,0.866393,0.779916,0.868991,0.932022,1.000000,0.923708,0.873272,0.813916,0.779753,0.691939,0.771172,0.838877,0.440451,0.425830,0.669828,0.484233,0.679065,0.499333,0.339371,0.386849,0.800762,0.824037,0.719930,0.757920,0.612785,0.622185
0.374324,0.483593,0.597357,0.663778,0.405261,0.619495,0.566490,0.847568,0.497887,0.575421,0.955112,0.916443,0.907137,0.965490,0.924801,0.082836,0.198452,0.086010,0.252182,0.901264,0.459973,0.442704,0.326638,0.422883,0.303742,0.271757,0.213375,0.278265,0.313962,0.349454,0.254436,0.277668,0.273973,0.252193,0.165941,0.205041,0.640113,0.654161,0.646562,0.878500,0.678676,0.880867,0.782008,0.693537,0.986001,0.944823,0.923708,1.000000,0.975247,0.814161,0.752816,0.812370,0.856019,0.964992,0.481877,0.463230,0.816992,0.549643,0.813121,0.568390,0.360609,0.401409,0.895618,0.883951,0.735133,0.831822,0.733539,0.599973
0.372519,0.466264,0.597016,0.673558,0.403118,0.586642,0.544770,0.801316,0.462717,0.538805,0.964819,0.898143,0.856505,0.964936,0.959204,0.086364,0.194835,0.094072,0.229428,0.948362,0.452275,0.430121,0.327010,0.406926,0.309567,0.280543,0.232332,0.285667,0.306752,0.339653,0.252352,0.282324,0.251228,0.263003,0.118862,0.165761,0.645875,0.666282,0.624242,0.832023,0.657412,0.827687,0.719127,0.611676,0.977092,0.931191,0.873272,0.975247,1.000000,0.776519,0.710786,0.848999,0.866583,0.991526,0.455933,0.440544,0.873483,0.548863,0.868567,0.578497,0.332763,0.372710,0.904041,0.877105,0.712024,0.857272,0.773086,0.575474
0.363638,0.436262,0.336739,0.368132,0.374971,0.434177,0.376926,0.676048,0.337217,0.480774,0.773675,0.712497,0.758737,0.775519,0.686054,0.073379,0.235835,0.088002,0.284841,0.665646,0.455881,0.458823,0.408098,0.455895,0.372493,0.295637,0.271164,0.348208,0.396529,0.424416,0.359239,0.347233,0.169543,0.251387,0.205482,0.185171,0.373134,0.381060,0.573715,0.847586,0.537760,0.780385,0.827189,0.776114,0.804630,0.757668,0.813916,0.814161,0.776519,1.000000,0.940007,0.794721,0.889371,0.758190,0.449706,0.441622,0.687395,0.451638,0.685644,0.449023,0.329905,0.345248,0.844051,0.919827,0.899851,0.809860,0.653064,0.579503
0.370472,0.430996,0.282198,0.323749,0.359251,0.355898,0.350794,0.627441,0.270718,0.383278,0.704343,0.675458,0.715749,0.701405,0.603177,0.083542,0.264260,0.112763,0.301029,0.584567,0.461742,0.466912,0.428250,0.465518,0.395383,0.299684,0.294656,0.376470,0.413171,0.444126,0.383519,0.376516,0.170894,0.269785,0.216460,0.187881,0.335041,0.347688,0.583637,0.833330,0.530411,0.753941,0.811061,0.734668,0.743056,0.717411,0.779753,0.752816,0.710786,0.940007,1.000000,0.733693,0.840075,0.689952,0.437705,0.425393,0.611620,0.418902,0.617643,0.417732,0.324369,0.338780,0.779473,0.876632,0.928517,0.768537,0.608394,0.575244
0.291105,0.334171,0.392717,0.467438,0.313684,0.411792,0.319295,0.592460,0.317078,0.439658,0.835862,0.696404,0.656803,0.818801,0.805957,0.062306,0.151778,0.130931,0.163767,0.836014,0.398752,0.388354,0.318856,0.374026,0.305883,0.249540,0.234219,0.268717,0.292435,0.311891,0.253422,0.271268,0.139337,0.197508,0.112005,0.099958,0.446875,0.473721,0.505058,0.694534,0.469535,0.642181,0.624548,0.516830,0.840680,0.754521,0.691939,0.812370,0.848999,0.794721,0.733693,1.000000,0.932553,0.863743,0.380780,0.374228,0.911412,0.457230,0.832700,0.489093,0.297978,0.320181,0.866905,0.875335,0.781551,0.864879,0.786453,0.507987
0.368009,0.423534,0.401366,0.453217,0.377253,0.421534,0.380756,0.645745,0.330923,0.448105,0.868583,0.739457,0.726062,0.855964,0.801710,0.091409,0.223349,0.108451,0.234847,0.810596,0.443268,0.434220,0.377685,0.425858,0.360257,0.305206,0.293023,0.350120,0.358103,0.384832,0.327641,0.331389,0.156747,0.256666,0.172127,0.152204,0.455837,0.466850,0.558122,0.793216,0.528637,0.725668,0.742459,0.624007,0.873274,0.794251,0.771172,0.856019,0.866583,0.889371,0.840075,0.932553,1.000000,0.866062,0.430718,0.418398,0.884122,0.473403,0.838434,0.533614,0.354601,0.367962,0.940321,0.965736,0.886158,0.888989,0.798016,0.548391
0.352814,0.433482,0.592705,0.673118,0.374633,0.551913,0.503892,0.764628,0.434874,0.510570,0.972785,0.875031,0.821882,0.965530,0.957297,0.096668,0.194554,0.106416,0.219267,0.961376,0.440629,0.416611,0.319286,0.395569,0.306687,0.276841,0.236118,0.280036,0.301678,0.333086,0.252958,0.279057,0.230788,0.248826,0.130212,0.175474,0.648450,0.671486,0.616177,0.802236,0.636844,0.793104,0.684303,0.568808,0.978716,0.917087,0.838877,0.964992,0.991526,0.758190,0.689952,0.863743,0.866062,1.000000,0.454575,0.436337,0.891673,0.552760,0.876700,0.591698,0.348693,0.384919,0.903207,0.870823,0.702309,0.858076,0.784867,0.571121
0.418546,0.403481,0.272739,0.274649,0.361372,0.269479,0.356517,0.383969,0.283323,0.272876,0.464607,0.397640,0.427675,0.452422,0.394894,0.208894,0.363439,0.239275,0.380546,0.385823,0.552737,0.554101,0.417834,0.501884,0.374482,0.423463,0.409273,0.431069,0.374195,0.454063,0.468981,0.441768,0.215804,0.286846,0.337941,0.340057,0.324344,0.310747,0.431520,0.452297,0.360088,0.437976,0.435030,0.430328,0.492384,0.435477,0.440451,0.481877,0.455933,0.449706,0.437705,0.380780,0.430718,0.454575,1.000000,0.981391,0.378250,0.891512,0.417580,0.357560,0.277776,0.276526,0.447295,0.453648,0.407155,0.430406,0.391394,0.426233
0.413917,0.405041,0.255470,0.260822,0.360343,0.268006,0.352692,0.374694,0.279596,0.272658,0.445736,0.384238,0.414945,0.434267,0.384614,0.200642,0.351585,0.224426,0.368975,0.373812,0.565575,0.571229,0.415119,0.512731,0.373491,0.417011,0.396323,0.422068,0.370529,0.444748,0.462683,0.431368,0.216450,0.280547,0.334553,0.339636,0.306595,0.297792,0.420229,0.433846,0.344820,0.423191,0.417943,0.420317,0.473090,0.419797,0.425830,0.463230,0.440544,0.441622,0.425393,0.374228,0.418398,0.436337,0.981391,1.000000,0.369816,0.910666,0.405550,0.351030,0.274957,0.274450,0.431078,0.440138,0.397242,0.418693,0.385642,0.425537
0.317762,0.369512,0.494208,0.590886,0.353796,0.455370,0.419739,0.614750,0.359310,0.414298,0.855442,0.736089,0.655892,0.835708,0.847381,0.079078,0.161013,0.104985,0.142995,0.877562,0.385903,0.362394,0.302393,0.347927,0.307143,0.262232,0.243111,0.274679,0.282209,0.298171,0.235384,0.258625,0.196924,0.222608,0.081281,0.097884,0.569421,0.610351,0.505396,0.653527,0.536535,0.634081,0.537285,0.396784,0.846350,0.794060,0.669828,0.816992,0.873483,0.687395,0.611620,0.911412,0.884122,0.891673,0.378250,0.369816,1.000000,0.497471,0.917610,0.535812,0.286847,0.309450,0.887492,0.846057,0.684648,0.892242,0.853621,0.498587
0.396661,0.402011,0.357746,0.392064,0.347224,0.322061,0.398286,0.442602,0.310335,0.297893,0.543621,0.481469,0.479079,0.532251,0.500394,0.175255,0.313709,0.183408,0.335165,0.496261,0.532607,0.527899,0.394517,0.481632,0.369115,0.384483,0.361935,0.378160,0.362606,0.429140,0.427030,0.403830,0.243841,0.263142,0.297463,0.311251,0.421566,0.424603,0.480533,0.472200,0.426287,0.476228,0.418617,0.400803,0.561826,0.517258,0.484233,0.549643,0.548863,0.451638,0.418902,0.457230,0.473403,0.552760,0.891512,0.910666,0.497471,1.000000,0.549758,0.421135,0.268148,0.285372,0.516132,0.494010,0.404248,0.514477,0.488346,0.489540
0.364676,0.409807,0.506271,0.616664,0.378087,0.436351,0.446492,0.617985,0.356595,0.395041,0.852427,0.748291,0.665872,0.830376,0.817217,0.106934,0.218913,0.128138,0.200945,0.841098,0.409023,0.383911,0.343546,0.372292,0.345506,0.296366,0.281274,0.314463,0.323944,0.354891,0.306610,0.319714,0.219709,0.256037,0.074501,0.085621,0.598816,0.644783,0.553416,0.679511,0.580040,0.656137,0.553954,0.417280,0.842473,0.801023,0.679065,0.813121,0.868567,0.685644,0.617643,0.832700,0.838434,0.876700,0.417580,0.405550,0.917610,0.549758,1.000000,0.542179,0.254332,0.286758,0.898679,0.832368,0.668271,0.892644,0.838891,0.540883
0.176345,0.232597,0.394507,0.458579,0.192486,0.326089,0.314037,0.493547,0.290128,0.328899,0.599627,0.541899,0.518576,0.589272,0.568688,0.074220,0.135297,0.057146,0.188066,0.587614,0.311400,0.284823,0.183146,0.270451,0.169749,0.216914,0.204275,0.219103,0.171211,0.212210,0.170737,0.170230,0.143055,0.085327,0.449546,0.441563,0.499039,0.447161,0.557553,0.505180,0.482066,0.505889,0.477981,0.348098,0.592866,0.557252,0.499333,0.568390,0.578497,0.449023,0.417732,0.489093,0.533614,0.591698,0.357560,0.351030,0.535812,0.421135,0.542179,1.000000,0.883225,0.858980,0.526369,0.527555,0.456800,0.509991,0.516364,0.494495
0.084331,0.131671,0.236915,0.273813,0.087350,0.212050,0.177017,0.345932,0.205586,0.244904,0.377731,0.348050,0.361714,0.371843,0.335762,0.064956,0.093268,0.037159,0.169530,0.350562,0.213983,0.200145,0.114261,0.190193,0.090649,0.156349,0.147266,0.162314,0.109027,0.142092,0.109517,0.098280,0.084673,0.009679,0.552992,0.525646,0.316275,0.269484,0.492242,0.358554,0.356680,0.360225,0.389355,0.289470,0.378265,0.356207,0.339371,0.360609,0.332763,0.329905,0.324369,0.297978,0.354601,0.348693,0.277776,0.274957,0.286847,0.268148,0.254332,0.883225,1.000000,0.959353,0.302434,0.347531,0.350524,0.291305,0.306154,0.445222
0.107565,0.167187,0.259635,0.315316,0.113743,0.248747,0.234887,0.391569,0.230044,0.265437,0.408045,0.402141,0.408665,0.405333,0.373429,0.063830,0.087067,0.024731,0.156976,0.384397,0.218052,0.204279,0.122651,0.191636,0.100263,0.153386,0.137248,0.162013,0.120302,0.153920,0.103710,0.110422,0.098138,0.029307,0.536985,0.517476,0.347998,0.309579,0.553819,0.395402,0.401877,0.401967,0.413179,0.309761,0.412267,0.405379,0.386849,0.401409,0.372710,0.345248,0.338780,0.320181,0.367962,0.384919,0.276526,0.274450,0.309450,0.285372,0.286758,0.858980,0.959353,1.000000,0.322787,0.365605,0.360940,0.319273,0.319778,0.526948
0.391146,0.455373,0.489209,0.549857,0.399708,0.474368,0.455459,0.696542,0.376507,0.463213,0.905136,0.796058,0.768728,0.896323,0.838776,0.113607,0.231294,0.107579,0.240907,0.842823,0.449919,0.433212,0.367668,0.425641,0.353456,0.301390,0.279786,0.335684,0.353274,0.384038,0.315378,0.324855,0.195673,0.278092,0.121230,0.120642,0.548861,0.567761,0.568571,0.812545,0.593061,0.766301,0.724107,0.608562,0.907086,0.845448,0.800762,0.895618,0.904041,0.844051,0.779473,0.866905,0.940321,0.903207,0.447295,0.431078,0.887492,0.516132,0.898679,0.526369,0.302434,0.322787,1.000000,0.956094,0.805950,0.895599,0.810677,0.547195
0.389321,0.454159,0.427029,0.485439,0.388377,0.440332,0.425491,0.694679,0.343493,0.449210,0.878154,0.784480,0.778365,0.869250,0.795531,0.102765,0.244416,0.100643,0.258921,0.793844,0.465622,0.456468,0.400930,0.447971,0.379148,0.310793,0.295916,0.363363,0.387001,0.417052,0.351578,0.351472,0.171691,0.276340,0.178585,0.168371,0.496465,0.509768,0.588817,0.848587,0.587236,0.786968,0.782084,0.667757,0.891797,0.838001,0.824037,0.883951,0.877105,0.919827,0.876632,0.875335,0.965736,0.870823,0.453648,0.440138,0.846057,0.494010,0.832368,0.527555,0.347531,0.365605,0.956094,1.000000,0.903853,0.904809,0.787593,0.581085
0.370003,0.414769,0.276506,0.328447,0.340638,0.309904,0.311847,0.565058,0.244707,0.339190,0.715960,0.649887,0.658491,0.699417,0.603424,0.077269,0.242270,0.115996,0.261187,0.607248,0.452347,0.455807,0.413922,0.458087,0.382899,0.303668,0.313046,0.383169,0.396497,0.424894,0.372697,0.366459,0.145009,0.251720,0.219610,0.177379,0.350154,0.350409,0.534647,0.778550,0.478862,0.685407,0.757248,0.632826,0.745371,0.699455,0.719930,0.735133,0.712024,0.899851,0.928517,0.781551,0.886158,0.702309,0.407155,0.397242,0.684648,0.404248,0.668271,0.456800,0.350524,0.360940,0.805950,0.903853,1.000000,0.801592,0.678266,0.538892
