1.000000,0.100142,-0.026450,0.022571,0.030351,-0.018193,-0.027591,-0.000192,0.031402,-0.053788,0.000994,-0.081523,0.038019,0.037521,0.035768,-0.053027,0.035548,-0.103842,-0.025575,-0.056003,-0.085131,0.026740,0.074899,0.010162,0.017164,-0.011393,-0.018728,0.007609,0.050082,-0.002464,-0.030613,0.093193,0.063489,-0.004178,-0.041983,-0.071783,0.016730,-0.031327,-0.068361,0.031204,0.091816,-0.102428,-0.034156,0.006923,0.017021,-0.009810,-0.040398,0.024194,0.070203,-0.084891,-0.071069,-0.091745,0.002136,0.077214,0.002191,-0.001618,-0.050575,0.027444,0.011051,0.005290,0.005641,0.020841,-0.017633,0.043727,0.039179,-0.063864,-0.009814,-0.058067
0.100142,1.000000,0.003644,0.007631,-0.028352,0.089330,-0.026316,-0.035630,0.000887,0.021027,-0.070396,-0.026194,0.026308,-0.027854,-0.008761,0.072206,0.069140,-0.079543,-0.059907,-0.024023,-0.004993,0.033957,0.095639,-0.030375,-0.040303,0.012188,0.041582,-0.002428,0.068312,-0.026422,0.006704,-0.037331,0.015096,0.106126,-0.033962,-0.090075,0.014375,0.006691,-0.045985,-0.047001,0.031535,-0.093841,-0.094774,-0.114754,-0.016938,-0.042594,-0.062880,0.033154,0.011968,0.018958,0.017251,-0.001820,0.105006,-0.025447,0.043430,0.036018,0.012753,0.087589,0.038520,-0.078375,0.029717,0.005821,-0.105240,-0.005713,-0.004616,-0.027936,0.119069,-0.077447
-0.026450,0.003644,1.000000,0.060998,-0.001247,0.079133,0.016974,-0.028200,-0.014637,-0.027190,0.034078,0.118968,-0.061643,-0.049482,0.010681,0.087403,-0.018469,0.131935,0.007086,0.021214,0.021080,-0.024544,-0.038446,-0.063859,-0.082039,0.003018,0.019336,0.044210,-0.019716,-0.017900,0.005171,-0.024963,0.038944,-0.061913,-0.032577,0.008729,-0.022675,0.068762,0.001335,-0.018156,0.041220,-0.005695,-0.014422,0.008155,-0.021989,0.097261,-0.010273,0.073735,-0.006787,0.004161,0.081503,0.023501,-0.010177,-0.042969,-0.016582,0.011900,0.002115,-0.059149,0.044330,0.003319,0.011028,0.032872,0.053333,-0.006256,0.015639,0.014151,0.089821,0.016909
0.022571,0.007631,0.060998,1.000000,-0.066622,-0.042003,-0.005235,-0.023911,-0.037601,0.050615,-0.129658,-0.016231,0.002050,-0.089963,-0.040513,-0.013243,0.017063,-0.010138,-0.026330,-0.011147,-0.004958,0.037197,0.024009,0.046848,-0.071249,0.055814,0.045661,0.044496,0.033118,-0.049146,0.020238,-0.043318,-0.002189,-0.005972,-0.001970,0.065707,-0.020995,0.212232,0.003375,-0.023102,0.000066,-0.022059,0.013626,0.031567,-0.020564,0.058242,0.043385,-0.024759,0.038942,0.008213,0.107865,0.069140,0.066371,0.012793,-0.009006,0.087994,0.000174,0.039371,0.015779,-0.050663,-0.076281,-0.058990,0.093861,0.036094,-0.026679,-0.037518,-0.061081,-0.015071
0.030351,-0.028352,-0.001247,-0.066622,1.000000,-0.054314,-0.036113,0.009504,-0.038660,-0.034463,0.065568,0.029895,-0.000800,0.039525,0.086001,0.023826,0.029325,0.006360,0.098444,0.047649,-0.014312,-0.005451,-0.005289,0.014845,-0.038992,-0.011859,-0.071249,-0.064300,0.008504,0.036825,-0.022267,0.080142,-0.051456,-0.071911,-0.045726,-0.039385,0.018377,-0.043243,0.017790,-0.023162,-0.061003,0.029873,-0.009330,0.032360,0.063796,-0.076567,-0.028737,0.051511,-0.005023,-0.019383,-0.006179,-0.118862,-0.027552,-0.043075,-0.019516,-0.033598,-0.023265,-0.000656,-0.023739,0.067747,0.093926,-0.003281,0.010155,0.065415,-0.090771,-0.009176,-0.038873,-0.054096
-0.018193,0.089330,0.079133,-0.042003,-0.054314,1.000000,0.012332,0.043695,0.029755,-0.059760,-0.043329,0.060638,0.065735,-0.045794,-0.001210,0.056760,-0.033655,-0.005472,0.047628,0.006790,0.026951,-0.005491,0.041233,-0.115432,0.093459,-0.011113,0.035392,-0.007609,-0.064978,0.064896,-0.028928,-0.086582,0.013478,-0.026393,-0.060662,-0.092854,-0.065846,-0.037696,-0.001111,-0.020497,0.010658,0.005874,0.023069,0.000083,-0.111079,0.119504,0.043560,-0.004937,0.055608,0.108172,-0.010817,0.009956,0.019310,-0.118418,0.027593,0.016108,-0.042866,-0.042493,-0.054411,0.089810,0.050879,0.024758,0.003335,-0.032516,0.149422,0.013237,-0.041792,-0.100179
-0.027591,-0.026316,0.016974,-0.005235,-0.036113,0.012332,1.000000,0.005497,0.015287,-0.010744,0.048095,-0.000798,0.069447,0.057060,-0.017251,0.060380,-0.007364,0.032225,0.021181,0.015408,0.068955,0.112685,-0.009911,0.074590,0.017429,0.026742,0.013094,0.058962,-0.008761,-0.023370,-0.029968,0.024161,0.032086,-0.005199,0.067728,0.081335,0.043434,-0.128152,0.006502,-0.037795,0.025504,0.030404,0.008639,-0.005844,-0.024872,0.046981,0.004778,0.068498,0.037735,-0.036903,-0.148252,0.053547,-0.027076,0.046038,0.014895,0.009839,-0.004200,-0.057717,-0.015700,0.063283,-0.030950,0.011675,0.020670,-0.045564,0.015412,0.004930,-0.004253,-0.083667
-0.000192,-0.035630,-0.028200,-0.023911,0.009504,0.043695,0.005497,1.000000,-0.049907,0.002815,0.013314,0.060321,0.199596,0.126179,0.006578,0.047387,-0.068222,-0.011532,0.014206,-0.023233,0.008929,0.069986,-0.035710,0.037342,-0.008878,-0.021540,0.011624,0.049193,-0.031705,0.015831,0.011390,0.095987,0.006672,0.028478,0.019265,-0.022160,-0.004201,-0.101346,-0.016050,0.131419,-0.008363,0.316418,0.034439,0.050849,0.051795,0.030187,0.068836,0.034042,-0.004362,-0.022091,0.007986,-0.019461,-0.037652,-0.048727,-0.047243,0.024039,0.002234,-0.054586,-0.019240,0.015894,0.041806,0.081377,0.028503,-0.027584,0.024240,0.072215,-0.040993,-0.022594
0.031402,0.000887,-0.014637,-0.037601,-0.038660,0.029755,0.015287,-0.049907,1.000000,-0.051378,-0.056604,-0.024857,0.054431,-0.014739,-0.020955,0.004358,0.023291,0.008574,-0.020816,0.034391,-0.043520,-0.039371,-0.023269,0.008576,-0.049537,0.037389,0.028221,-0.050593,-0.034709,0.081313,0.016395,-0.055462,-0.009543,0.024404,0.058148,-0.024370,0.014732,-0.024575,0.055555,-0.127335,0.117893,0.099310,0.101319,-0.024881,0.018048,-0.014319,-0.049422,0.024792,0.001562,0.022717,0.035717,0.064489,0.028683,0.031132,0.017625,0.053487,0.053240,0.042997,-0.023246,0.023436,0.061474,0.007563,-0.041511,0.070923,0.042572,-0.023610,0.012936,0.021323
-0.053788,0.021027,-0.027190,0.050615,-0.034463,-0.059760,-0.010744,0.002815,-0.051378,1.000000,0.109416,0.014074,-0.039386,0.025382,-0.025401,-0.032776,-0.027157,0.055617,-0.025407,-0.099095,0.015046,0.019104,-0.058885,-0.012680,0.002884,-0.052613,-0.002287,0.005068,0.030037,-0.074891,-0.017732,0.004656,-0.071259,0.030100,0.009366,-0.024732,-0.075595,0.025545,0.107478,0.056583,0.012783,0.049265,-0.029564,0.058327,0.022072,0.033642,-0.017597,0.064630,-0.054664,-0.051758,-0.031114,-0.103849,0.011784,0.036364,0.001039,0.021022,-0.037580,-0.052992,-0.015707,-0.027775,-0.021977,-0.044186,0.048206,0.082594,-0.008835,0.017911,0.024541,0.047273
0.000994,-0.070396,0.034078,-0.129658,0.065568,-0.043329,0.048095,0.013314,-0.056604,0.109416,1.000000,0.072996,-0.002786,0.637801,0.105486,0.009828,0.085592,0.039816,-0.061749,-0.017377,0.072724,0.078247,-0.016079,0.014578,0.027567,-0.028714,-0.023778,-0.019506,0.030151,-0.040763,-0.060476,0.108836,0.030751,-0.008024,0.024030,-0.058594,-0.062146,-0.042655,0.070583,0.007176,-0.017827,0.032132,0.055869,0.117596,0.041288,-0.035512,0.109305,0.051593,0.018069,0.038818,-0.008693,0.014399,-0.026797,-0.020373,-0.044744,0.008714,-0.101254,0.023373,-0.066730,0.016372,0.020203,-0.014235,-0.078456,-0.016402,0.053737,0.046715,-0.075982,-0.028683
-0.081523,-0.026194,0.118968,-0.016231,0.029895,0.060638,-0.000798,0.060321,-0.024857,0.014074,0.072996,1.000000,-0.046455,0.069577,0.000026,-0.034691,-0.028225,0.020849,-0.014896,-0.030062,0.019043,-0.022982,-0.056356,-0.083192,-0.024605,-0.004638,0.031689,0.081618,-0.041278,0.045744,-0.054811,0.068045,0.004395,-0.065346,-0.048709,-0.018835,0.022212,-0.021373,0.009605,0.039587,0.017775,-0.040171,0.031002,0.017343,0.036536,-0.035806,0.028903,-0.000415,0.006909,0.061879,-0.037394,0.033319,-0.006719,-0.003635,-0.050440,0.043949,-0.040109,-0.055293,-0.006767,-0.062675,-0.054099,-0.001773,0.039071,-0.064690,0.082569,0.067588,-0.017851,0.032488
0.038019,0.026308,-0.061643,0.002050,-0.000800,0.065735,0.069447,0.199596,0.054431,-0.039386,-0.002786,-0.046455,1.000000,0.072319,0.042698,-0.018516,0.010334,-0.083425,0.031942,-0.022566,0.073184,0.093148,0.038188,0.063904,0.046656,-0.013383,0.000811,-0.038810,-0.044654,-0.014585,0.032235,0.001536,0.038943,0.048079,-0.038928,-0.044779,-0.093570,-0.021050,-0.014201,-0.024404,0.032856,0.199606,0.097772,0.051711,0.020034,0.021142,0.069392,0.069305,0.040881,0.067293,0.020196,-0.031924,0.016097,-0.040905,-0.021397,0.004691,-0.071825,-0.022134,0.059172,0.047174,0.060274,-0.029784,-0.023936,-0.021405,0.152710,0.144994,0.013883,-0.015489
0.037521,-0.027854,-0.049482,-0.089963,0.039525,-0.045794,0.057060,0.126179,-0.014739,0.025382,0.637801,0.069577,0.072319,1.000000,0.151627,0.027255,0.106942,0.029147,-0.025502,0.048742,0.002561,0.043141,-0.053139,0.022291,0.076738,-0.064963,-0.009397,0.010660,-0.039072,-0.050954,-0.037028,0.185824,0.028151,0.019244,0.087819,0.026656,-0.052033,-0.056716,0.123623,0.072258,0.055160,0.116687,0.137604,0.082896,0.124734,-0.038731,0.094755,0.170382,0.042136,0.004791,-0.006751,0.036977,-0.038227,0.005050,-0.065656,0.003376,-0.119326,0.048226,-0.072458,0.004773,0.018826,0.019013,-0.037527,0.017098,0.028103,0.081385,-0.061621,-0.004489
0.035768,-0.008761,0.010681,-0.040513,0.086001,-0.001210,-0.017251,0.006578,-0.020955,-0.025401,0.105486,0.000026,0.042698,0.151627,1.000000,-0.057093,-0.060349,0.035598,-0.041224,0.167979,-0.059967,-0.054905,0.044444,0.001902,0.020238,0.036696,-0.040431,0.109031,-0.035015,-0.036869,-0.064249,0.002314,0.016514,-0.008500,0.063830,-0.001941,0.011443,-0.052609,0.003007,0.044583,-0.028688,-0.035113,0.009921,0.069054,0.079302,-0.027541,0.061919,0.025519,0.090666,0.006202,0.067274,-0.026215,-0.011138,0.035447,-0.069798,-0.047208,-0.056094,0.075726,0.056647,0.019293,0.000797,0.037271,-0.002450,-0.022143,-0.003214,0.024943,0.042778,-0.040780
-0.053027,0.072206,0.087403,-0.013243,0.023826,0.056760,0.060380,0.047387,0.004358,-0.032776,0.009828,-0.034691,-0.018516,0.027255,-0.057093,1.000000,0.065689,0.062364,0.009807,0.037865,0.082638,-0.008075,0.012048,-0.086307,0.071391,-0.030190,-0.015728,0.006967,-0.009339,0.002350,-0.011576,-0.109352,-0.060173,0.064036,-0.065294,-0.049853,-0.051303,-0.016153,-0.106197,-0.033141,-0.048710,-0.016343,-0.020863,-0.072039,-0.023728,0.057499,-0.016353,-0.003023,0.091129,-0.030122,0.033628,0.058130,0.039628,0.034106,-0.018848,-0.039511,0.001431,-0.021997,-0.052452,-0.005029,0.026912,-0.049372,0.061940,0.014669,0.085714,0.064168,-0.006472,0.020876
0.035548,0.069140,-0.018469,0.017063,0.029325,-0.033655,-0.007364,-0.068222,0.023291,-0.027157,0.085592,-0.028225,0.010334,0.106942,-0.060349,0.065689,1.000000,-0.054127,-0.011318,0.073013,0.054020,0.057196,0.066426,0.015542,-0.018929,-0.021547,-0.054578,-0.013788,-0.035061,-0.002061,0.083890,0.030000,0.066839,0.037050,0.040951,-0.022705,-0.037575,-0.078013,-0.098099,-0.095141,-0.060996,-0.005585,0.025830,-0.026158,-0.038719,0.041618,0.006979,-0.004682,0.006749,0.011755,0.032522,0.008602,-0.054480,0.011345,-0.069855,-0.041175,0.014638,0.060334,-0.056698,0.026365,-0.032720,-0.020237,-0.015627,-0.056805,-0.034420,0.068749,0.040366,0.054434
-0.103842,-0.079543,0.131935,-0.010138,0.006360,-0.005472,0.032225,-0.011532,0.008574,0.055617,0.039816,0.020849,-0.083425,0.029147,0.035598,0.062364,-0.054127,1.000000,-0.001764,0.042084,0.043159,-0.013291,-0.025401,0.013738,-0.013665,-0.004154,0.044081,0.006031,0.036387,0.035550,0.008262,-0.008947,0.035500,0.028568,-0.039404,0.086674,0.032359,-0.092336,0.023841,0.066995,0.050292,0.008472,-0.038334,-0.082746,0.010430,0.004661,-0.020820,0.023648,0.035628,0.032177,0.117074,0.012341,-0.063122,-0.008753,-0.012151,-0.061287,-0.024604,-0.013964,-0.024418,0.114752,-0.014754,0.064544,0.026613,0.020208,-0.070284,-0.026077,-0.001414,-0.001156
-0.025575,-0.059907,0.007086,-0.026330,0.098444,0.047628,0.021181,0.014206,-0.020816,-0.025407,-0.061749,-0.014896,0.031942,-0.025502,-0.041224,0.009807,-0.011318,-0.001764,1.000000,0.039902,-0.019454,0.044523,0.013225,0.028555,0.059525,0.040685,-0.026068,0.009279,0.001580,-0.027834,-0.003898,-0.018311,-0.040912,-0.024776,0.024477,0.038595,0.012522,-0.105923,0.046648,0.088347,-0.079745,-0.092413,0.023906,0.056684,-0.033449,0.041989,0.020368,-0.075436,-0.028540,-0.013359,0.081239,-0.169880,-0.020551,-0.073298,0.001894,-0.095972,0.031601,-0.007791,0.041366,0.058588,-0.041152,-0.035506,0.051039,0.021605,-0.040483,-0.014669,-0.052734,-0.058519
-0.056003,-0.024023,0.021214,-0.011147,0.047649,0.006790,0.015408,-0.023233,0.034391,-0.099095,-0.017377,-0.030062,-0.022566,0.048742,0.167979,0.037865,0.073013,0.042084,0.039902,1.000000,0.001837,-0.054544,-0.011492,0.018449,-0.010278,0.062776,-0.046528,-0.006201,-0.045099,-0.019940,-0.022012,-0.042828,0.091869,-0.008220,-0.023115,-0.032601,-0.027401,0.030961,-0.054663,-0.031388,0.028372,-0.019651,0.080377,0.028264,0.034522,0.003698,-0.071706,-0.022370,0.051074,-0.076226,0.107973,0.029991,-0.118941,0.012919,-0.013250,0.047616,-0.019178,0.036055,-0.085586,-0.021734,0.037295,-0.005974,0.012543,-0.053532,0.011322,-0.020777,0.021586,0.012817
-0.085131,-0.004993,0.021080,-0.004958,-0.014312,0.026951,0.068955,0.008929,-0.043520,0.015046,0.072724,0.019043,0.073184,0.002561,-0.059967,0.082638,0.054020,0.043159,-0.019454,0.001837,1.000000,0.401741,-0.077606,0.059362,-0.053709,0.005263,-0.005618,0.049138,0.028351,-0.013840,0.042123,-0.028471,0.012656,0.118330,-0.015736,-0.054123,-0.006554,-0.042030,-0.030907,-0.004865,-0.013347,0.014074,0.033096,-0.029815,-0.072889,0.059442,0.011216,-0.031614,0.019987,-0.039893,0.034200,0.086404,0.028202,-0.009529,0.007473,0.026630,0.007841,0.066486,0.051553,0.042052,0.038218,-0.068210,0.132346,-0.050336,-0.021453,-0.038710,0.099179,0.030638
0.026740,0.033957,-0.024544,0.037197,-0.005451,-0.005491,0.112685,0.069986,-0.039371,0.019104,0.078247,-0.022982,0.093148,0.043141,-0.054905,-0.008075,0.057196,-0.013291,0.044523,-0.054544,0.401741,1.000000,0.034027,0.204245,-0.064329,0.097817,-0.007036,0.074102,0.094216,0.026323,0.060299,0.034257,0.051733,0.120352,0.064784,-0.016862,-0.057279,-0.114364,-0.019873,-0.023539,-0.088191,0.017210,-0.038930,0.031486,0.019115,0.062448,0.037298,0.034032,0.010861,0.067991,-0.044220,0.033146,0.054627,0.035244,0.009943,0.025487,-0.059785,0.012975,0.075057,0.124332,0.031784,0.039391,0.102280,-0.025107,-0.044097,-0.023462,0.091380,-0.026808
0.074899,0.095639,-0.038446,0.024009,-0.005289,0.041233,-0.009911,-0.035710,-0.023269,-0.058885,-0.016079,-0.056356,0.038188,-0.053139,0.044444,0.012048,0.066426,-0.025401,0.013225,-0.011492,-0.077606,0.034027,1.000000,0.080780,0.031949,0.020791,0.035795,-0.018967,0.054743,0.017771,-0.021493,0.025789,-0.037824,-0.041774,-0.073769,-0.076822,-0.000522,0.012611,-0.014314,0.006089,-0.079097,-0.017184,-0.029672,-0.054405,-0.050081,-0.019758,-0.022765,0.007042,-0.028083,0.058550,-0.046479,0.008497,-0.012253,-0.038929,-0.005662,0.023493,-0.000379,0.045083,0.080281,-0.009937,-0.021004,0.070003,-0.041688,-0.029737,-0.030705,0.067949,0.004399,-0.097270
0.010162,-0.030375,-0.063859,0.046848,0.014845,-0.115432,0.074590,0.037342,0.008576,-0.012680,0.014578,-0.083192,0.063904,0.022291,0.001902,-0.086307,0.015542,0.013738,0.028555,0.018449,0.059362,0.204245,0.080780,1.000000,0.079323,0.050390,0.007190,-0.002558,0.091504,-0.014628,0.035770,0.062186,-0.008122,0.129497,0.001788,0.011717,0.030858,-0.096794,0.017792,-0.000291,-0.004741,0.097476,0.051399,-0.031841,-0.028851,-0.064981,-0.052018,0.017888,-0.023426,-0.024900,-0.002471,0.070622,-0.032824,0.098654,0.039159,-0.061291,-0.033236,-0.024092,0.068984,0.025900,0.027659,-0.052356,0.021353,-0.029499,-0.003872,-0.001503,0.090869,0.097528
0.017164,-0.040303,-0.082039,-0.071249,-0.038992,0.093459,0.017429,-0.008878,-0.049537,0.002884,0.027567,-0.024605,0.046656,0.076738,0.020238,0.071391,-0.018929,-0.013665,0.059525,-0.010278,-0.053709,-0.064329,0.031949,0.079323,1.000000,0.064718,-0.026979,-0.107553,0.051464,-0.041469,0.068398,-0.059194,-0.067362,0.047614,0.000698,-0.058985,0.009851,-0.082522,-0.010939,0.055296,0.021987,0.017214,0.031093,0.043545,0.011918,-0.008954,0.031473,0.013379,0.124966,0.030225,-0.125209,0.011387,-0.007427,-0.048999,-0.026959,-0.047033,-0.014341,-0.152796,-0.027496,0.049282,0.055431,0.035281,-0.063376,-0.038283,-0.003944,0.035241,-0.076714,0.036311
-0.011393,0.012188,0.003018,0.055814,-0.011859,-0.011113,0.026742,-0.021540,0.037389,-0.052613,-0.028714,-0.004638,-0.013383,-0.064963,0.036696,-0.030190,-0.021547,-0.004154,0.040685,0.062776,0.005263,0.097817,0.020791,0.050390,0.064718,1.000000,0.044473,0.004750,-0.042099,0.048282,0.023357,-0.029825,0.013649,0.007569,0.087078,-0.026060,0.001189,-0.034504,-0.038498,0.075987,0.029349,-0.111905,-0.059043,0.060800,-0.051921,-0.112605,0.001566,0.003834,0.003627,0.035194,0.029753,0.036119,0.011623,0.030376,0.008802,0.112989,0.006963,0.001643,-0.024303,-0.051384,-0.011469,-0.005336,0.015434,0.069312,0.034022,-0.018115,-0.040253,0.031796
-0.018728,0.041582,0.019336,0.045661,-0.071249,0.035392,0.013094,0.011624,0.028221,-0.002287,-0.023778,0.031689,0.000811,-0.009397,-0.040431,-0.015728,-0.054578,0.044081,-0.026068,-0.046528,-0.005618,-0.007036,0.035795,0.007190,-0.026979,0.044473,1.000000,0.076501,0.056354,0.068685,0.028751,0.042623,-0.068274,-0.073339,0.007009,0.046945,0.002320,0.075323,0.079724,0.013474,0.005009,-0.030234,-0.033236,-0.016544,0.048874,-0.010952,-0.038552,0.089203,-0.035613,0.013651,-0.000442,0.048660,0.041718,0.036032,0.050553,0.031048,0.019586,0.013698,-0.014320,0.078541,-0.030581,0.046779,0.003737,-0.046765,0.024747,0.037963,-0.057264,-0.028697
0.007609,-0.002428,0.044210,0.044496,-0.064300,-0.007609,0.058962,0.049193,-0.050593,0.005068,-0.019506,0.081618,-0.038810,0.010660,0.109031,0.006967,-0.013788,0.006031,0.009279,-0.006201,0.049138,0.074102,-0.018967,-0.002558,-0.107553,0.004750,0.076501,1.000000,-0.017982,-0.126042,0.014266,0.007928,0.034261,0.096398,-0.018957,0.040714,0.056576,0.034519,0.067178,0.165329,-0.013124,-0.017985,-0.002898,0.008043,0.016164,0.021455,-0.022303,-0.009001,0.106066,0.014451,-0.017284,0.011940,0.059918,0.052987,-0.076401,-0.011305,-0.138266,0.029680,-0.046329,0.044232,0.030292,0.007314,0.033878,-0.004750,-0.014808,-0.034753,0.074172,0.033419
0.050082,0.068312,-0.019716,0.033118,0.008504,-0.064978,-0.008761,-0.031705,-0.034709,0.030037,0.030151,-0.041278,-0.044654,-0.039072,-0.035015,-0.009339,-0.035061,0.036387,0.001580,-0.045099,0.028351,0.094216,0.054743,0.091504,0.051464,-0.042099,0.056354,-0.017982,1.000000,-0.009717,0.025152,-0.082905,-0.033787,0.021910,-0.068076,-0.040208,0.113873,0.100911,-0.010311,-0.003566,-0.035568,-0.089728,0.020603,-0.036233,-0.178886,-0.104720,-0.000231,-0.090391,-0.021183,0.067932,0.013255,0.026111,-0.050158,0.020049,0.033039,-0.020391,0.015835,-0.044875,-0.019284,0.012305,0.002802,-0.003949,-0.077370,0.029837,-0.096945,-0.072992,-0.033115,0.024578
-0.002464,-0.026422,-0.017900,-0.049146,0.036825,0.064896,-0.023370,0.015831,0.081313,-0.074891,-0.040763,0.045744,-0.014585,-0.050954,-0.036869,0.002350,-0.002061,0.035550,-0.027834,-0.019940,-0.013840,0.026323,0.017771,-0.014628,-0.041469,0.048282,0.068685,-0.126042,-0.009717,1.000000,0.020881,0.053685,0.020097,-0.119282,0.093890,-0.043415,0.076295,0.032848,-0.044596,-0.118362,-0.029099,-0.033403,-0.045731,-0.022440,0.022782,-0.063028,-0.054077,0.023472,0.039936,0.124043,-0.072948,0.020627,-0.047749,-0.026754,0.037994,-0.049006,0.037547,0.037465,0.128055,0.003206,0.019411,-0.013346,0.063468,-0.001079,-0.004094,-0.006080,0.058668,-0.055392
-0.030613,0.006704,0.005171,0.020238,-0.022267,-0.028928,-0.029968,0.011390,0.016395,-0.017732,-0.060476,-0.054811,0.032235,-0.037028,-0.064249,-0.011576,0.083890,0.008262,-0.003898,-0.022012,0.042123,0.060299,-0.021493,0.035770,0.068398,0.023357,0.028751,0.014266,0.025152,0.020881,1.000000,0.022534,-0.044244,0.078379,0.028709,0.073412,0.019908,0.010487,-0.011443,-0.008791,-0.114089,-0.057332,-0.032916,-0.087155,-0.032912,0.041030,-0.016164,-0.011061,0.058932,0.009045,-0.043566,-0.031190,0.002369,-0.043502,0.039775,0.005516,0.035987,0.028472,0.030530,0.006450,0.032408,-0.065687,0.034903,-0.004683,0.047892,-0.045091,-0.062171,0.000046
0.093193,-0.037331,-0.024963,-0.043318,0.080142,-0.086582,0.024161,0.095987,-0.055462,0.004656,0.108836,0.068045,0.001536,0.185824,0.002314,-0.109352,0.030000,-0.008947,-0.018311,-0.042828,-0.028471,0.034257,0.025789,0.062186,-0.059194,-0.029825,0.042623,0.007928,-0.082905,0.053685,0.022534,1.000000,0.025211,-0.042300,0.065348,0.013213,0.053634,-0.035334,0.036719,-0.025834,-0.055015,0.071752,-0.040073,0.012927,0.079894,-0.075024,-0.012514,0.038832,-0.000946,-0.065104,-0.046319,-0.055704,0.010365,0.052668,-0.080554,0.008573,-0.036935,0.067916,-0.056590,-0.024217,-0.010309,-0.018802,-0.010027,-0.048094,-0.068146,0.027525,0.074285,-0.086987
0.063489,0.015096,0.038944,-0.002189,-0.051456,0.013478,0.032086,0.006672,-0.009543,-0.071259,0.030751,0.004395,0.038943,0.028151,0.016514,-0.060173,0.066839,0.035500,-0.040912,0.091869,0.012656,0.051733,-0.037824,-0.008122,-0.067362,0.013649,-0.068274,0.034261,-0.033787,0.020097,-0.044244,0.025211,1.000000,0.067156,-0.023917,-0.025233,-0.041089,-0.000130,-0.007838,-0.042286,-0.012516,-0.113341,0.042388,-0.061137,0.090325,0.066904,-0.011712,0.040740,-0.007813,0.007692,-0.011568,0.037930,-0.046370,0.035404,-0.003121,0.001240,0.048871,0.062691,0.014172,-0.013347,0.009578,-0.000841,-0.019519,-0.031081,-0.001875,0.026051,-0.061776,-0.016473
-0.004178,0.106126,-0.061913,-0.005972,-0.071911,-0.026393,-0.005199,0.028478,0.024404,0.030100,-0.008024,-0.065346,0.048079,0.019244,-0.008500,0.064036,0.037050,0.028568,-0.024776,-0.008220,0.118330,0.120352,-0.041774,0.129497,0.047614,0.007569,-0.073339,0.096398,0.021910,-0.119282,0.078379,-0.042300,0.067156,1.000000,-0.016845,0.072770,0.004414,-0.036406,0.005515,-0.045656,-0.013002,0.008691,-0.015548,-0.060226,0.007394,-0.070447,-0.042056,0.025111,0.091165,0.042446,0.002295,0.169377,0.160692,0.021001,-0.006483,-0.030108,-0.022316,-0.023118,0.006125,0.027158,0.038567,-0.042811,-0.050231,-0.074955,-0.066448,-0.004528,0.101808,0.098720
-0.041983,-0.033962,-0.032577,-0.001970,-0.045726,-0.060662,0.067728,0.019265,0.058148,0.009366,0.024030,-0.048709,-0.038928,0.087819,0.063830,-0.065294,0.040951,-0.039404,0.024477,-0.023115,-0.015736,0.064784,-0.073769,0.001788,0.000698,0.087078,0.007009,-0.018957,-0.068076,0.093890,0.028709,0.065348,-0.023917,-0.016845,1.000000,0.029647,-0.037007,0.016210,0.065582,0.004153,-0.069287,-0.013148,0.012382,0.084470,0.033366,-0.007225,-0.020574,0.005880,-0.026709,0.027802,-0.009642,-0.003856,-0.019385,0.009637,0.013598,0.031285,0.030493,0.051656,-0.023146,0.041827,-0.052870,0.054485,0.005705,-0.054930,0.004274,0.009021,0.018377,-0.017585
-0.071783,-0.090075,0.008729,0.065707,-0.039385,-0.092854,0.081335,-0.022160,-0.024370,-0.024732,-0.058594,-0.018835,-0.044779,0.026656,-0.001941,-0.049853,-0.022705,0.086674,0.038595,-0.032601,-0.054123,-0.016862,-0.076822,0.011717,-0.058985,-0.026060,0.046945,0.040714,-0.040208,-0.043415,0.073412,0.013213,-0.025233,0.072770,0.029647,1.000000,0.028161,0.022682,0.018624,0.070301,0.022539,-0.053235,0.059359,0.016272,0.082866,-0.004343,-0.002014,-0.010803,-0.047704,0.055145,0.021967,0.023518,0.017608,-0.033474,-0.020472,-0.014944,0.064935,-0.003416,0.044840,0.013883,-0.016859,0.035852,-0.009833,0.007632,-0.002867,-0.050432,-0.012977,0.025502
0.016730,0.014375,-0.022675,-0.020995,0.018377,-0.065846,0.043434,-0.004201,0.014732,-0.075595,-0.062146,0.022212,-0.093570,-0.052033,0.011443,-0.051303,-0.037575,0.032359,0.012522,-0.027401,-0.006554,-0.057279,-0.000522,0.030858,0.009851,0.001189,0.002320,0.056576,0.113873,0.076295,0.019908,0.053634,-0.041089,0.004414,-0.037007,0.028161,1.000000,-0.024896,-0.037652,0.022013,0.116547,0.008539,-0.025200,-0.066542,-0.018425,-0.040580,-0.014743,-0.098715,-0.042063,-0.001017,0.025310,0.007838,-0.000403,0.024362,-0.059391,-0.072582,-0.051034,-0.031036,0.039326,0.005085,-0.017945,0.059335,-0.027750,-0.025397,-0.027586,-0.047661,-0.092544,-0.010056
-0.031327,0.006691,0.068762,0.212232,-0.043243,-0.037696,-0.128152,-0.101346,-0.024575,0.025545,-0.042655,-0.021373,-0.021050,-0.056716,-0.052609,-0.016153,-0.078013,-0.092336,-0.105923,0.030961,-0.042030,-0.114364,0.012611,-0.096794,-0.082522,-0.034504,0.075323,0.034519,0.100911,0.032848,0.010487,-0.035334,-0.000130,-0.036406,0.016210,0.022682,-0.024896,1.000000,-0.039080,-0.092883,0.008425,-0.033815,-0.024093,-0.085540,-0.048788,0.047675,-0.069818,-0.006667,0.040705,0.011865,-0.056188,0.006079,0.020956,0.027378,0.033250,0.045849,0.052948,0.053992,0.012383,-0.063488,-0.034130,0.012411,0.014531,0.058130,-0.029908,-0.005757,-0.001223,-0.018271
-0.068361,-0.045985,0.001335,0.003375,0.017790,-0.001111,0.006502,-0.016050,0.055555,0.107478,0.070583,0.009605,-0.014201,0.123623,0.003007,-0.106197,-0.098099,0.023841,0.046648,-0.054663,-0.030907,-0.019873,-0.014314,0.017792,-0.010939,-0.038498,0.079724,0.067178,-0.010311,-0.044596,-0.011443,0.036719,-0.007838,0.005515,0.065582,0.018624,-0.037652,-0.039080,1.000000,0.005966,0.000793,0.049959,-0.052327,0.030668,0.041772,-0.008730,0.049263,0.067179,-0.045863,-0.054358,-0.001076,-0.067813,0.060817,-0.049799,0.086351,0.061262,-0.039452,0.025028,0.022231,0.047329,0.006656,-0.006359,0.058166,0.015202,-0.069796,0.037985,0.056853,0.023941
0.031204,-0.047001,-0.018156,-0.023102,-0.023162,-0.020497,-0.037795,0.131419,-0.127335,0.056583,0.007176,0.039587,-0.024404,0.072258,0.044583,-0.033141,-0.095141,0.066995,0.088347,-0.031388,-0.004865,-0.023539,0.006089,-0.000291,0.055296,0.075987,0.013474,0.165329,-0.003566,-0.118362,-0.008791,-0.025834,-0.042286,-0.045656,0.004153,0.070301,0.022013,-0.092883,0.005966,1.000000,-0.031870,0.016896,-0.019840,0.026899,0.055565,0.041707,0.033586,0.003783,0.034342,-0.059223,0.027295,-0.103305,-0.062658,0.033006,-0.011352,-0.014562,-0.013883,-0.032060,-0.005473,-0.007414,0.039855,0.040568,0.001674,0.031578,-0.023902,-0.082032,-0.030624,-0.027472
0.091816,0.031535,0.041220,0.000066,-0.061003,0.010658,0.025504,-0.008363,0.117893,0.012783,-0.017827,0.017775,0.032856,0.055160,-0.028688,-0.048710,-0.060996,0.050292,-0.079745,0.028372,-0.013347,-0.088191,-0.079097,-0.004741,0.021987,0.029349,0.005009,-0.013124,-0.035568,-0.029099,-0.114089,-0.055015,-0.012516,-0.013002,-0.069287,0.022539,0.116547,0.008425,0.000793,-0.031870,1.000000,0.118204,0.036731,0.036763,0.012286,-0.034439,-0.140225,0.018794,-0.038041,0.023863,0.021028,-0.016457,-0.002392,0.073023,-0.020401,0.041653,0.049202,-0.027052,0.046421,-0.030982,-0.078531,0.039520,-0.036020,0.083177,0.002992,0.011950,0.006441,0.071845
-0.102428,-0.093841,-0.005695,-0.022059,0.029873,0.005874,0.030404,0.316418,0.099310,0.049265,0.032132,-0.040171,0.199606,0.116687,-0.035113,-0.016343,-0.005585,0.008472,-0.092413,-0.019651,0.014074,0.017210,-0.017184,0.097476,0.017214,-0.111905,-0.030234,-0.017985,-0.089728,-0.033403,-0.057332,0.071752,-0.113341,0.008691,-0.013148,-0.053235,0.008539,-0.033815,0.049959,0.016896,0.118204,1.000000,-0.002139,0.145178,0.024740,0.008068,0.068639,0.070665,0.000959,-0.092175,-0.035499,0.022516,0.020995,-0.076040,-0.019024,0.035834,0.000110,-0.062786,0.010934,0.073269,-0.001733,0.056419,0.024435,0.018872,0.011796,-0.015096,0.008712,0.059788
-0.034156,-0.094774,-0.014422,0.013626,-0.009330,0.023069,0.008639,0.034439,0.101319,-0.029564,0.055869,0.031002,0.097772,0.137604,0.009921,-0.020863,0.025830,-0.038334,0.023906,0.080377,0.033096,-0.038930,-0.029672,0.051399,0.031093,-0.059043,-0.033236,-0.002898,0.020603,-0.045731,-0.032916,-0.040073,0.042388,-0.015548,0.012382,0.059359,-0.025200,-0.024093,-0.052327,-0.019840,0.036731,-0.002139,1.000000,0.008400,0.014031,0.062426,0.024976,-0.009831,-0.044890,0.054254,0.049987,0.029377,-0.000516,0.042421,0.049644,0.039165,-0.045675,-0.086651,-0.030118,0.043638,0.040163,-0.019572,-0.024753,0.043277,0.018653,-0.023812,-0.049615,-0.009920
0.006923,-0.114754,0.008155,0.031567,0.032360,0.000083,-0.005844,0.050849,-0.024881,0.058327,0.117596,0.017343,0.051711,0.082896,0.069054,-0.072039,-0.026158,-0.082746,0.056684,0.028264,-0.029815,0.031486,-0.054405,-0.031841,0.043545,0.060800,-0.016544,0.008043,-0.036233,-0.022440,-0.087155,0.012927,-0.061137,-0.060226,0.084470,0.016272,-0.066542,-0.085540,0.030668,0.026899,0.036763,0.145178,0.008400,1.000000,0.071650,-0.013722,0.060178,0.060466,-0.068281,0.000595,0.027539,-0.003514,0.035631,-0.000392,-0.014397,0.034889,-0.054657,0.013274,0.038779,0.052474,0.017048,-0.021307,-0.041848,-0.025806,-0.023157,-0.019168,-0.091255,-0.055560
0.017021,-0.016938,-0.021989,-0.020564,0.063796,-0.111079,-0.024872,0.051795,0.018048,0.022072,0.041288,0.036536,0.020034,0.124734,0.079302,-0.023728,-0.038719,0.010430,-0.033449,0.034522,-0.072889,0.019115,-0.050081,-0.028851,0.011918,-0.051921,0.048874,0.016164,-0.178886,0.022782,-0.032912,0.079894,0.090325,0.007394,0.033366,0.082866,-0.018425,-0.048788,0.041772,0.055565,0.012286,0.024740,0.014031,0.071650,1.000000,-0.007521,-0.037810,0.403974,0.097488,-0.010960,0.023835,-0.032512,0.028648,0.057285,-0.046489,0.016874,0.000047,0.031390,0.005965,0.046722,-0.003567,0.037368,0.037530,0.003496,-0.154528,-0.044134,-0.039567,0.041517
-0.009810,-0.042594,0.097261,0.058242,-0.076567,0.119504,0.046981,0.030187,-0.014319,0.033642,-0.035512,-0.035806,0.021142,-0.038731,-0.027541,0.057499,0.041618,0.004661,0.041989,0.003698,0.059442,0.062448,-0.019758,-0.064981,-0.008954,-0.112605,-0.010952,0.021455,-0.104720,-0.063028,0.041030,-0.075024,0.066904,-0.070447,-0.007225,-0.004343,-0.040580,0.047675,-0.008730,0.041707,-0.034439,0.008068,0.062426,-0.013722,-0.007521,1.000000,0.092741,-0.013245,0.009752,0.097290,-0.059206,-0.014332,0.048624,0.041529,0.044714,-0.026914,-0.096498,0.041639,-0.025303,0.062704,0.028901,0.028616,0.075157,0.016477,0.018355,-0.081127,-0.053231,-0.042393
-0.040398,-0.062880,-0.010273,0.043385,-0.028737,0.043560,0.004778,0.068836,-0.049422,-0.017597,0.109305,0.028903,0.069392,0.094755,0.061919,-0.016353,0.006979,-0.020820,0.020368,-0.071706,0.011216,0.037298,-0.022765,-0.052018,0.031473,0.001566,-0.038552,-0.022303,-0.000231,-0.054077,-0.016164,-0.012514,-0.011712,-0.042056,-0.020574,-0.002014,-0.014743,-0.069818,0.049263,0.033586,-0.140225,0.068639,0.024976,0.060178,-0.037810,0.092741,1.000000,0.055797,-0.019065,0.048555,-0.017765,0.059134,0.064403,-0.064813,-0.042797,-0.016709,-0.011752,-0.015577,-0.030314,0.077386,0.031927,-0.089348,-0.012147,0.051287,0.016856,0.011293,0.033970,0.053102
0.024194,0.033154,0.073735,-0.024759,0.051511,-0.004937,0.068498,0.034042,0.024792,0.064630,0.051593,-0.000415,0.069305,0.170382,0.025519,-0.003023,-0.004682,0.023648,-0.075436,-0.022370,-0.031614,0.034032,0.007042,0.017888,0.013379,0.003834,0.089203,-0.009001,-0.090391,0.023472,-0.011061,0.038832,0.040740,0.025111,0.005880,-0.010803,-0.098715,-0.006667,0.067179,0.003783,0.018794,0.070665,-0.009831,0.060466,0.403974,-0.013245,0.055797,1.000000,0.105217,0.036770,-0.000470,-0.001486,0.029041,0.095768,-0.008029,0.025411,0.008126,0.047031,-0.042471,0.110938,0.033795,-0.009827,-0.032102,0.046170,-0.041986,-0.043274,-0.110919,-0.036062
0.070203,0.011968,-0.006787,0.038942,-0.005023,0.055608,0.037735,-0.004362,0.001562,-0.054664,0.018069,0.006909,0.040881,0.042136,0.090666,0.091129,0.006749,0.035628,-0.028540,0.051074,0.019987,0.010861,-0.028083,-0.023426,0.124966,0.003627,-0.035613,0.106066,-0.021183,0.039936,0.058932,-0.000946,-0.007813,0.091165,-0.026709,-0.047704,-0.042063,0.040705,-0.045863,0.034342,-0.038041,0.000959,-0.044890,-0.068281,0.097488,0.009752,-0.019065,0.105217,1.000000,0.126468,-0.072007,-0.042834,0.012321,0.150376,-0.060703,-0.031532,-0.017048,-0.052409,-0.086549,0.054942,0.057464,0.070507,-0.047482,-0.049509,0.017845,0.011414,-0.021656,-0.045278
-0.084891,0.018958,0.004161,0.008213,-0.019383,0.108172,-0.036903,-0.022091,0.022717,-0.051758,0.038818,0.061879,0.067293,0.004791,0.006202,-0.030122,0.011755,0.032177,-0.013359,-0.076226,-0.039893,0.067991,0.058550,-0.024900,0.030225,0.035194,0.013651,0.014451,0.067932,0.124043,0.009045,-0.065104,0.007692,0.042446,0.027802,0.055145,-0.001017,0.011865,-0.054358,-0.059223,0.023863,-0.092175,0.054254,0.000595,-0.010960,0.097290,0.048555,0.036770,0.126468,1.000000,-0.021077,-0.007371,0.125056,-0.012056,-0.045672,-0.077767,-0.047842,-0.030215,0.014312,0.081971,0.100188,0.033427,0.021761,-0.021536,0.024611,-0.013335,-0.026327,0.036645
-0.071069,0.017251,0.081503,0.107865,-0.006179,-0.010817,-0.148252,0.007986,0.035717,-0.031114,-0.008693,-0.037394,0.020196,-0.006751,0.067274,0.033628,0.032522,0.117074,0.081239,0.107973,0.034200,-0.044220,-0.046479,-0.002471,-0.125209,0.029753,-0.000442,-0.017284,0.013255,-0.072948,-0.043566,-0.046319,-0.011568,0.002295,-0.009642,0.021967,0.025310,-0.056188,-0.001076,0.027295,0.021028,-0.035499,0.049987,0.027539,0.023835,-0.059206,-0.017765,-0.000470,-0.072007,-0.021077,1.000000,-0.017127,-0.077962,-0.031035,-0.058960,0.088139,0.045712,-0.060240,0.025358,-0.030972,0.048207,-0.039189,-0.027919,0.036232,-0.060019,-0.038607,0.032597,-0.017495
-0.091745,-0.001820,0.023501,0.069140,-0.118862,0.009956,0.053547,-0.019461,0.064489,-0.103849,0.014399,0.033319,-0.031924,0.036977,-0.026215,0.058130,0.008602,0.012341,-0.169880,0.029991,0.086404,0.033146,0.008497,0.070622,0.011387,0.036119,0.048660,0.011940,0.026111,0.020627,-0.031190,-0.055704,0.037930,0.169377,-0.003856,0.023518,0.007838,0.006079,-0.067813,-0.103305,-0.016457,0.022516,0.029377,-0.003514,-0.032512,-0.014332,0.059134,-0.001486,-0.042834,-0.007371,-0.017127,1.000000,0.149535,0.057334,0.030027,0.023876,-0.008898,-0.070020,-0.007778,0.029042,-0.042818,0.033288,-0.041615,-0.015378,0.020070,0.008508,-0.023741,0.087235
0.002136,0.105006,-0.010177,0.066371,-0.027552,0.019310,-0.027076,-0.037652,0.028683,0.011784,-0.026797,-0.006719,0.016097,-0.038227,-0.011138,0.039628,-0.054480,-0.063122,-0.020551,-0.118941,0.028202,0.054627,-0.012253,-0.032824,-0.007427,0.011623,0.041718,0.059918,-0.050158,-0.047749,0.002369,0.010365,-0.046370,0.160692,-0.019385,0.017608,-0.000403,0.020956,0.060817,-0.062658,-0.002392,0.020995,-0.000516,0.035631,0.028648,0.048624,0.064403,0.029041,0.012321,0.125056,-0.077962,0.149535,1.000000,0.030527,0.008394,0.027613,-0.090187,0.013790,-0.018486,0.053186,-0.024139,0.004443,-0.026085,-0.032231,-0.052469,-0.070068,-0.057059,0.089188
0.077214,-0.025447,-0.042969,0.012793,-0.043075,-0.118418,0.046038,-0.048727,0.031132,0.036364,-0.020373,-0.003635,-0.040905,0.005050,0.035447,0.034106,0.011345,-0.008753,-0.073298,0.012919,-0.009529,0.035244,-0.038929,0.098654,-0.048999,0.030376,0.036032,0.052987,0.020049,-0.026754,-0.043502,0.052668,0.035404,0.021001,0.009637,-0.033474,0.024362,0.027378,-0.049799,0.033006,0.073023,-0.076040,0.042421,-0.000392,0.057285,0.041529,-0.064813,0.095768,0.150376,-0.012056,-0.031035,0.057334,0.030527,1.000000,-0.038843,-0.026622,0.030395,-0.099983,-0.040578,-0.038467,-0.036658,0.010945,-0.034503,0.022423,-0.057597,-0.005111,0.001889,-0.072457
0.002191,0.043430,-0.016582,-0.009006,-0.019516,0.027593,0.014895,-0.047243,0.017625,0.001039,-0.044744,-0.050440,-0.021397,-0.065656,-0.069798,-0.018848,-0.069855,-0.012151,0.001894,-0.013250,0.007473,0.009943,-0.005662,0.039159,-0.026959,0.008802,0.050553,-0.076401,0.033039,0.037994,0.039775,-0.080554,-0.003121,-0.006483,0.013598,-0.020472,-0.059391,0.033250,0.086351,-0.011352,-0.020401,-0.019024,0.049644,-0.014397,-0.046489,0.044714,-0.042797,-0.008029,-0.060703,-0.045672,-0.058960,0.030027,0.008394,-0.038843,1.000000,0.172091,0.041019,0.035684,0.011011,-0.008512,0.038697,-0.009186,0.002324,0.027095,-0.003985,-0.025361,-0.024600,-0.021758
-0.001618,0.036018,0.011900,0.087994,-0.033598,0.016108,0.009839,0.024039,0.053487,0.021022,0.008714,0.043949,0.004691,0.003376,-0.047208,-0.039511,-0.041175,-0.061287,-0.095972,0.047616,0.026630,0.025487,0.023493,-0.061291,-0.047033,0.112989,0.031048,-0.011305,-0.020391,-0.049006,0.005516,0.008573,0.001240,-0.030108,0.031285,-0.014944,-0.072582,0.045849,0.061262,-0.014562,0.041653,0.035834,0.039165,0.034889,0.016874,-0.026914,-0.016709,0.025411,-0.031532,-0.077767,0.088139,0.023876,0.027613,-0.026622,0.172091,1.000000,0.039264,0.118875,0.030593,0.006028,0.033984,-0.034254,-0.006365,0.036452,-0.004490,-0.046902,0.043121,-0.004941
-0.050575,0.012753,0.002115,0.000174,-0.023265,-0.042866,-0.004200,0.002234,0.053240,-0.037580,-0.101254,-0.040109,-0.071825,-0.119326,-0.056094,0.001431,0.014638,-0.024604,0.031601,-0.019178,0.007841,-0.059785,-0.000379,-0.033236,-0.014341,0.006963,0.019586,-0.138266,0.015835,0.037547,0.035987,-0.036935,0.048871,-0.022316,0.030493,0.064935,-0.051034,0.052948,-0.039452,-0.013883,0.049202,0.000110,-0.045675,-0.054657,0.000047,-0.096498,-0.011752,0.008126,-0.017048,-0.047842,0.045712,-0.008898,-0.090187,0.030395,0.041019,0.039264,1.000000,0.031367,0.068800,-0.018183,-0.012388,-0.045222,-0.083470,0.036090,-0.065193,-0.008103,-0.012518,0.033608
0.027444,0.087589,-0.059149,0.039371,-0.000656,-0.042493,-0.057717,-0.054586,0.042997,-0.052992,0.023373,-0.055293,-0.022134,0.048226,0.075726,-0.021997,0.060334,-0.013964,-0.007791,0.036055,0.066486,0.012975,0.045083,-0.024092,-0.152796,0.001643,0.013698,0.029680,-0.044875,0.037465,0.028472,0.067916,0.062691,-0.023118,0.051656,-0.003416,-0.031036,0.053992,0.025028,-0.032060,-0.027052,-0.062786,-0.086651,0.013274,0.031390,0.041639,-0.015577,0.047031,-0.052409,-0.030215,-0.060240,-0.070020,0.013790,-0.099983,0.035684,0.118875,0.031367,1.000000,0.036694,0.042118,0.012772,-0.014056,-0.009497,0.019254,-0.040125,-0.032138,0.031475,-0.020292
0.011051,0.038520,0.044330,0.015779,-0.023739,-0.054411,-0.015700,-0.019240,-0.023246,-0.015707,-0.066730,-0.006767,0.059172,-0.072458,0.056647,-0.052452,-0.056698,-0.024418,0.041366,-0.085586,0.051553,0.075057,0.080281,0.068984,-0.027496,-0.024303,-0.014320,-0.046329,-0.019284,0.128055,0.030530,-0.056590,0.014172,0.006125,-0.023146,0.044840,0.039326,0.012383,0.022231,-0.005473,0.046421,0.010934,-0.030118,0.038779,0.005965,-0.025303,-0.030314,-0.042471,-0.086549,0.014312,0.025358,-0.007778,-0.018486,-0.040578,0.011011,0.030593,0.068800,0.036694,1.000000,-0.095211,-0.032794,-0.016882,0.106042,0.028393,-0.017277,-0.021713,0.060691,-0.064511
0.005290,-0.078375,0.003319,-0.050663,0.067747,0.089810,0.063283,0.015894,0.023436,-0.027775,0.016372,-0.062675,0.047174,0.004773,0.019293,-0.005029,0.026365,0.114752,0.058588,-0.021734,0.042052,0.124332,-0.009937,0.025900,0.049282,-0.051384,0.078541,0.044232,0.012305,0.003206,0.006450,-0.024217,-0.013347,0.027158,0.041827,0.013883,0.005085,-0.063488,0.047329,-0.007414,-0.030982,0.073269,0.043638,0.052474,0.046722,0.062704,0.077386,0.110938,0.054942,0.081971,-0.030972,0.029042,0.053186,-0.038467,-0.008512,0.006028,-0.018183,0.042118,-0.095211,1.000000,0.059102,0.048176,0.072305,-0.061697,-0.001964,0.009917,0.023210,-0.061064
0.005641,0.029717,0.011028,-0.076281,0.093926,0.050879,-0.030950,0.041806,0.061474,-0.021977,0.020203,-0.054099,0.060274,0.018826,0.000797,0.026912,-0.032720,-0.014754,-0.041152,0.037295,0.038218,0.031784,-0.021004,0.027659,0.055431,-0.011469,-0.030581,0.030292,0.002802,0.019411,0.032408,-0.010309,0.009578,0.038567,-0.052870,-0.016859,-0.017945,-0.034130,0.006656,0.039855,-0.078531,-0.001733,0.040163,0.017048,-0.003567,0.028901,0.031927,0.033795,0.057464,0.100188,0.048207,-0.042818,-0.024139,-0.036658,0.038697,0.033984,-0.012388,0.012772,-0.032794,0.059102,1.000000,0.130331,-0.014261,-0.003961,0.007434,-0.005904,0.081909,0.039293
0.020841,0.005821,0.032872,-0.058990,-0.003281,0.024758,0.011675,0.081377,0.007563,-0.044186,-0.014235,-0.001773,-0.029784,0.019013,0.037271,-0.049372,-0.020237,0.064544,-0.035506,-0.005974,-0.068210,0.039391,0.070003,-0.052356,0.035281,-0.005336,0.046779,0.007314,-0.003949,-0.013346,-0.065687,-0.018802,-0.000841,-0.042811,0.054485,0.035852,0.059335,0.012411,-0.006359,0.040568,0.039520,0.056419,-0.019572,-0.021307,0.037368,0.028616,-0.089348,-0.009827,0.070507,0.033427,-0.039189,0.033288,0.004443,0.010945,-0.009186,-0.034254,-0.045222,-0.014056,-0.016882,0.048176,0.130331,1.000000,-0.017595,0.003811,0.028666,0.005267,-0.055803,0.065706
