1.000000,0.998827,0.998395,0.999204,0.998928,0.997720,0.998098,0.997632,0.997222,0.995377,0.998849,0.998673,0.998018,0.999052,0.999325,0.997252,0.998793,0.998767,0.998919,0.999195,0.999036,0.999042,0.999124,0.998953,0.999108,0.998854,0.998716,0.998919,0.999334,0.999308,0.998976,0.999320,0.995526,0.999598,0.997246,0.997110,0.998095,0.998959,0.995586,0.991949,0.996334,0.996272,0.991931,0.991548,0.998078,0.999003,0.998347,0.998807,0.999093,0.987531,0.977202,0.988627,0.986151,0.999016,0.998045,0.997774,0.993054,0.997400,0.993205,0.997851,0.997140,0.996158,0.987053,0.976801,0.964769,0.925758,0.859969,0.994958
0.998827,1.000000,0.997998,0.998665,0.998739,0.998230,0.998500,0.998211,0.997898,0.996432,0.998782,0.998592,0.998361,0.998918,0.998884,0.997423,0.998357,0.998198,0.998510,0.998763,0.998045,0.998083,0.998006,0.997801,0.997756,0.997425,0.997030,0.997378,0.998220,0.998476,0.997986,0.998192,0.994381,0.998856,0.997603,0.997484,0.997770,0.998401,0.996675,0.993802,0.997268,0.997271,0.993889,0.993469,0.998287,0.998793,0.998539,0.998805,0.998800,0.989840,0.980504,0.990128,0.988720,0.998756,0.997869,0.997800,0.994567,0.997722,0.994890,0.997975,0.997510,0.996910,0.989533,0.980080,0.968839,0.932436,0.868779,0.996163
0.998395,0.997998,1.000000,0.998725,0.998037,0.997459,0.997734,0.997451,0.997100,0.995349,0.998237,0.998167,0.997676,0.998404,0.998508,0.996669,0.997838,0.997713,0.997926,0.998387,0.997790,0.997847,0.997639,0.997754,0.997686,0.997401,0.997076,0.997456,0.998070,0.998160,0.997678,0.997925,0.994095,0.998384,0.997328,0.997233,0.998290,0.998549,0.995895,0.992668,0.996565,0.996417,0.992667,0.992126,0.997593,0.998506,0.997961,0.998269,0.998454,0.988412,0.978638,0.988516,0.987078,0.998325,0.997554,0.997412,0.993417,0.997018,0.993692,0.997367,0.996896,0.996169,0.987941,0.978067,0.966705,0.928929,0.865956,0.995156
0.999204,0.998665,0.998725,1.000000,0.998904,0.998514,0.998708,0.998610,0.998161,0.996536,0.999174,0.999275,0.998890,0.999330,0.999476,0.997756,0.998803,0.998848,0.998992,0.999393,0.998714,0.998758,0.998595,0.998499,0.998419,0.998211,0.997769,0.998013,0.998800,0.998967,0.998545,0.998684,0.994776,0.999203,0.998433,0.998336,0.998738,0.999631,0.997165,0.994135,0.997784,0.997675,0.994009,0.993496,0.998512,0.999550,0.999077,0.999200,0.999410,0.989830,0.980122,0.990151,0.988646,0.999333,0.998728,0.998577,0.994798,0.998325,0.995000,0.998590,0.998151,0.997482,0.989488,0.979603,0.968190,0.930871,0.867908,0.996657
0.998928,0.998739,0.998037,0.998904,1.000000,0.998742,0.999040,0.998755,0.998478,0.997154,0.999199,0.998994,0.998830,0.999313,0.999181,0.997983,0.998821,0.998529,0.998872,0.999123,0.998093,0.998138,0.998130,0.997834,0.997859,0.997557,0.997024,0.997444,0.998385,0.998820,0.998395,0.998331,0.994245,0.999332,0.997989,0.997972,0.997936,0.998642,0.997266,0.994655,0.997855,0.997872,0.994707,0.994347,0.998775,0.999089,0.998937,0.999185,0.999142,0.990881,0.981784,0.990901,0.989799,0.999019,0.998235,0.998147,0.995253,0.998165,0.995618,0.998316,0.997951,0.997419,0.990559,0.981436,0.970323,0.934703,0.872051,0.996788
0.997720,0.998230,0.997459,0.998514,0.998742,1.000000,0.999420,0.999699,0.999635,0.998898,0.999211,0.999071,0.999470,0.999233,0.998720,0.998673,0.998608,0.998240,0.998658,0.998699,0.996793,0.996865,0.996696,0.996372,0.996166,0.995888,0.994998,0.995635,0.997184,0.997922,0.997363,0.997016,0.992525,0.998341,0.998635,0.998674,0.997640,0.998240,0.998710,0.997270,0.999133,0.999289,0.997419,0.997084,0.999150,0.998959,0.999349,0.999262,0.998807,0.994382,0.986401,0.993349,0.993402,0.998782,0.998191,0.998351,0.997301,0.998644,0.997727,0.998498,0.998678,0.998540,0.994185,0.986017,0.976080,0.943458,0.883980,0.998474
0.998098,0.998500,0.997734,0.998708,0.999040,0.999420,1.000000,0.999569,0.999421,0.998454,0.999300,0.999136,0.999423,0.999339,0.998943,0.998551,0.998716,0.998374,0.998767,0.998885,0.997234,0.997278,0.997132,0.996886,0.996670,0.996405,0.995571,0.996091,0.997582,0.998286,0.997676,0.997456,0.992939,0.998638,0.998568,0.998573,0.997809,0.998483,0.998539,0.996788,0.999041,0.999098,0.996870,0.996435,0.999061,0.999141,0.999369,0.999330,0.999023,0.993445,0.985183,0.992706,0.992556,0.998968,0.998342,0.998443,0.996933,0.998670,0.997303,0.998578,0.998595,0.998350,0.993312,0.984890,0.974487,0.941178,0.880929,0.998164
0.997632,0.998211,0.997451,0.998610,0.998755,0.999699,0.999569,1.000000,0.999652,0.998986,0.999284,0.999277,0.999765,0.999321,0.998786,0.998691,0.998581,0.998223,0.998618,0.998774,0.996730,0.996803,0.996542,0.996297,0.995968,0.995759,0.994778,0.995425,0.997043,0.997877,0.997246,0.996887,0.992462,0.998278,0.998809,0.998873,0.997689,0.998352,0.999028,0.997776,0.999453,0.999708,0.997862,0.997490,0.999180,0.999100,0.999571,0.999349,0.998893,0.994829,0.987123,0.993710,0.994022,0.998869,0.998301,0.998501,0.997657,0.998808,0.998102,0.998644,0.998816,0.998754,0.994702,0.986791,0.976876,0.944470,0.885583,0.998823
0.997222,0.997898,0.997100,0.998161,0.998478,0.999635,0.999421,0.999652,1.000000,0.999142,0.999018,0.998840,0.999338,0.999004,0.998404,0.998695,0.998391,0.997972,0.998438,0.998393,0.996234,0.996328,0.996136,0.995767,0.995552,0.995275,0.994319,0.995001,0.996715,0.997569,0.996921,0.996510,0.991842,0.997990,0.998470,0.998500,0.997334,0.997906,0.998781,0.997711,0.999185,0.999444,0.997916,0.997613,0.999050,0.998677,0.999207,0.999073,0.998491,0.995046,0.987482,0.993917,0.994241,0.998486,0.997932,0.998170,0.997607,0.998486,0.998030,0.998291,0.998518,0.998505,0.994879,0.987254,0.977548,0.945803,0.886652,0.998661
0.995377,0.996432,0.995349,0.996536,0.997154,0.998898,0.998454,0.998986,0.999142,1.000000,0.998028,0.997576,0.998442,0.997868,0.996928,0.998295,0.997285,0.996702,0.997227,0.996935,0.994144,0.994245,0.994049,0.993583,0.993292,0.992978,0.991775,0.992695,0.994781,0.995962,0.995201,0.994498,0.989757,0.996419,0.997499,0.997581,0.995819,0.996232,0.998424,0.998021,0.998721,0.999077,0.998483,0.998700,0.998441,0.997264,0.998109,0.998055,0.997052,0.996599,0.989936,0.995010,0.995727,0.997099,0.996485,0.996931,0.997916,0.997483,0.998319,0.997057,0.997645,0.997948,0.996274,0.989609,0.980555,0.951035,0.893081,0.998651
0.998849,0.998782,0.998237,0.999174,0.999199,0.999211,0.999300,0.999284,0.999018,0.998028,1.000000,0.999401,0.999353,0.999884,0.999573,0.998707,0.999257,0.998998,0.999296,0.999489,0.998231,0.998240,0.998156,0.997981,0.997871,0.997672,0.996992,0.997372,0.998502,0.999012,0.998548,0.998421,0.994292,0.999261,0.998414,0.998484,0.998217,0.998893,0.997821,0.995560,0.998427,0.998542,0.995667,0.995361,0.999455,0.999491,0.999423,0.999729,0.999484,0.992132,0.983176,0.991761,0.990908,0.999438,0.998513,0.998504,0.995939,0.998552,0.996316,0.998585,0.998386,0.997943,0.991780,0.982858,0.971992,0.937167,0.875406,0.997428
0.998673,0.998592,0.998167,0.999275,0.998994,0.999071,0.999136,0.999277,0.998840,0.997576,0.999401,1.000000,0.999514,0.999504,0.999333,0.998225,0.998826,0.998631,0.998972,0.999244,0.997997,0.998045,0.997863,0.997758,0.997549,0.997374,0.996734,0.997135,0.998229,0.998693,0.998259,0.998106,0.993918,0.998978,0.998488,0.998487,0.998295,0.998899,0.997935,0.995703,0.998457,0.998567,0.995644,0.995139,0.998902,0.999469,0.999442,0.999404,0.999276,0.991962,0.983077,0.991506,0.990880,0.999215,0.998477,0.998428,0.995890,0.998466,0.996258,0.998562,0.998338,0.997909,0.991659,0.982685,0.971854,0.937190,0.875873,0.997488
0.998018,0.998361,0.997676,0.998890,0.998830,0.999470,0.999423,0.999765,0.999338,0.998442,0.999353,0.999514,1.000000,0.999428,0.999053,0.998554,0.998680,0.998403,0.998750,0.998993,0.997210,0.997255,0.997047,0.996833,0.996548,0.996416,0.995495,0.996016,0.997506,0.998174,0.997652,0.997377,0.993172,0.998531,0.998743,0.998762,0.997951,0.998598,0.998670,0.997052,0.999140,0.999330,0.997097,0.996674,0.999076,0.999315,0.999645,0.999400,0.999069,0.993780,0.985672,0.992862,0.992948,0.999057,0.998387,0.998492,0.997060,0.998689,0.997495,0.998679,0.998658,0.998468,0.993625,0.985270,0.975093,0.941852,0.882622,0.998361
0.999052,0.998918,0.998404,0.999330,0.999313,0.999233,0.999339,0.999321,0.999004,0.997868,0.999884,0.999504,0.999428,1.000000,0.999717,0.998650,0.999324,0.999092,0.999390,0.999634,0.998416,0.998444,0.998343,0.998176,0.998073,0.997902,0.997256,0.997607,0.998673,0.999152,0.998695,0.998613,0.994516,0.999406,0.998460,0.998480,0.998346,0.999037,0.997768,0.995418,0.998403,0.998516,0.995498,0.995156,0.999438,0.999598,0.999505,0.999782,0.999598,0.991858,0.982819,0.991683,0.990686,0.999549,0.998604,0.998560,0.995884,0.998587,0.996255,0.998688,0.998435,0.997934,0.991491,0.982467,0.971524,0.936148,0.874072,0.997360
0.999325,0.998884,0.998508,0.999476,0.999181,0.998720,0.998943,0.998786,0.998404,0.996928,0.999573,0.999333,0.999053,0.999717,1.000000,0.998195,0.999211,0.999235,0.999356,0.999822,0.998993,0.999000,0.998913,0.998782,0.998712,0.998579,0.998026,0.998235,0.999068,0.999288,0.998902,0.999043,0.995068,0.999508,0.998236,0.998196,0.998467,0.999210,0.997132,0.994232,0.997820,0.997808,0.994242,0.993805,0.998993,0.999541,0.999209,0.999553,0.999706,0.990147,0.980487,0.990620,0.988973,0.999645,0.998805,0.998621,0.995032,0.998442,0.995227,0.998699,0.998238,0.997524,0.989762,0.980032,0.968661,0.931620,0.868624,0.996627
0.997252,0.997423,0.996669,0.997756,0.997983,0.998673,0.998551,0.998691,0.998695,0.998295,0.998707,0.998225,0.998554,0.998650,0.998195,1.000000,0.998861,0.998046,0.998305,0.998227,0.996280,0.996375,0.996361,0.995947,0.995883,0.995621,0.994843,0.995389,0.996983,0.997737,0.997285,0.996711,0.992323,0.998012,0.997633,0.997674,0.996964,0.997508,0.997591,0.995968,0.998121,0.998217,0.996252,0.996214,0.998666,0.998230,0.998487,0.998670,0.998146,0.993478,0.985361,0.992866,0.992395,0.998191,0.997350,0.997490,0.996339,0.997648,0.996646,0.997717,0.997820,0.997594,0.993001,0.985019,0.974859,0.941815,0.881088,0.997427
0.998793,0.998357,0.997838,0.998803,0.998821,0.998608,0.998716,0.998581,0.998391,0.997285,0.999257,0.998826,0.998680,0.999324,0.999211,0.998861,1.000000,0.999041,0.999239,0.999149,0.998070,0.998079,0.998183,0.997872,0.997993,0.997692,0.997247,0.997618,0.998686,0.999067,0.998785,0.998522,0.994516,0.999196,0.997735,0.997706,0.997785,0.998543,0.996891,0.994379,0.997562,0.997670,0.994522,0.994277,0.998940,0.999014,0.998842,0.999225,0.999027,0.990843,0.981717,0.991004,0.989709,0.999026,0.998035,0.997915,0.995081,0.997915,0.995389,0.998125,0.997821,0.997233,0.990517,0.981419,0.970338,0.934538,0.871272,0.996526
0.998767,0.998198,0.997713,0.998848,0.998529,0.998240,0.998374,0.998223,0.997972,0.996702,0.998998,0.998631,0.998403,0.999092,0.999235,0.998046,0.999041,1.000000,0.999276,0.999255,0.998527,0.998485,0.998602,0.998196,0.998311,0.997914,0.997393,0.997631,0.998756,0.998908,0.998696,0.998721,0.994969,0.999002,0.997739,0.997767,0.997756,0.998640,0.996686,0.993830,0.997352,0.997292,0.993889,0.993594,0.998520,0.998927,0.998573,0.998961,0.999019,0.989979,0.980624,0.990938,0.989036,0.999055,0.998283,0.998146,0.994890,0.997962,0.994991,0.998166,0.997808,0.997168,0.989708,0.980304,0.969070,0.932035,0.868055,0.996358
0.998919,0.998510,0.997926,0.998992,0.998872,0.998658,0.998767,0.998618,0.998438,0.997227,0.999296,0.998972,0.998750,0.999390,0.999356,0.998305,0.999239,0.999276,1.000000,0.999279,0.998314,0.998344,0.998533,0.998071,0.998287,0.997904,0.997410,0.997748,0.998894,0.999203,0.998747,0.998714,0.994718,0.999174,0.997852,0.997902,0.997951,0.998696,0.996919,0.994366,0.997574,0.997705,0.994409,0.994111,0.998898,0.999167,0.998922,0.999256,0.999163,0.990523,0.981401,0.991023,0.989510,0.999139,0.998216,0.998110,0.995001,0.998066,0.995272,0.998222,0.997866,0.997261,0.990225,0.981065,0.969982,0.933777,0.870165,0.996563
0.999195,0.998763,0.998387,0.999393,0.999123,0.998699,0.998885,0.998774,0.998393,0.996935,0.999489,0.999244,0.998993,0.999634,0.999822,0.998227,0.999149,0.999255,0.999279,1.000000,0.998907,0.998927,0.998844,0.998704,0.998558,0.998406,0.997828,0.998030,0.998900,0.999165,0.998770,0.998926,0.994962,0.999375,0.998271,0.998193,0.998345,0.999174,0.997189,0.994331,0.997866,0.997831,0.994363,0.993942,0.998916,0.999456,0.999150,0.999466,0.999583,0.990309,0.980740,0.990978,0.989246,0.999567,0.998820,0.998686,0.995236,0.998527,0.995397,0.998713,0.998299,0.997647,0.989993,0.980330,0.968987,0.932030,0.869120,0.996748
0.999036,0.998045,0.997790,0.998714,0.998093,0.996793,0.997234,0.996730,0.996234,0.994144,0.998231,0.997997,0.997210,0.998416,0.998993,0.996280,0.998070,0.998527,0.998314,0.998907,1.000000,0.999733,0.999273,0.999517,0.999202,0.998998,0.998742,0.998675,0.999026,0.998735,0.998489,0.999118,0.995474,0.998869,0.996782,0.996665,0.997556,0.998464,0.994790,0.990737,0.995510,0.995288,0.990598,0.990023,0.997192,0.998439,0.997592,0.998099,0.998796,0.985700,0.974651,0.987026,0.984334,0.998694,0.998177,0.997836,0.992136,0.997243,0.992211,0.997685,0.996780,0.995700,0.985243,0.974310,0.961776,0.921638,0.855413,0.994109
0.999042,0.998083,0.997847,0.998758,0.998138,0.996865,0.997278,0.996803,0.996328,0.994245,0.998240,0.998045,0.997255,0.998444,0.999000,0.996375,0.998079,0.998485,0.998344,0.998927,0.999733,1.000000,0.999262,0.999648,0.999192,0.998989,0.998692,0.998634,0.998978,0.998723,0.998462,0.999088,0.995316,0.998865,0.996946,0.996827,0.997721,0.998567,0.994926,0.990832,0.995601,0.995358,0.990700,0.990135,0.997256,0.998474,0.997644,0.998160,0.998833,0.985860,0.974814,0.987278,0.984516,0.998783,0.998396,0.998043,0.992432,0.997430,0.992406,0.997790,0.996931,0.995898,0.985413,0.974455,0.961938,0.921726,0.855483,0.994268
0.999124,0.998006,0.997639,0.998595,0.998130,0.996696,0.997132,0.996542,0.996136,0.994049,0.998156,0.997863,0.997047,0.998343,0.998913,0.996361,0.998183,0.998602,0.998533,0.998844,0.999273,0.999262,1.000000,0.999220,0.999539,0.999086,0.998898,0.998807,0.999147,0.998917,0.998658,0.999234,0.995680,0.998980,0.996419,0.996379,0.997416,0.998333,0.994455,0.990368,0.995221,0.995005,0.990241,0.989715,0.997158,0.998316,0.997425,0.998011,0.998580,0.985345,0.974504,0.986919,0.984034,0.998544,0.997722,0.997352,0.991715,0.996874,0.991802,0.997273,0.996375,0.995236,0.984940,0.974195,0.961782,0.921352,0.854594,0.993744
0.998953,0.997801,0.997754,0.998499,0.997834,0.996372,0.996886,0.996297,0.995767,0.993583,0.997981,0.997758,0.996833,0.998176,0.998782,0.995947,0.997872,0.998196,0.998071,0.998704,0.999517,0.999648,0.999220,1.000000,0.999273,0.999109,0.998884,0.998740,0.998960,0.998639,0.998439,0.999088,0.995379,0.998707,0.996411,0.996290,0.997522,0.998306,0.994268,0.989969,0.995007,0.994730,0.989807,0.989171,0.996925,0.998236,0.997258,0.997874,0.998565,0.984777,0.973523,0.986226,0.983372,0.998520,0.997924,0.997493,0.991444,0.996934,0.991508,0.997340,0.996377,0.995198,0.984300,0.973137,0.960509,0.919550,0.853242,0.993439
0.999108,0.997756,0.997686,0.998419,0.997859,0.996166,0.996670,0.995968,0.995552,0.993292,0.997871,0.997549,0.996548,0.998073,0.998712,0.995883,0.997993,0.998311,0.998287,0.998558,0.999202,0.999192,0.999539,0.999273,1.000000,0.999273,0.999269,0.999125,0.999292,0.998872,0.998632,0.999262,0.995810,0.998883,0.995904,0.995860,0.997263,0.998125,0.993631,0.989268,0.994495,0.994312,0.989143,0.988640,0.996801,0.998098,0.997033,0.997717,0.998372,0.984112,0.972849,0.985769,0.982591,0.998294,0.997327,0.996838,0.990669,0.996291,0.990749,0.996845,0.995805,0.994548,0.983566,0.972411,0.959740,0.918687,0.851435,0.992828
0.998854,0.997425,0.997401,0.998211,0.997557,0.995888,0.996405,0.995759,0.995275,0.992978,0.997672,0.997374,0.996416,0.997902,0.998579,0.995621,0.997692,0.997914,0.997904,0.998406,0.998998,0.998989,0.999086,0.999109,0.999273,1.000000,0.999451,0.998886,0.998902,0.998560,0.998311,0.998942,0.995300,0.998593,0.995575,0.995507,0.997036,0.997946,0.993433,0.989060,0.994237,0.994086,0.988892,0.988306,0.996576,0.997899,0.996847,0.997580,0.998230,0.983772,0.972517,0.985516,0.982309,0.998144,0.997062,0.996579,0.990370,0.996063,0.990458,0.996623,0.995517,0.994219,0.983220,0.972122,0.959548,0.918123,0.851180,0.992541
0.998716,0.997030,0.997076,0.997769,0.997024,0.994998,0.995571,0.994778,0.994319,0.991775,0.996992,0.996734,0.995495,0.997256,0.998026,0.994843,0.997247,0.997393,0.997410,0.997828,0.998742,0.998692,0.998898,0.998884,0.999269,0.999451,1.000000,0.999367,0.998834,0.998280,0.998091,0.998884,0.995269,0.998365,0.994672,0.994625,0.996559,0.997444,0.992192,0.987391,0.993061,0.992893,0.987164,0.986642,0.995776,0.997362,0.996100,0.996876,0.997631,0.981860,0.970138,0.984124,0.980312,0.997519,0.996357,0.995858,0.989013,0.995167,0.989099,0.995817,0.994596,0.993150,0.981361,0.969767,0.956661,0.914613,0.845494,0.991244
0.998919,0.997378,0.997456,0.998013,0.997444,0.995635,0.996091,0.995425,0.995001,0.992695,0.997372,0.997135,0.996016,0.997607,0.998235,0.995389,0.997618,0.997631,0.997748,0.998030,0.998675,0.998634,0.998807,0.998740,0.999125,0.998886,0.999367,1.000000,0.998920,0.998509,0.998309,0.998941,0.995250,0.998654,0.995253,0.995108,0.997035,0.997705,0.992853,0.988369,0.993769,0.993647,0.988299,0.987921,0.996291,0.997673,0.996531,0.997247,0.997871,0.983347,0.971917,0.985435,0.981822,0.997790,0.996639,0.996178,0.989997,0.995631,0.990047,0.996185,0.995150,0.993841,0.982781,0.971532,0.958712,0.917756,0.849024,0.992120
0.999334,0.998220,0.998070,0.998800,0.998385,0.997184,0.997582,0.997043,0.996715,0.994781,0.998502,0.998229,0.997506,0.998673,0.999068,0.996983,0.998686,0.998756,0.998894,0.998900,0.999026,0.998978,0.999147,0.998960,0.999292,0.998902,0.998834,0.998920,1.000000,0.999418,0.998995,0.999320,0.995612,0.999246,0.996694,0.996616,0.997720,0.998535,0.994874,0.991132,0.995716,0.995631,0.991070,0.990703,0.997661,0.998657,0.997866,0.998414,0.998774,0.986600,0.976033,0.987829,0.985129,0.998710,0.997675,0.997340,0.992302,0.996988,0.992416,0.997425,0.996589,0.995609,0.986089,0.975642,0.963423,0.924015,0.857515,0.994252
0.999308,0.998476,0.998160,0.998967,0.998820,0.997922,0.998286,0.997877,0.997569,0.995962,0.999012,0.998693,0.998174,0.999152,0.999288,0.997737,0.999067,0.998908,0.999203,0.999165,0.998735,0.998723,0.998917,0.998639,0.998872,0.998560,0.998280,0.998509,0.999418,1.000000,0.999145,0.999144,0.995256,0.999397,0.997328,0.997304,0.997878,0.998700,0.995945,0.992723,0.996694,0.996698,0.992745,0.992364,0.998406,0.998984,0.998449,0.998955,0.999051,0.988622,0.978779,0.989334,0.987302,0.998985,0.997957,0.997709,0.993631,0.997591,0.993826,0.997801,0.997222,0.996396,0.988101,0.978355,0.966677,0.928795,0.863967,0.995365
0.998976,0.997986,0.997678,0.998545,0.998395,0.997363,0.997676,0.997246,0.996921,0.995201,0.998548,0.998259,0.997652,0.998695,0.998902,0.997285,0.998785,0.998696,0.998747,0.998770,0.998489,0.998462,0.998658,0.998439,0.998632,0.998311,0.998091,0.998309,0.998995,0.999145,1.000000,0.999000,0.995202,0.999058,0.996687,0.996743,0.997521,0.998217,0.995207,0.991801,0.995943,0.995913,0.991810,0.991395,0.997832,0.998484,0.997877,0.998390,0.998635,0.987562,0.977605,0.988635,0.986316,0.998562,0.997584,0.997257,0.992856,0.996980,0.993056,0.997344,0.996721,0.995818,0.987136,0.977328,0.965493,0.927393,0.862031,0.994627
0.999320,0.998192,0.997925,0.998684,0.998331,0.997016,0.997456,0.996887,0.996510,0.994498,0.998421,0.998106,0.997377,0.998613,0.999043,0.996711,0.998522,0.998721,0.998714,0.998926,0.999118,0.999088,0.999234,0.999088,0.999262,0.998942,0.998884,0.998941,0.999320,0.999144,0.999000,1.000000,0.996020,0.999213,0.996587,0.996500,0.997650,0.998432,0.994724,0.990816,0.995508,0.995405,0.990776,0.990290,0.997515,0.998545,0.997702,0.998306,0.998748,0.986056,0.975482,0.987428,0.984773,0.998680,0.997734,0.997394,0.992105,0.996924,0.992290,0.997397,0.996541,0.995475,0.985718,0.975237,0.962967,0.923046,0.856529,0.994015
0.995526,0.994381,0.994095,0.994776,0.994245,0.992525,0.992939,0.992462,0.991842,0.989757,0.994292,0.993918,0.993172,0.994516,0.995068,0.992323,0.994516,0.994969,0.994718,0.994962,0.995474,0.995316,0.995680,0.995379,0.995810,0.995300,0.995269,0.995250,0.995612,0.995256,0.995202,0.996020,1.000000,0.995259,0.992264,0.992235,0.993787,0.994474,0.990097,0.985764,0.990947,0.990748,0.985661,0.985219,0.993353,0.994486,0.993473,0.994233,0.994725,0.980742,0.970043,0.982115,0.979451,0.994549,0.993321,0.993035,0.986989,0.992562,0.986989,0.993101,0.991989,0.990925,0.980479,0.969607,0.957059,0.917280,0.849798,0.989351
0.999598,0.998856,0.998384,0.999203,0.999332,0.998341,0.998638,0.998278,0.997990,0.996419,0.999261,0.998978,0.998531,0.999406,0.999508,0.998012,0.999196,0.999002,0.999174,0.999375,0.998869,0.998865,0.998980,0.998707,0.998883,0.998593,0.998365,0.998654,0.999246,0.999397,0.999058,0.999213,0.995259,1.000000,0.997611,0.997578,0.998185,0.998912,0.996365,0.993200,0.997100,0.997079,0.993249,0.992933,0.998676,0.999213,0.998766,0.999216,0.999317,0.989162,0.979382,0.989923,0.987875,0.999229,0.998262,0.998087,0.994134,0.997864,0.994370,0.998201,0.997637,0.996844,0.988728,0.979026,0.967415,0.929792,0.864745,0.995839
0.997246,0.997603,0.997328,0.998433,0.997989,0.998635,0.998568,0.998809,0.998470,0.997499,0.998414,0.998488,0.998743,0.998460,0.998236,0.997633,0.997735,0.997739,0.997852,0.998271,0.996782,0.996946,0.996419,0.996411,0.995904,0.995575,0.994672,0.995253,0.996694,0.997328,0.996687,0.996587,0.992264,0.997611,1.000000,0.999373,0.997407,0.998428,0.998771,0.996297,0.998705,0.998531,0.996164,0.995752,0.998154,0.998548,0.998670,0.998560,0.998515,0.992942,0.984428,0.992243,0.991915,0.998470,0.998595,0.998740,0.996906,0.998749,0.996846,0.998756,0.998924,0.998922,0.992459,0.983643,0.973577,0.938474,0.878499,0.998665
0.997110,0.997484,0.997233,0.998336,0.997972,0.998674,0.998573,0.998873,0.998500,0.997581,0.998484,0.998487,0.998762,0.998480,0.998196,0.997674,0.997706,0.997767,0.997902,0.998193,0.996665,0.996827,0.996379,0.996290,0.995860,0.995507,0.994625,0.995108,0.996616,0.997304,0.996743,0.996500,0.992235,0.997578,0.999373,1.000000,0.997304,0.998209,0.998791,0.996335,0.998719,0.998556,0.996295,0.995805,0.998260,0.998500,0.998626,0.998554,0.998442,0.992978,0.984634,0.992047,0.992057,0.998400,0.998359,0.998514,0.996815,0.998581,0.996944,0.998577,0.998775,0.998752,0.992763,0.984096,0.973912,0.939455,0.879552,0.998496
0.998095,0.997770,0.998290,0.998738,0.997936,0.997640,0.997809,0.997689,0.997334,0.995819,0.998217,0.998295,0.997951,0.998346,0.998467,0.996964,0.997785,0.997756,0.997951,0.998345,0.997556,0.997721,0.997416,0.997522,0.997263,0.997036,0.996559,0.997035,0.997720,0.997878,0.997521,0.997650,0.993787,0.998185,0.997407,0.997304,1.000000,0.998497,0.996249,0.993355,0.996865,0.996762,0.993284,0.992812,0.997602,0.998580,0.998111,0.998268,0.998415,0.989252,0.979748,0.989346,0.988033,0.998354,0.997712,0.997545,0.994085,0.997263,0.994234,0.997559,0.997199,0.996570,0.988787,0.979267,0.968046,0.931174,0.868060,0.995726
0.998959,0.998401,0.998549,0.999631,0.998642,0.998240,0.998483,0.998352,0.997906,0.996232,0.998893,0.998899,0.998598,0.999037,0.999210,0.997508,0.998543,0.998640,0.998696,0.999174,0.998464,0.998567,0.998333,0.998306,0.998125,0.997946,0.997444,0.997705,0.998535,0.998700,0.998217,0.998432,0.994474,0.998912,0.998428,0.998209,0.998497,1.000000,0.997063,0.993861,0.997534,0.997430,0.993773,0.993261,0.998212,0.999402,0.998807,0.998964,0.999225,0.989599,0.979869,0.989942,0.988354,0.999169,0.998684,0.998562,0.994605,0.998261,0.994819,0.998540,0.998159,0.997505,0.989222,0.979336,0.967868,0.930160,0.867442,0.996597
0.995586,0.996675,0.995895,0.997165,0.997266,0.998710,0.998539,0.999028,0.998781,0.998424,0.997821,0.997935,0.998670,0.997768,0.997132,0.997591,0.996891,0.996686,0.996919,0.997189,0.994790,0.994926,0.994455,0.994268,0.993631,0.993433,0.992192,0.992853,0.994874,0.995945,0.995207,0.994724,0.990097,0.996365,0.998771,0.998791,0.996249,0.997063,1.000000,0.998176,0.999259,0.999208,0.998103,0.997737,0.997862,0.997656,0.998293,0.997925,0.997492,0.995625,0.988535,0.993867,0.994857,0.997463,0.997517,0.997881,0.997953,0.998282,0.998270,0.998034,0.998631,0.998933,0.995399,0.988044,0.978751,0.947527,0.890263,0.999408
0.991949,0.993802,0.992668,0.994135,0.994655,0.997270,0.996788,0.997776,0.997711,0.998021,0.995560,0.995703,0.997052,0.995418,0.994232,0.995968,0.994379,0.993830,0.994366,0.994331,0.990737,0.990832,0.990368,0.989969,0.989268,0.989060,0.987391,0.988369,0.991132,0.992723,0.991801,0.990816,0.985764,0.993200,0.996297,0.996335,0.993355,0.993861,0.998176,1.000000,0.998263,0.998725,0.999409,0.998816,0.996022,0.995045,0.996502,0.995739,0.994642,0.997529,0.992396,0.994476,0.997314,0.994667,0.994506,0.995138,0.998025,0.996066,0.998615,0.995338,0.996332,0.997130,0.998001,0.992396,0.984283,0.958470,0.905864,0.998375
0.996334,0.997268,0.996565,0.997784,0.997855,0.999133,0.999041,0.999453,0.999185,0.998721,0.998427,0.998457,0.999140,0.998403,0.997820,0.998121,0.997562,0.997352,0.997574,0.997866,0.995510,0.995601,0.995221,0.995007,0.994495,0.994237,0.993061,0.993769,0.995716,0.996694,0.995943,0.995508,0.990947,0.997100,0.998705,0.998719,0.996865,0.997534,0.999259,0.998263,1.000000,0.999519,0.998281,0.997800,0.998426,0.998235,0.998868,0.998534,0.998054,0.995390,0.988078,0.993862,0.994671,0.998040,0.997760,0.998044,0.997999,0.998400,0.998376,0.998240,0.998607,0.998793,0.995432,0.987683,0.978138,0.946811,0.889481,0.999067
0.996272,0.997271,0.996417,0.997675,0.997872,0.999289,0.999098,0.999708,0.999444,0.999077,0.998542,0.998567,0.999330,0.998516,0.997808,0.998217,0.997670,0.997292,0.997705,0.997831,0.995288,0.995358,0.995005,0.994730,0.994312,0.994086,0.992893,0.993647,0.995631,0.996698,0.995913,0.995405,0.990748,0.997079,0.998531,0.998556,0.996762,0.997430,0.999208,0.998725,0.999519,1.000000,0.998728,0.998334,0.998627,0.998294,0.999111,0.998685,0.998050,0.995979,0.988930,0.994445,0.995351,0.998035,0.997581,0.997927,0.998166,0.998381,0.998649,0.998061,0.998473,0.998694,0.996022,0.988646,0.979224,0.948680,0.891615,0.999144
0.991931,0.993889,0.992667,0.994009,0.994707,0.997419,0.996870,0.997862,0.997916,0.998483,0.995667,0.995644,0.997097,0.995498,0.994242,0.996252,0.994522,0.993889,0.994409,0.994363,0.990598,0.990700,0.990241,0.989807,0.989143,0.988892,0.987164,0.988299,0.991070,0.992745,0.991810,0.990776,0.985661,0.993249,0.996164,0.996295,0.993284,0.993773,0.998103,0.999409,0.998281,0.998728,1.000000,0.999410,0.996252,0.994993,0.996480,0.995798,0.994612,0.998098,0.993127,0.995235,0.998017,0.994644,0.994401,0.995097,0.998319,0.996027,0.998963,0.995237,0.996321,0.997174,0.998514,0.993122,0.985191,0.960033,0.907116,0.998451
0.991548,0.993469,0.992126,0.993496,0.994347,0.997084,0.996435,0.997490,0.997613,0.998700,0.995361,0.995139,0.996674,0.995156,0.993805,0.996214,0.994277,0.993594,0.994111,0.993942,0.990023,0.990135,0.989715,0.989171,0.988640,0.988306,0.986642,0.987921,0.990703,0.992364,0.991395,0.990290,0.985219,0.992933,0.995752,0.995805,0.992812,0.993261,0.997737,0.998816,0.997800,0.998334,0.999410,1.000000,0.996115,0.994536,0.996003,0.995489,0.994106,0.998609,0.993761,0.995742,0.998043,0.994199,0.993880,0.994640,0.998066,0.995554,0.998594,0.994745,0.995923,0.996831,0.998408,0.993439,0.985770,0.960357,0.906040,0.998375
0.998078,0.998287,0.997593,0.998512,0.998775,0.999150,0.999061,0.999180,0.999050,0.998441,0.999455,0.998902,0.999076,0.999438,0.998993,0.998666,0.998940,0.998520,0.998898,0.998916,0.997192,0.997256,0.997158,0.996925,0.996801,0.996576,0.995776,0.996291,0.997661,0.998406,0.997832,0.997515,0.993353,0.998676,0.998154,0.998260,0.997602,0.998212,0.997862,0.996022,0.998426,0.998627,0.996252,0.996115,1.000000,0.998909,0.999091,0.999667,0.998979,0.993160,0.984647,0.992485,0.991950,0.998972,0.997972,0.998007,0.996307,0.998223,0.996704,0.998190,0.998151,0.997835,0.992679,0.984272,0.973784,0.940274,0.879066,0.997640
0.999003,0.998793,0.998506,0.999550,0.999089,0.998959,0.999141,0.999100,0.998677,0.997264,0.999491,0.999469,0.999315,0.999598,0.999541,0.998230,0.999014,0.998927,0.999167,0.999456,0.998439,0.998474,0.998316,0.998236,0.998098,0.997899,0.997362,0.997673,0.998657,0.998984,0.998484,0.998545,0.994486,0.999213,0.998548,0.998500,0.998580,0.999402,0.997656,0.995045,0.998235,0.998294,0.994993,0.994536,0.998909,1.000000,0.999587,0.999532,0.999538,0.991105,0.981817,0.991054,0.989925,0.999489,0.998692,0.998625,0.995480,0.998525,0.995763,0.998708,0.998382,0.997830,0.990761,0.981382,0.970261,0.934281,0.872254,0.997210
0.998347,0.998539,0.997961,0.999077,0.998937,0.999349,0.999369,0.999571,0.999207,0.998109,0.999423,0.999442,0.999645,0.999505,0.999209,0.998487,0.998842,0.998573,0.998922,0.999150,0.997592,0.997644,0.997425,0.997258,0.997033,0.996847,0.996100,0.996531,0.997866,0.998449,0.997877,0.997702,0.993473,0.998766,0.998670,0.998626,0.998111,0.998807,0.998293,0.996502,0.998868,0.999111,0.996480,0.996003,0.999091,0.999587,1.000000,0.999540,0.999308,0.992927,0.984397,0.992264,0.991932,0.999234,0.998463,0.998503,0.996560,0.998647,0.996980,0.998659,0.998545,0.998240,0.992761,0.984002,0.973465,0.939534,0.879392,0.997968
0.998807,0.998805,0.998269,0.999200,0.999185,0.999262,0.999330,0.999349,0.999073,0.998055,0.999729,0.999404,0.999400,0.999782,0.999553,0.998670,0.999225,0.998961,0.999256,0.999466,0.998099,0.998160,0.998011,0.997874,0.997717,0.997580,0.996876,0.997247,0.998414,0.998955,0.998390,0.998306,0.994233,0.999216,0.998560,0.998554,0.998268,0.998964,0.997925,0.995739,0.998534,0.998685,0.995798,0.995489,0.999667,0.999532,0.999540,1.000000,0.999599,0.992283,0.983394,0.991901,0.991083,0.999574,0.998600,0.998575,0.996098,0.998635,0.996427,0.998725,0.998524,0.998039,0.991880,0.982956,0.972183,0.937209,0.875728,0.997566
0.999093,0.998800,0.998454,0.999410,0.999142,0.998807,0.999023,0.998893,0.998491,0.997052,0.999484,0.999276,0.999069,0.999598,0.999706,0.998146,0.999027,0.999019,0.999163,0.999583,0.998796,0.998833,0.998580,0.998565,0.998372,0.998230,0.997631,0.997871,0.998774,0.999051,0.998635,0.998748,0.994725,0.999317,0.998515,0.998442,0.998415,0.999225,0.997492,0.994642,0.998054,0.998050,0.994612,0.994106,0.998979,0.999538,0.999308,0.999599,1.000000,0.990542,0.980984,0.990877,0.989409,0.999779,0.999006,0.998866,0.995406,0.998658,0.995576,0.999009,0.998592,0.997898,0.990196,0.980482,0.969265,0.932443,0.869950,0.997011
0.987531,0.989840,0.988412,0.989830,0.990881,0.994382,0.993445,0.994829,0.995046,0.996599,0.992132,0.991962,0.993780,0.991858,0.990147,0.993478,0.990843,0.989979,0.990523,0.990309,0.985700,0.985860,0.985345,0.984777,0.984112,0.983772,0.981860,0.983347,0.986600,0.988622,0.987562,0.986056,0.980742,0.989162,0.992942,0.992978,0.989252,0.989599,0.995625,0.997529,0.995390,0.995979,0.998098,0.998609,0.993160,0.991105,0.992927,0.992283,0.990542,1.000000,0.995919,0.994702,0.998169,0.990647,0.990308,0.991198,0.996228,0.992375,0.996868,0.991394,0.992954,0.994230,0.998049,0.994932,0.989053,0.966237,0.915250,0.996452
0.977202,0.980504,0.978638,0.980122,0.981784,0.986401,0.985183,0.987123,0.987482,0.989936,0.983176,0.983077,0.985672,0.982819,0.980487,0.985361,0.981717,0.980624,0.981401,0.980740,0.974651,0.974814,0.974504,0.973523,0.972849,0.972517,0.970138,0.971917,0.976033,0.978779,0.977605,0.975482,0.970043,0.979382,0.984428,0.984634,0.979748,0.979869,0.988535,0.992396,0.988078,0.988930,0.993127,0.993761,0.984647,0.981817,0.984397,0.983394,0.980984,0.995919,1.000000,0.989934,0.997023,0.981064,0.980809,0.982047,0.990160,0.983732,0.991078,0.982336,0.984358,0.986373,0.995715,0.998307,0.996982,0.977503,0.929961,0.989780
0.988627,0.990128,0.988516,0.990151,0.990901,0.993349,0.992706,0.993710,0.993917,0.995010,0.991761,0.991506,0.992862,0.991683,0.990620,0.992866,0.991004,0.990938,0.991023,0.990978,0.987026,0.987278,0.986919,0.986226,0.985769,0.985516,0.984124,0.985435,0.987829,0.989334,0.988635,0.987428,0.982115,0.989923,0.992243,0.992047,0.989346,0.989942,0.993867,0.994476,0.993862,0.994445,0.995235,0.995742,0.992485,0.991054,0.992264,0.991901,0.990877,0.994702,0.989934,1.000000,0.995983,0.991002,0.991135,0.991961,0.996384,0.992135,0.995224,0.991347,0.992574,0.993495,0.994661,0.990086,0.982066,0.953937,0.892301,0.995114
0.986151,0.988720,0.987078,0.988646,0.989799,0.993402,0.992556,0.994022,0.994241,0.995727,0.990908,0.990880,0.992948,0.990686,0.988973,0.992395,0.989709,0.989036,0.989510,0.989246,0.984334,0.984516,0.984034,0.983372,0.982591,0.982309,0.980312,0.981822,0.985129,0.987302,0.986316,0.984773,0.979451,0.987875,0.991915,0.992057,0.988033,0.988354,0.994857,0.997314,0.994671,0.995351,0.998017,0.998043,0.991950,0.989925,0.991932,0.991083,0.989409,0.998169,0.997023,0.995983,1.000000,0.989459,0.989546,0.990518,0.996779,0.991671,0.997008,0.990543,0.992098,0.993507,0.998873,0.997178,0.991702,0.969051,0.917565,0.995752
0.999016,0.998756,0.998325,0.999333,0.999019,0.998782,0.998968,0.998869,0.998486,0.997099,0.999438,0.999215,0.999057,0.999549,0.999645,0.998191,0.999026,0.999055,0.999139,0.999567,0.998694,0.998783,0.998544,0.998520,0.998294,0.998144,0.997519,0.997790,0.998710,0.998985,0.998562,0.998680,0.994549,0.999229,0.998470,0.998400,0.998354,0.999169,0.997463,0.994667,0.998040,0.998035,0.994644,0.994199,0.998972,0.999489,0.999234,0.999574,0.999779,0.990647,0.981064,0.991002,0.989459,1.000000,0.999045,0.998910,0.995412,0.998679,0.995571,0.998909,0.998518,0.997868,0.990237,0.980549,0.969366,0.932545,0.870111,0.997011
0.998045,0.997869,0.997554,0.998728,0.998235,0.998191,0.998342,0.998301,0.997932,0.996485,0.998513,0.998477,0.998387,0.998604,0.998805,0.997350,0.998035,0.998283,0.998216,0.998820,0.998177,0.998396,0.997722,0.997924,0.997327,0.997062,0.996357,0.996639,0.997675,0.997957,0.997584,0.997734,0.993321,0.998262,0.998595,0.998359,0.997712,0.998684,0.997517,0.994506,0.997760,0.997581,0.994401,0.993880,0.997972,0.998692,0.998463,0.998600,0.999006,0.990308,0.980809,0.991135,0.989546,0.999045,1.000000,0.999717,0.995836,0.999119,0.995744,0.998891,0.998555,0.998048,0.990122,0.980308,0.969272,0.931598,0.869366,0.997176
0.997774,0.997800,0.997412,0.998577,0.998147,0.998351,0.998443,0.998501,0.998170,0.996931,0.998504,0.998428,0.998492,0.998560,0.998621,0.997490,0.997915,0.998146,0.998110,0.998686,0.997836,0.998043,0.997352,0.997493,0.996838,0.996579,0.995858,0.996178,0.997340,0.997709,0.997257,0.997394,0.993035,0.998087,0.998740,0.998514,0.997545,0.998562,0.997881,0.995138,0.998044,0.997927,0.995097,0.994640,0.998007,0.998625,0.998503,0.998575,0.998866,0.991198,0.982047,0.991961,0.990518,0.998910,0.999717,1.000000,0.996524,0.999354,0.996394,0.998967,0.998775,0.998427,0.991121,0.981683,0.970729,0.933916,0.871539,0.997691
0.993054,0.994567,0.993417,0.994798,0.995253,0.997301,0.996933,0.997657,0.997607,0.997916,0.995939,0.995890,0.997060,0.995884,0.995032,0.996339,0.995081,0.994890,0.995001,0.995236,0.992136,0.992432,0.991715,0.991444,0.990669,0.990370,0.989013,0.989997,0.992302,0.993631,0.992856,0.992105,0.986989,0.994134,0.996906,0.996815,0.994085,0.994605,0.997953,0.998025,0.997999,0.998166,0.998319,0.998066,0.996307,0.995480,0.996560,0.996098,0.995406,0.996228,0.990160,0.996384,0.996779,0.995412,0.995836,0.996524,1.000000,0.996985,0.998910,0.996248,0.997119,0.997786,0.996808,0.990385,0.981372,0.952410,0.894500,0.998526
0.997400,0.997722,0.997018,0.998325,0.998165,0.998644,0.998670,0.998808,0.998486,0.997483,0.998552,0.998466,0.998689,0.998587,0.998442,0.997648,0.997915,0.997962,0.998066,0.998527,0.997243,0.997430,0.996874,0.996934,0.996291,0.996063,0.995167,0.995631,0.996988,0.997591,0.996980,0.996924,0.992562,0.997864,0.998749,0.998581,0.997263,0.998261,0.998282,0.996066,0.998400,0.998381,0.996027,0.995554,0.998223,0.998525,0.998647,0.998635,0.998658,0.992375,0.983732,0.992135,0.991671,0.998679,0.999119,0.999354,0.996985,1.000000,0.997161,0.998930,0.998814,0.998588,0.992431,0.983450,0.972756,0.937864,0.877420,0.998067
0.993205,0.994890,0.993692,0.995000,0.995618,0.997727,0.997303,0.998102,0.998030,0.998319,0.996316,0.996258,0.997495,0.996255,0.995227,0.996646,0.995389,0.994991,0.995272,0.995397,0.992211,0.992406,0.991802,0.991508,0.990749,0.990458,0.989099,0.990047,0.992416,0.993826,0.993056,0.992290,0.986989,0.994370,0.996846,0.996944,0.994234,0.994819,0.998270,0.998615,0.998376,0.998649,0.998963,0.998594,0.996704,0.995763,0.996980,0.996427,0.995576,0.996868,0.991078,0.995224,0.997008,0.995571,0.995744,0.996394,0.998910,0.997161,1.000000,0.996474,0.997316,0.997942,0.997677,0.991343,0.982601,0.955019,0.899661,0.998561
0.997851,0.997975,0.997367,0.998590,0.998316,0.998498,0.998578,0.998644,0.998291,0.997057,0.998585,0.998562,0.998679,0.998688,0.998699,0.997717,0.998125,0.998166,0.998222,0.998713,0.997685,0.997790,0.997273,0.997340,0.996845,0.996623,0.995817,0.996185,0.997425,0.997801,0.997344,0.997397,0.993101,0.998201,0.998756,0.998577,0.997559,0.998540,0.998034,0.995338,0.998240,0.998061,0.995237,0.994745,0.998190,0.998708,0.998659,0.998725,0.999009,0.991394,0.982336,0.991347,0.990543,0.998909,0.998891,0.998967,0.996248,0.998930,0.996474,1.000000,0.999447,0.998869,0.991328,0.981956,0.971102,0.934583,0.873933,0.997748
0.997140,0.997510,0.996896,0.998151,0.997951,0.998678,0.998595,0.998816,0.998518,0.997645,0.998386,0.998338,0.998658,0.998435,0.998238,0.997820,0.997821,0.997808,0.997866,0.998299,0.996780,0.996931,0.996375,0.996377,0.995805,0.995517,0.994596,0.995150,0.996589,0.997222,0.996721,0.996541,0.991989,0.997637,0.998924,0.998775,0.997199,0.998159,0.998631,0.996332,0.998607,0.998473,0.996321,0.995923,0.998151,0.998382,0.998545,0.998524,0.998592,0.992954,0.984358,0.992574,0.992098,0.998518,0.998555,0.998775,0.997119,0.998814,0.997316,0.999447,1.000000,0.999575,0.992896,0.983939,0.973531,0.938969,0.879214,0.998572
0.996158,0.996910,0.996169,0.997482,0.997419,0.998540,0.998350,0.998754,0.998505,0.997948,0.997943,0.997909,0.998468,0.997934,0.997524,0.997594,0.997233,0.997168,0.997261,0.997647,0.995700,0.995898,0.995236,0.995198,0.994548,0.994219,0.993150,0.993841,0.995609,0.996396,0.995818,0.995475,0.990925,0.996844,0.998922,0.998752,0.996570,0.997505,0.998933,0.997130,0.998793,0.998694,0.997174,0.996831,0.997835,0.997830,0.998240,0.998039,0.997898,0.994230,0.986373,0.993495,0.993507,0.997868,0.998048,0.998427,0.997786,0.998588,0.997942,0.998869,0.999575,1.000000,0.994309,0.986029,0.976064,0.943206,0.883969,0.999143
0.987053,0.989533,0.987941,0.989488,0.990559,0.994185,0.993312,0.994702,0.994879,0.996274,0.991780,0.991659,0.993625,0.991491,0.989762,0.993001,0.990517,0.989708,0.990225,0.989993,0.985243,0.985413,0.984940,0.984300,0.983566,0.983220,0.981361,0.982781,0.986089,0.988101,0.987136,0.985718,0.980479,0.988728,0.992459,0.992763,0.988787,0.989222,0.995399,0.998001,0.995432,0.996022,0.998514,0.998408,0.992679,0.990761,0.992761,0.991880,0.990196,0.998049,0.995715,0.994661,0.998873,0.990237,0.990122,0.991121,0.996808,0.992431,0.997677,0.991328,0.992896,0.994309,1.000000,0.996537,0.989697,0.967941,0.916918,0.996162
0.976801,0.980080,0.978067,0.979603,0.981436,0.986017,0.984890,0.986791,0.987254,0.989609,0.982858,0.982685,0.985270,0.982467,0.980032,0.985019,0.981419,0.980304,0.981065,0.980330,0.974310,0.974455,0.974195,0.973137,0.972411,0.972122,0.969767,0.971532,0.975642,0.978355,0.977328,0.975237,0.969607,0.979026,0.983643,0.984096,0.979267,0.979336,0.988044,0.992396,0.987683,0.988646,0.993122,0.993439,0.984272,0.981382,0.984002,0.982956,0.980482,0.994932,0.998307,0.990086,0.997178,0.980549,0.980308,0.981683,0.990385,0.983450,0.991343,0.981956,0.983939,0.986029,0.996537,1.000000,0.996425,0.978115,0.928475,0.989242
0.964769,0.968839,0.966705,0.968190,0.970323,0.976080,0.974487,0.976876,0.977548,0.980555,0.971992,0.971854,0.975093,0.971524,0.968661,0.974859,0.970338,0.969070,0.969982,0.968987,0.961776,0.961938,0.961782,0.960509,0.959740,0.959548,0.956661,0.958712,0.963423,0.966677,0.965493,0.962967,0.957059,0.967415,0.973577,0.973912,0.968046,0.967868,0.978751,0.984283,0.978138,0.979224,0.985191,0.985770,0.973784,0.970261,0.973465,0.972183,0.969265,0.989053,0.996982,0.982066,0.991702,0.969366,0.969272,0.970729,0.981372,0.972756,0.982601,0.971102,0.973531,0.976064,0.989697,0.996425,1.000000,0.982129,0.937746,0.980310
