1.000000,0.996224,0.987098,0.995502,0.996591,0.994586,0.996097,0.992128,0.993497,0.988686,0.988350,0.990992,0.991390,0.987924,0.992286,0.969250,0.940207,0.758499,0.978362,0.993396,0.996082,0.996615,0.995480,0.996417,0.994696,0.994717,0.995916,0.997752,0.981425,0.916619,0.786870,0.569526,0.042718,0.996776,0.979853,0.980977,0.985345,0.991586,0.983794,0.988231,0.991695,0.989832,0.989892,0.990030,0.988846,0.986448,0.987644,0.986070,0.987216,0.986822,0.982948,0.991514,0.985854,0.989680,0.986537,0.986537,0.985131,0.983011,0.977132,0.973828,0.968315,0.972001,0.981070,0.980233,0.978280,0.978164,0.963194,0.981407
0.996224,1.000000,0.987465,0.993955,0.995987,0.994845,0.995933,0.991942,0.993741,0.988822,0.988074,0.990572,0.991054,0.987306,0.990042,0.968900,0.940489,0.738936,0.973906,0.990163,0.993761,0.994369,0.992416,0.994881,0.993397,0.994319,0.995088,0.995634,0.982249,0.918355,0.786215,0.546539,0.054826,0.994203,0.979245,0.980777,0.985590,0.990683,0.983412,0.988648,0.991670,0.989653,0.990110,0.990426,0.988944,0.986021,0.987369,0.985612,0.986045,0.986919,0.982586,0.989253,0.984877,0.988117,0.985219,0.985224,0.983848,0.982019,0.976094,0.972970,0.967472,0.971340,0.980576,0.979895,0.977890,0.977474,0.962646,0.980905
0.987098,0.987465,1.000000,0.989701,0.986187,0.985843,0.988152,0.987853,0.985113,0.978610,0.986381,0.988149,0.988090,0.986041,0.987298,0.957608,0.931971,0.735600,0.964331,0.986137,0.988430,0.988456,0.982963,0.988380,0.984363,0.988864,0.988818,0.987299,0.972662,0.913235,0.785092,0.545080,0.044643,0.984517,0.981682,0.983323,0.988194,0.988545,0.984303,0.986275,0.988452,0.987024,0.986806,0.984954,0.986377,0.985792,0.986141,0.984990,0.985484,0.985445,0.983315,0.986546,0.984717,0.986576,0.985099,0.984879,0.984500,0.983313,0.979445,0.976774,0.972486,0.975373,0.982043,0.981419,0.980242,0.980054,0.968137,0.982064
0.995502,0.993955,0.989701,1.000000,0.994005,0.993465,0.996603,0.997388,0.992531,0.985547,0.996120,0.998149,0.997806,0.996119,0.997236,0.962307,0.934098,0.741450,0.970282,0.995585,0.997002,0.997514,0.991082,0.997427,0.991535,0.998200,0.997840,0.995520,0.977490,0.914094,0.780355,0.543971,0.042540,0.992214,0.991936,0.992260,0.992079,0.998792,0.993936,0.995675,0.997853,0.996870,0.995858,0.993489,0.995809,0.996011,0.996276,0.995213,0.995617,0.994465,0.993122,0.995923,0.994759,0.996277,0.995340,0.995309,0.994475,0.993513,0.989844,0.987521,0.983736,0.986326,0.992143,0.991821,0.990399,0.990397,0.978892,0.992602
0.996591,0.995987,0.986187,0.994005,1.000000,0.998137,0.998214,0.993715,0.997369,0.994266,0.989019,0.990608,0.991948,0.987998,0.989957,0.977374,0.951696,0.739778,0.979091,0.989846,0.993961,0.994665,0.994682,0.995833,0.996542,0.995112,0.996039,0.997429,0.989241,0.930368,0.799520,0.541599,0.054840,0.997700,0.979197,0.980761,0.984534,0.990378,0.984116,0.990293,0.992774,0.991162,0.992368,0.993978,0.990716,0.985909,0.987925,0.986445,0.985964,0.988499,0.983637,0.989496,0.985135,0.988240,0.985000,0.984664,0.983704,0.981331,0.975826,0.972451,0.966904,0.971081,0.980907,0.980221,0.977928,0.977267,0.962478,0.981456
0.994586,0.994845,0.985843,0.993465,0.998137,1.000000,0.998602,0.995375,0.999325,0.996673,0.990558,0.991525,0.993244,0.989481,0.990187,0.980458,0.955584,0.737739,0.979988,0.989311,0.993475,0.994110,0.994585,0.995446,0.997411,0.995525,0.996237,0.996678,0.991975,0.934865,0.800748,0.528999,0.060013,0.997132,0.980824,0.982294,0.984804,0.990610,0.985915,0.992358,0.993977,0.992977,0.994523,0.996520,0.992614,0.987199,0.989473,0.988272,0.987031,0.990658,0.985658,0.989957,0.986525,0.989306,0.985556,0.985205,0.984813,0.982314,0.977431,0.974190,0.968991,0.973032,0.982796,0.982171,0.979799,0.979065,0.964410,0.983529
0.996097,0.995933,0.988152,0.996603,0.998214,0.998602,1.000000,0.997292,0.998298,0.993834,0.993612,0.994878,0.995990,0.992870,0.993581,0.974793,0.948776,0.737158,0.977163,0.992429,0.995824,0.996476,0.994492,0.997426,0.996682,0.997818,0.998117,0.997572,0.988601,0.929090,0.794234,0.533519,0.053270,0.996653,0.985564,0.986620,0.987963,0.994327,0.989702,0.994785,0.996538,0.995507,0.996213,0.996601,0.994943,0.991260,0.992912,0.991774,0.991014,0.993025,0.989204,0.992911,0.990428,0.992702,0.990069,0.989846,0.989147,0.987239,0.982629,0.979764,0.974953,0.978565,0.987061,0.986533,0.984377,0.983931,0.970285,0.987616
0.992128,0.991942,0.987853,0.997388,0.993715,0.995375,0.997292,1.000000,0.995329,0.990079,0.998475,0.998581,0.999469,0.998285,0.996686,0.970187,0.946443,0.738135,0.974077,0.993696,0.995028,0.995665,0.990604,0.996013,0.992709,0.998160,0.997367,0.994170,0.983894,0.928695,0.795187,0.529560,0.052297,0.992685,0.994069,0.994210,0.991049,0.997750,0.996414,0.998867,0.999180,0.999592,0.999277,0.997814,0.998889,0.997260,0.998323,0.997865,0.996839,0.997906,0.996182,0.995613,0.996525,0.997096,0.995702,0.995611,0.995582,0.994322,0.991875,0.989848,0.986785,0.989315,0.994950,0.994701,0.993120,0.992888,0.982315,0.995609
0.993497,0.993741,0.985113,0.992531,0.997369,0.999325,0.998298,0.995329,1.000000,0.997416,0.990450,0.991003,0.993031,0.989372,0.989804,0.982049,0.957916,0.740220,0.981653,0.988837,0.992816,0.993465,0.994768,0.994831,0.997655,0.995097,0.995653,0.996013,0.993220,0.937891,0.803578,0.528604,0.061337,0.996921,0.980674,0.981985,0.983914,0.989851,0.985882,0.992467,0.993601,0.993010,0.994749,0.996943,0.992709,0.986899,0.989343,0.988284,0.986825,0.990670,0.985648,0.989527,0.986406,0.989034,0.985181,0.984813,0.984505,0.981969,0.977381,0.974040,0.969034,0.973023,0.982809,0.982178,0.979672,0.978981,0.964538,0.983579
0.988686,0.988822,0.978610,0.985547,0.994266,0.996673,0.993834,0.990079,0.997416,1.000000,0.984490,0.983757,0.986712,0.982898,0.983282,0.990806,0.969547,0.751414,0.986491,0.982874,0.986986,0.987585,0.992640,0.989013,0.995460,0.988863,0.989994,0.991842,0.994929,0.947047,0.821082,0.537554,0.058278,0.995683,0.972745,0.974356,0.976851,0.982136,0.978954,0.986934,0.987303,0.987166,0.990002,0.995010,0.987679,0.979328,0.982496,0.981691,0.979745,0.985713,0.979142,0.983568,0.979473,0.982669,0.977410,0.976833,0.976755,0.973716,0.968961,0.965604,0.960362,0.964634,0.975696,0.974755,0.971971,0.970902,0.956090,0.976476
0.988350,0.988074,0.986381,0.996120,0.989019,0.990558,0.993612,0.998475,0.990450,0.984490,1.000000,0.998448,0.998889,0.999777,0.997317,0.964116,0.942041,0.738171,0.969958,0.993658,0.993734,0.994274,0.986543,0.994092,0.988182,0.996781,0.995237,0.990359,0.978019,0.926317,0.797770,0.535649,0.040839,0.988226,0.997509,0.997073,0.991795,0.997791,0.998593,0.999033,0.998401,0.999270,0.998557,0.995872,0.999297,0.998884,0.999317,0.999505,0.998844,0.998831,0.998732,0.995929,0.998845,0.998339,0.998308,0.998307,0.998327,0.997846,0.996158,0.994996,0.992829,0.994558,0.998155,0.998052,0.996955,0.996994,0.988628,0.998445
0.990992,0.990572,0.988149,0.998149,0.990608,0.991525,0.994878,0.998581,0.991003,0.983757,0.998448,1.000000,0.999386,0.998591,0.997466,0.960740,0.935715,0.735888,0.968033,0.994285,0.994796,0.995412,0.987526,0.995305,0.988760,0.997674,0.996530,0.992319,0.976292,0.918072,0.785724,0.534233,0.047981,0.988869,0.996121,0.996082,0.992179,0.999176,0.997367,0.998087,0.998753,0.998896,0.997698,0.994457,0.998003,0.998670,0.998922,0.998302,0.997983,0.997206,0.996779,0.995901,0.997549,0.997755,0.997480,0.997480,0.997261,0.996570,0.994470,0.992643,0.989899,0.991986,0.996292,0.996112,0.995059,0.995001,0.985217,0.996741
0.991390,0.991054,0.988090,0.997806,0.991948,0.993244,0.995990,0.999469,0.993031,0.986712,0.998889,0.999386,1.000000,0.998915,0.997662,0.965191,0.940780,0.739966,0.971395,0.994567,0.995231,0.995740,0.989175,0.995710,0.990714,0.998015,0.997016,0.993213,0.979680,0.922709,0.790073,0.533657,0.051356,0.990621,0.995733,0.995715,0.991844,0.998668,0.997381,0.998770,0.999148,0.999543,0.998725,0.996215,0.998728,0.998414,0.999122,0.998598,0.998083,0.998022,0.997119,0.996360,0.997629,0.998040,0.997108,0.997084,0.996992,0.996059,0.993849,0.992107,0.989287,0.991466,0.996262,0.996043,0.994793,0.994652,0.984781,0.996782
0.987924,0.987306,0.986041,0.996119,0.987998,0.989481,0.992870,0.998285,0.989372,0.982898,0.999777,0.998591,0.998915,1.000000,0.997661,0.961760,0.939054,0.740197,0.968780,0.993978,0.993615,0.994146,0.985932,0.993733,0.987205,0.996482,0.994803,0.989749,0.975958,0.923014,0.793856,0.537764,0.040345,0.987251,0.997995,0.997423,0.991611,0.998030,0.998690,0.998757,0.998209,0.999207,0.998142,0.994977,0.999017,0.999157,0.999501,0.999699,0.999222,0.998591,0.998866,0.996177,0.999147,0.998580,0.998627,0.998678,0.998720,0.998291,0.996830,0.995686,0.993653,0.995238,0.998462,0.998378,0.997377,0.997518,0.989433,0.998764
0.992286,0.990042,0.987298,0.997236,0.989957,0.990187,0.993581,0.996686,0.989804,0.983282,0.997317,0.997466,0.997662,0.997661,1.000000,0.960966,0.932893,0.768502,0.974076,0.998790,0.997523,0.997752,0.991521,0.996397,0.990543,0.997003,0.995950,0.993093,0.973856,0.911091,0.781657,0.566870,0.036027,0.990023,0.994136,0.993720,0.990608,0.997431,0.995056,0.995650,0.996682,0.996853,0.995488,0.992623,0.996332,0.996618,0.997053,0.996895,0.998362,0.995543,0.995436,0.998784,0.997377,0.998947,0.997464,0.997565,0.996997,0.996107,0.993124,0.991557,0.988269,0.990129,0.994729,0.994403,0.993171,0.993606,0.983796,0.994782
0.969250,0.968900,0.957608,0.962307,0.977374,0.980458,0.974793,0.970187,0.982049,0.990806,0.964116,0.960740,0.965191,0.961760,0.960966,1.000000,0.987660,0.758475,0.986200,0.960729,0.965086,0.965636,0.976985,0.967303,0.979888,0.967417,0.969166,0.973197,0.988871,0.963581,0.862746,0.546895,0.050061,0.982682,0.950265,0.952331,0.954757,0.958356,0.957927,0.967403,0.966100,0.966672,0.971645,0.980274,0.968753,0.956712,0.960775,0.960465,0.957451,0.967004,0.958458,0.961555,0.957683,0.960774,0.954216,0.953418,0.954094,0.950328,0.946077,0.943054,0.937906,0.942431,0.954539,0.953094,0.950173,0.948623,0.934362,0.955250
0.940207,0.940489,0.931971,0.934098,0.951696,0.955584,0.948776,0.946443,0.957916,0.969547,0.942041,0.935715,0.940780,0.939054,0.932893,0.987660,1.000000,0.715971,0.967745,0.929353,0.934084,0.935589,0.947309,0.938323,0.953116,0.941203,0.942483,0.945622,0.976320,0.987037,0.918306,0.540143,0.050281,0.958683,0.929584,0.931753,0.931034,0.932188,0.937181,0.946000,0.941765,0.943829,0.950150,0.959705,0.947441,0.933900,0.938156,0.938457,0.933164,0.946539,0.937852,0.932845,0.935083,0.934930,0.930162,0.928976,0.930993,0.927452,0.925524,0.923415,0.919762,0.924453,0.934463,0.932949,0.930866,0.928668,0.917286,0.934845
0.758499,0.738936,0.735600,0.741450,0.739778,0.737739,0.737158,0.738135,0.740220,0.751414,0.738171,0.735888,0.739966,0.740197,0.768502,0.758475,0.715971,1.000000,0.827501,0.786961,0.767369,0.764194,0.790465,0.750294,0.765228,0.738177,0.741021,0.755682,0.720209,0.643242,0.584839,0.743238,-0.015295,0.765968,0.731081,0.728272,0.727253,0.735456,0.731250,0.729350,0.731846,0.735821,0.733000,0.737673,0.735850,0.733533,0.736143,0.738592,0.753622,0.736299,0.736098,0.777594,0.747196,0.762965,0.743328,0.742659,0.744022,0.738566,0.732623,0.734262,0.728146,0.727408,0.735143,0.732997,0.730295,0.733337,0.728515,0.733499
0.978362,0.973906,0.964331,0.970282,0.979091,0.979988,0.977163,0.974077,0.981653,0.986491,0.969958,0.968033,0.971395,0.968780,0.974076,0.986200,0.967745,0.827501,1.000000,0.976965,0.976756,0.977007,0.988027,0.975703,0.985086,0.973354,0.974703,0.979876,0.980543,0.938763,0.836559,0.615317,0.040273,0.986929,0.958616,0.959556,0.961752,0.966462,0.964301,0.970400,0.970284,0.971271,0.973713,0.979357,0.972414,0.964283,0.967429,0.967315,0.968308,0.970896,0.965049,0.974888,0.967143,0.971982,0.964801,0.964216,0.964331,0.961043,0.956038,0.953825,0.948319,0.951912,0.962331,0.960965,0.958360,0.957908,0.944762,0.962498
0.993396,0.990163,0.986137,0.995585,0.989846,0.989311,0.992429,0.993696,0.988837,0.982874,0.993658,0.994285,0.994567,0.993978,0.998790,0.960729,0.929353,0.786961,0.976965,1.000000,0.998174,0.998135,0.993885,0.996282,0.991450,0.995111,0.994601,0.993541,0.972001,0.903677,0.774313,0.584680,0.033266,0.990785,0.988850,0.988618,0.987753,0.994444,0.990317,0.991644,0.993473,0.993217,0.991919,0.989730,0.992613,0.992342,0.993071,0.992765,0.995310,0.991473,0.990824,0.998246,0.993826,0.996879,0.994190,0.994278,0.993445,0.992065,0.987943,0.986144,0.981841,0.983940,0.989794,0.989311,0.987774,0.988334,0.977519,0.989663
0.996082,0.993761,0.988430,0.997002,0.993961,0.993475,0.995824,0.995028,0.992816,0.986986,0.993734,0.994796,0.995231,0.993615,0.997523,0.965086,0.934084,0.767369,0.976756,0.998174,1.000000,0.999554,0.995514,0.998659,0.994583,0.997061,0.996942,0.996254,0.978102,0.910704,0.777834,0.567764,0.039182,0.993707,0.987497,0.987867,0.988399,0.994979,0.989953,0.992781,0.994944,0.993957,0.993416,0.992147,0.993491,0.991894,0.992915,0.992234,0.993872,0.991892,0.990129,0.997078,0.992659,0.995706,0.993384,0.993389,0.992269,0.990689,0.986006,0.983430,0.978759,0.981452,0.988543,0.987950,0.986269,0.986539,0.974352,0.988628
0.996615,0.994369,0.988456,0.997514,0.994665,0.994110,0.996476,0.995665,0.993465,0.987585,0.994274,0.995412,0.995740,0.994146,0.997752,0.965636,0.935589,0.764194,0.977007,0.998135,0.999554,1.000000,0.995761,0.999135,0.994962,0.997686,0.997538,0.996857,0.979080,0.912674,0.780429,0.566836,0.037936,0.994323,0.988020,0.988431,0.988850,0.995496,0.990546,0.993439,0.995526,0.994602,0.994099,0.992858,0.994138,0.992528,0.993545,0.992826,0.994228,0.992431,0.990662,0.997185,0.993104,0.995960,0.993783,0.993832,0.992659,0.991126,0.986464,0.983857,0.979233,0.982022,0.989043,0.988554,0.986820,0.987063,0.974730,0.989184
0.995480,0.992416,0.982963,0.991082,0.994682,0.994585,0.994492,0.990604,0.994768,0.992640,0.986543,0.987526,0.989175,0.985932,0.991521,0.976985,0.947309,0.790465,0.988027,0.993885,0.995514,0.995761,1.000000,0.995214,0.997955,0.992530,0.993593,0.996195,0.984996,0.920236,0.791041,0.581807,0.047052,0.997023,0.976448,0.977447,0.980425,0.987078,0.981001,0.986629,0.988941,0.988101,0.988868,0.990902,0.987833,0.982922,0.985170,0.984285,0.985723,0.985690,0.981374,0.992143,0.984327,0.989102,0.983809,0.983648,0.982765,0.979948,0.974056,0.970913,0.965145,0.968742,0.978600,0.977843,0.975295,0.975314,0.960709,0.979014
0.996417,0.994881,0.988380,0.997427,0.995833,0.995446,0.997426,0.996013,0.994831,0.989013,0.994092,0.995305,0.995710,0.993733,0.996397,0.967303,0.938323,0.750294,0.975703,0.996282,0.998659,0.999135,0.995214,1.000000,0.995610,0.998174,0.998045,0.997253,0.982027,0.917396,0.783463,0.553995,0.042869,0.994626,0.987260,0.987788,0.988719,0.995361,0.990296,0.993820,0.995845,0.994766,0.994652,0.993763,0.994264,0.992150,0.993396,0.992458,0.993224,0.992369,0.990180,0.995791,0.992287,0.994844,0.992873,0.992852,0.991829,0.990199,0.985412,0.982666,0.977914,0.980975,0.988372,0.987940,0.986095,0.986170,0.973410,0.988590
0.994696,0.993397,0.984363,0.991535,0.996542,0.997411,0.996682,0.992709,0.997655,0.995460,0.988182,0.988760,0.990714,0.987205,0.990543,0.979888,0.953116,0.765228,0.985086,0.991450,0.994583,0.994962,0.997955,0.995610,1.000000,0.994212,0.995120,0.996743,0.991057,0.930710,0.797523,0.554677,0.054166,0.997497,0.977769,0.979012,0.981623,0.987862,0.982651,0.989184,0.991000,0.990131,0.991553,0.993844,0.990071,0.984153,0.986620,0.985807,0.985937,0.987728,0.983009,0.991112,0.985030,0.988893,0.984259,0.983979,0.983266,0.980436,0.974969,0.971585,0.965999,0.969974,0.980040,0.979415,0.976764,0.976536,0.961929,0.980476
0.994717,0.994319,0.988864,0.998200,0.995112,0.995525,0.997818,0.998160,0.995097,0.988863,0.996781,0.997674,0.998015,0.996482,0.997003,0.967417,0.941203,0.738177,0.973354,0.995111,0.997061,0.997686,0.992530,0.998174,0.994212,1.000000,0.999011,0.996382,0.983058,0.923024,0.788932,0.537627,0.044113,0.993540,0.991436,0.991991,0.990673,0.997413,0.994115,0.996846,0.998207,0.997504,0.997285,0.995710,0.997029,0.995457,0.996347,0.995621,0.995501,0.995572,0.993724,0.995764,0.994927,0.996270,0.995092,0.995031,0.994283,0.993063,0.989400,0.986961,0.983152,0.985992,0.992225,0.991999,0.990370,0.990285,0.978620,0.992670
0.995916,0.995088,0.988818,0.997840,0.996039,0.996237,0.998117,0.997367,0.995653,0.989994,0.995237,0.996530,0.997016,0.994803,0.995950,0.969166,0.942483,0.741021,0.974703,0.994601,0.996942,0.997538,0.993593,0.998045,0.995120,0.999011,1.000000,0.997810,0.983939,0.922887,0.789888,0.541937,0.047980,0.994757,0.988974,0.989766,0.990530,0.996380,0.992088,0.995404,0.997177,0.996217,0.996248,0.995315,0.995741,0.993688,0.994747,0.993786,0.993713,0.994116,0.991600,0.994868,0.992959,0.994962,0.993207,0.993207,0.992251,0.990775,0.986585,0.983999,0.979753,0.982900,0.989904,0.989574,0.987823,0.987598,0.975072,0.990303
0.997752,0.995634,0.987299,0.995520,0.997429,0.996678,0.997572,0.994170,0.996013,0.991842,0.990359,0.992319,0.993213,0.989749,0.993093,0.973197,0.945622,0.755682,0.979876,0.993541,0.996254,0.996857,0.996195,0.997253,0.996743,0.996382,0.997810,1.000000,0.985517,0.922958,0.793433,0.560482,0.046167,0.997182,0.981800,0.982991,0.986458,0.992205,0.985941,0.990751,0.993460,0.992019,0.992584,0.993205,0.991390,0.988082,0.989660,0.988240,0.988798,0.989424,0.985525,0.992585,0.987686,0.991178,0.987776,0.987642,0.986706,0.984336,0.979196,0.975975,0.970677,0.974395,0.983364,0.982699,0.980672,0.980242,0.965880,0.983637
0.981425,0.982249,0.972662,0.977490,0.989241,0.991975,0.988601,0.983894,0.993220,0.994929,0.978019,0.976292,0.979680,0.975958,0.973856,0.988871,0.976320,0.720209,0.980543,0.972001,0.978102,0.979080,0.984996,0.982027,0.991057,0.983058,0.983939,0.985517,1.000000,0.965387,0.839738,0.517130,0.065544,0.990303,0.965720,0.967747,0.969926,0.974276,0.972603,0.981347,0.980984,0.980910,0.984644,0.990004,0.981856,0.972101,0.975611,0.974916,0.971626,0.979704,0.972667,0.974377,0.972280,0.974136,0.969768,0.969277,0.969354,0.966286,0.961807,0.958320,0.953191,0.958030,0.968898,0.968224,0.965366,0.964267,0.949472,0.969723
0.916619,0.918355,0.913235,0.914094,0.930368,0.934865,0.929090,0.928695,0.937891,0.947047,0.926317,0.918072,0.922709,0.923014,0.911091,0.963581,0.987037,0.643242,0.938763,0.903677,0.910704,0.912674,0.920236,0.917396,0.930710,0.923024,0.922887,0.922958,0.965387,1.000000,0.926242,0.493936,0.050249,0.935482,0.916621,0.918748,0.914997,0.914360,0.923290,0.930671,0.924707,0.927353,0.933999,0.942336,0.931672,0.918535,0.922319,0.923053,0.915442,0.931319,0.923873,0.910557,0.919342,0.915209,0.914148,0.913501,0.915511,0.913081,0.912843,0.910891,0.909055,0.913611,0.920859,0.920077,0.918745,0.916286,0.907036,0.921173
0.786870,0.786215,0.785092,0.780355,0.799520,0.800748,0.794234,0.795187,0.803578,0.821082,0.797770,0.785724,0.790073,0.793856,0.781657,0.862746,0.918306,0.584839,0.836559,0.774313,0.777834,0.780429,0.791041,0.783463,0.797523,0.788932,0.789888,0.793433,0.839738,0.926242,1.000000,0.575238,0.020581,0.810874,0.790102,0.793041,0.787626,0.781795,0.795972,0.800180,0.790960,0.794807,0.803312,0.813672,0.802967,0.789338,0.792136,0.793576,0.786554,0.804102,0.796788,0.778216,0.791181,0.784860,0.786329,0.785102,0.788171,0.786150,0.788053,0.788225,0.788526,0.792535,0.795742,0.793400,0.794954,0.791970,0.788449,0.794002
0.569526,0.546539,0.545080,0.543971,0.541599,0.528999,0.533519,0.529560,0.528604,0.537554,0.535649,0.534233,0.533657,0.537764,0.566870,0.546895,0.540143,0.743238,0.615317,0.584680,0.567764,0.566836,0.581807,0.553995,0.554677,0.537627,0.541937,0.560482,0.517130,0.493936,0.575238,1.000000,-0.038832,0.567255,0.531860,0.532106,0.537786,0.536783,0.529747,0.523763,0.526654,0.527854,0.525240,0.527796,0.531037,0.532604,0.532108,0.533392,0.549008,0.531632,0.533194,0.566087,0.544439,0.554473,0.546424,0.546875,0.544130,0.542337,0.534735,0.535521,0.532139,0.531739,0.534258,0.530983,0.531824,0.534787,0.533054,0.530148
0.042718,0.054826,0.044643,0.042540,0.054840,0.060013,0.053270,0.052297,0.061337,0.058278,0.040839,0.047981,0.051356,0.040345,0.036027,0.050061,0.050281,-0.015295,0.040273,0.033266,0.039182,0.037936,0.047052,0.042869,0.054166,0.044113,0.047980,0.046167,0.065544,0.050249,0.020581,-0.038832,1.000000,0.049846,0.036393,0.041136,0.047953,0.042995,0.041376,0.048058,0.047878,0.048559,0.050125,0.049919,0.045107,0.042158,0.045608,0.041644,0.037599,0.045432,0.039345,0.036639,0.034375,0.036053,0.032288,0.029367,0.032904,0.029980,0.030535,0.026386,0.024266,0.028749,0.033803,0.035680,0.033855,0.033568,0.036070,0.040402
0.996776,0.994203,0.984517,0.992214,0.997700,0.997132,0.996653,0.992685,0.996921,0.995683,0.988226,0.988869,0.990621,0.987251,0.990023,0.982682,0.958683,0.765968,0.986929,0.990785,0.993707,0.994323,0.997023,0.994626,0.997497,0.993540,0.994757,0.997182,0.990303,0.935482,0.810874,0.567255,0.049846,1.000000,0.978200,0.979518,0.982549,0.988452,0.983065,0.989089,0.990985,0.990114,0.991440,0.993932,0.989980,0.984576,0.986708,0.985695,0.985623,0.988010,0.982904,0.990041,0.984848,0.988397,0.984075,0.983754,0.983101,0.980360,0.975112,0.971869,0.966569,0.970495,0.980331,0.979441,0.977050,0.976656,0.962268,0.980777
0.979853,0.979245,0.981682,0.991936,0.979197,0.980824,0.985564,0.994069,0.980674,0.972745,0.997509,0.996121,0.995733,0.997995,0.994136,0.950265,0.929584,0.731081,0.958616,0.988850,0.987497,0.988020,0.976448,0.987260,0.977769,0.991436,0.988974,0.981800,0.965720,0.916621,0.790102,0.531860,0.036393,0.978200,1.000000,0.998644,0.989283,0.995831,0.998567,0.995977,0.994812,0.996249,0.994386,0.989233,0.996019,0.998549,0.998012,0.998460,0.997885,0.996549,0.998621,0.992431,0.998240,0.996028,0.997863,0.997936,0.998283,0.998732,0.998807,0.998318,0.997639,0.998466,0.999105,0.999173,0.998904,0.999119,0.993484,0.999366
0.980977,0.980777,0.983323,0.992260,0.980761,0.982294,0.986620,0.994210,0.981985,0.974356,0.997073,0.996082,0.995715,0.997423,0.993720,0.952331,0.931753,0.728272,0.959556,0.988618,0.987867,0.988431,0.977447,0.987788,0.979012,0.991991,0.989766,0.982991,0.967747,0.918748,0.793041,0.532106,0.041136,0.979518,0.998644,1.000000,0.990137,0.995645,0.998128,0.995971,0.995154,0.996054,0.994535,0.989813,0.995989,0.997887,0.997543,0.997839,0.997181,0.996466,0.997882,0.992120,0.997497,0.995500,0.997009,0.997234,0.997512,0.997667,0.997561,0.996657,0.995658,0.996766,0.998018,0.998101,0.997781,0.997849,0.992064,0.998382
0.985345,0.985590,0.988194,0.992079,0.984534,0.984804,0.987963,0.991049,0.983914,0.976851,0.991795,0.992179,0.991844,0.991611,0.990608,0.954757,0.931034,0.727253,0.961752,0.987753,0.988399,0.988850,0.980425,0.988719,0.981623,0.990673,0.990530,0.986458,0.969926,0.914997,0.787626,0.537786,0.047953,0.982549,0.989283,0.990137,1.000000,0.992777,0.990708,0.990962,0.992121,0.991521,0.990630,0.987292,0.991046,0.991990,0.991769,0.991128,0.990990,0.990419,0.990023,0.988916,0.990617,0.990722,0.990791,0.990987,0.990717,0.990104,0.987594,0.985850,0.983039,0.985352,0.989375,0.989579,0.988149,0.988273,0.978789,0.989577
0.991586,0.990683,0.988545,0.998792,0.990378,0.990610,0.994327,0.997750,0.989851,0.982136,0.997791,0.999176,0.998668,0.998030,0.997431,0.958356,0.932188,0.735456,0.966462,0.994444,0.994979,0.995496,0.987078,0.995361,0.987862,0.997413,0.996380,0.992205,0.974276,0.914360,0.781795,0.536783,0.042995,0.988452,0.995831,0.995645,0.992777,1.000000,0.996858,0.997150,0.998368,0.998109,0.996709,0.993132,0.997038,0.998522,0.998353,0.997583,0.997658,0.996218,0.996059,0.995795,0.997064,0.997406,0.997405,0.997416,0.996942,0.996477,0.994023,0.992306,0.989501,0.991618,0.995608,0.995512,0.994525,0.994468,0.984752,0.996111
0.983794,0.983412,0.984303,0.993936,0.984116,0.985915,0.989702,0.996414,0.985882,0.978954,0.998593,0.997367,0.997381,0.998690,0.995056,0.957927,0.937181,0.731250,0.964301,0.990317,0.989953,0.990546,0.981001,0.990296,0.982651,0.994115,0.992088,0.985941,0.972603,0.923290,0.795972,0.529747,0.041376,0.983065,0.998567,0.998128,0.990708,0.996858,1.000000,0.997896,0.996998,0.997898,0.996832,0.992839,0.997709,0.998853,0.998787,0.998963,0.998056,0.997864,0.998648,0.993469,0.998333,0.996759,0.997782,0.997804,0.998100,0.998063,0.997493,0.996527,0.995259,0.996592,0.998681,0.998691,0.998003,0.998089,0.991169,0.999185
0.988231,0.988648,0.986275,0.995675,0.990293,0.992358,0.994785,0.998867,0.992467,0.986934,0.999033,0.998087,0.998770,0.998757,0.995650,0.967403,0.946000,0.729350,0.970400,0.991644,0.992781,0.993439,0.986629,0.993820,0.989184,0.996846,0.995404,0.990751,0.981347,0.930671,0.800180,0.523763,0.048058,0.989089,0.995977,0.995971,0.990962,0.997150,0.997896,1.000000,0.998641,0.999382,0.999345,0.997213,0.999221,0.997986,0.998770,0.998661,0.997240,0.998815,0.997841,0.994341,0.997463,0.996851,0.996594,0.996512,0.996797,0.995915,0.994419,0.992707,0.990454,0.992618,0.996983,0.996870,0.995553,0.995305,0.986173,0.997449
0.991695,0.991670,0.988452,0.997853,0.992774,0.993977,0.996538,0.999180,0.993601,0.987303,0.998401,0.998753,0.999148,0.998209,0.996682,0.966100,0.941765,0.731846,0.970284,0.993473,0.994944,0.995526,0.988941,0.995845,0.991000,0.998207,0.997177,0.993460,0.980984,0.924707,0.790960,0.526654,0.047878,0.990985,0.994812,0.995154,0.992121,0.998368,0.996998,0.998641,1.000000,0.999159,0.998736,0.996380,0.998475,0.997757,0.998395,0.997800,0.997037,0.997677,0.996392,0.995316,0.996686,0.997074,0.996405,0.996320,0.996112,0.995242,0.992805,0.990816,0.987916,0.990240,0.995329,0.995156,0.993780,0.993641,0.983421,0.995940
0.989832,0.989653,0.987024,0.996870,0.991162,0.992977,0.995507,0.999592,0.993010,0.987166,0.999270,0.998896,0.999543,0.999207,0.996853,0.966672,0.943829,0.735821,0.971271,0.993217,0.993957,0.994602,0.988101,0.994766,0.990131,0.997504,0.996217,0.992019,0.980910,0.927353,0.794807,0.527854,0.048559,0.990114,0.996249,0.996054,0.991521,0.998109,0.997898,0.999382,0.999159,1.000000,0.999311,0.997047,0.999310,0.998528,0.999264,0.999043,0.997988,0.998676,0.997773,0.995583,0.997849,0.997764,0.997066,0.997001,0.997103,0.996181,0.994419,0.992749,0.990264,0.992415,0.996932,0.996764,0.995415,0.995267,0.985862,0.997498
0.989892,0.990110,0.986806,0.995858,0.992368,0.994523,0.996213,0.999277,0.994749,0.990002,0.998557,0.997698,0.998725,0.998142,0.995488,0.971645,0.950150,0.733000,0.973713,0.991919,0.993416,0.994099,0.988868,0.994652,0.991553,0.997285,0.996248,0.992584,0.984644,0.933999,0.803312,0.525240,0.050125,0.991440,0.994386,0.994535,0.990630,0.996709,0.996832,0.999345,0.998736,0.999311,1.000000,0.998468,0.999153,0.997031,0.998130,0.997910,0.996411,0.998498,0.996775,0.994426,0.996559,0.996399,0.995486,0.995337,0.995558,0.994374,0.992448,0.990501,0.987856,0.990265,0.995590,0.995323,0.993802,0.993493,0.983451,0.996073
0.990030,0.990426,0.984954,0.993489,0.993978,0.996520,0.996601,0.997814,0.996943,0.995010,0.995872,0.994457,0.996215,0.994977,0.992623,0.980274,0.959705,0.737673,0.979357,0.989730,0.992147,0.992858,0.990902,0.993763,0.993844,0.995710,0.995315,0.993205,0.990004,0.942336,0.813672,0.527796,0.049919,0.993932,0.989233,0.989813,0.987292,0.993132,0.992839,0.997213,0.996380,0.997047,0.998468,1.000000,0.997446,0.992866,0.994675,0.994492,0.992483,0.996573,0.993216,0.991961,0.992784,0.993333,0.991156,0.990876,0.991125,0.989377,0.986770,0.984503,0.981292,0.984226,0.991177,0.990728,0.988870,0.988128,0.976908,0.991724
0.988846,0.988944,0.986377,0.995809,0.990716,0.992614,0.994943,0.998889,0.992709,0.987679,0.999297,0.998003,0.998728,0.999017,0.996332,0.968753,0.947441,0.735850,0.972414,0.992613,0.993491,0.994138,0.987833,0.994264,0.990071,0.997029,0.995741,0.991390,0.981856,0.931672,0.802967,0.531037,0.045107,0.989980,0.996019,0.995989,0.991046,0.997038,0.997709,0.999221,0.998475,0.999310,0.999153,0.997446,1.000000,0.997926,0.998748,0.998970,0.997620,0.998853,0.997930,0.995198,0.997824,0.997411,0.996922,0.996810,0.996983,0.996085,0.994280,0.992877,0.990486,0.992572,0.996907,0.996761,0.995490,0.995351,0.986239,0.997351
0.986448,0.986021,0.985792,0.996011,0.985909,0.987199,0.991260,0.997260,0.986899,0.979328,0.998884,0.998670,0.998414,0.999157,0.996618,0.956712,0.933900,0.733533,0.964283,0.992342,0.991894,0.992528,0.982922,0.992150,0.984153,0.995457,0.993688,0.988082,0.972101,0.918535,0.789338,0.532604,0.042158,0.984576,0.998549,0.997887,0.991990,0.998522,0.998853,0.997986,0.997757,0.998528,0.997031,0.992866,0.997926,1.000000,0.999488,0.999256,0.998837,0.997770,0.998474,0.994910,0.998685,0.997788,0.998387,0.998510,0.998501,0.998456,0.997228,0.996298,0.994530,0.995990,0.998473,0.998484,0.997780,0.997776,0.990085,0.998858
0.987644,0.987369,0.986141,0.996276,0.987925,0.989473,0.992912,0.998323,0.989343,0.982496,0.999317,0.998922,0.999122,0.999501,0.997053,0.960775,0.938156,0.736143,0.967429,0.993071,0.992915,0.993545,0.985170,0.993396,0.986620,0.996347,0.994747,0.989660,0.975611,0.922319,0.792136,0.532108,0.045608,0.986708,0.998012,0.997543,0.991769,0.998353,0.998787,0.998770,0.998395,0.999264,0.998130,0.994675,0.998748,0.999488,1.000000,0.999565,0.998936,0.998377,0.998610,0.995533,0.998769,0.998186,0.998168,0.998224,0.998383,0.997867,0.996614,0.995449,0.993388,0.995089,0.998285,0.998203,0.997262,0.997232,0.989035,0.998714
0.986070,0.985612,0.984990,0.995213,0.986445,0.988272,0.991774,0.997865,0.988284,0.981691,0.999505,0.998302,0.998598,0.999699,0.996895,0.960465,0.938457,0.738592,0.967315,0.992765,0.992234,0.992826,0.984285,0.992458,0.985807,0.995621,0.993786,0.988240,0.974916,0.923053,0.793576,0.533392,0.041644,0.985695,0.998460,0.997839,0.991128,0.997583,0.998963,0.998661,0.997800,0.999043,0.997910,0.994492,0.998970,0.999256,0.999565,1.000000,0.999180,0.998614,0.999118,0.995600,0.999220,0.998367,0.998425,0.998467,0.998712,0.998311,0.997328,0.996353,0.994585,0.996047,0.998832,0.998816,0.997877,0.997985,0.990434,0.999180
0.987216,0.986045,0.985484,0.995617,0.985964,0.987031,0.991014,0.996839,0.986825,0.979745,0.998844,0.997983,0.998083,0.999222,0.998362,0.957451,0.933164,0.753622,0.968308,0.995310,0.993872,0.994228,0.985723,0.993224,0.985937,0.995501,0.993713,0.988798,0.971626,0.915442,0.786554,0.549008,0.037599,0.985623,0.997885,0.997181,0.990990,0.997658,0.998056,0.997240,0.997037,0.997988,0.996411,0.992483,0.997620,0.998837,0.998936,0.999180,1.000000,0.997436,0.998343,0.997288,0.999309,0.999327,0.998957,0.999011,0.998997,0.998623,0.997220,0.996304,0.994152,0.995442,0.998205,0.998142,0.997270,0.997604,0.990047,0.998335
0.986822,0.986919,0.985445,0.994465,0.988499,0.990658,0.993025,0.997906,0.990670,0.985713,0.998831,0.997206,0.998022,0.998591,0.995543,0.967004,0.946539,0.736299,0.970896,0.991473,0.991892,0.992431,0.985690,0.992369,0.987728,0.995572,0.994116,0.989424,0.979704,0.931319,0.804102,0.531632,0.045432,0.988010,0.996549,0.996466,0.990419,0.996218,0.997864,0.998815,0.997677,0.998676,0.998498,0.996573,0.998853,0.997770,0.998377,0.998614,0.997436,1.000000,0.998406,0.994438,0.997829,0.996945,0.996734,0.996626,0.997093,0.996196,0.995081,0.993663,0.991777,0.993630,0.997385,0.997244,0.996304,0.995909,0.987416,0.997792
0.982948,0.982586,0.983315,0.993122,0.983637,0.985658,0.989204,0.996182,0.985648,0.979142,0.998732,0.996779,0.997119,0.998866,0.995436,0.958458,0.937852,0.736098,0.965049,0.990824,0.990129,0.990662,0.981374,0.990180,0.983009,0.993724,0.991600,0.985525,0.972667,0.923873,0.796788,0.533194,0.039345,0.982904,0.998621,0.997882,0.990023,0.996059,0.998648,0.997841,0.996392,0.997773,0.996775,0.993216,0.997930,0.998474,0.998610,0.999118,0.998343,0.998406,1.000000,0.994260,0.998806,0.997214,0.998014,0.998026,0.998472,0.998256,0.997771,0.996879,0.995642,0.996913,0.999016,0.999152,0.998610,0.998391,0.991690,0.999218
0.991514,0.989253,0.986546,0.995923,0.989496,0.989957,0.992911,0.995613,0.989527,0.983568,0.995929,0.995901,0.996360,0.996177,0.998784,0.961555,0.932845,0.777594,0.974888,0.998246,0.997078,0.997185,0.992143,0.995791,0.991112,0.995764,0.994868,0.992585,0.974377,0.910557,0.778216,0.566087,0.036639,0.990041,0.992431,0.992120,0.988916,0.995795,0.993469,0.994341,0.995316,0.995583,0.994426,0.991961,0.995198,0.994910,0.995533,0.995600,0.997288,0.994438,0.994260,1.000000,0.996779,0.998472,0.996264,0.996195,0.996024,0.994557,0.991496,0.989792,0.986209,0.988247,0.993300,0.993115,0.991681,0.992114,0.982462,0.993277
0.985854,0.984877,0.984717,0.994759,0.985135,0.986525,0.990428,0.996525,0.986406,0.979473,0.998845,0.997549,0.997629,0.999147,0.997377,0.957683,0.935083,0.747196,0.967143,0.993826,0.992659,0.993104,0.984327,0.992287,0.985030,0.994927,0.992959,0.987686,0.972280,0.919342,0.791181,0.544439,0.034375,0.984848,0.998240,0.997497,0.990617,0.997064,0.998333,0.997463,0.996686,0.997849,0.996559,0.992784,0.997824,0.998685,0.998769,0.999220,0.999309,0.997829,0.998806,0.996779,1.000000,0.998618,0.998863,0.998891,0.999191,0.998700,0.997618,0.996673,0.994862,0.996172,0.998716,0.998691,0.997923,0.998086,0.990855,0.998706
0.989680,0.988117,0.986576,0.996277,0.988240,0.989306,0.992702,0.997096,0.989034,0.982669,0.998339,0.997755,0.998040,0.998580,0.998947,0.960774,0.934930,0.762965,0.971982,0.996879,0.995706,0.995960,0.989102,0.994844,0.988893,0.996270,0.994962,0.991178,0.974136,0.915209,0.784860,0.554473,0.036053,0.988397,0.996028,0.995500,0.990722,0.997406,0.996759,0.996851,0.997074,0.997764,0.996399,0.993333,0.997411,0.997788,0.998186,0.998367,0.999327,0.996945,0.997214,0.998472,0.998618,1.000000,0.998236,0.998199,0.998086,0.997300,0.995168,0.994038,0.991198,0.992778,0.996691,0.996449,0.995332,0.995674,0.987130,0.996739
0.986537,0.985219,0.985099,0.995340,0.985000,0.985556,0.990069,0.995702,0.985181,0.977410,0.998308,0.997480,0.997108,0.998627,0.997464,0.954216,0.930162,0.743328,0.964801,0.994190,0.993384,0.993783,0.983809,0.992873,0.984259,0.995092,0.993207,0.987776,0.969768,0.914148,0.786329,0.546424,0.032288,0.984075,0.997863,0.997009,0.990791,0.997405,0.997782,0.996594,0.996405,0.997066,0.995486,0.991156,0.996922,0.998387,0.998168,0.998425,0.998957,0.996734,0.998014,0.996264,0.998863,0.998236,1.000000,0.999640,0.998974,0.999020,0.997384,0.996331,0.994364,0.995618,0.997953,0.997919,0.997244,0.997653,0.989963,0.997985
0.986537,0.985224,0.984879,0.995309,0.984664,0.985205,0.989846,0.995611,0.984813,0.976833,0.998307,0.997480,0.997084,0.998678,0.997565,0.953418,0.928976,0.742659,0.964216,0.994278,0.993389,0.993832,0.983648,0.992852,0.983979,0.995031,0.993207,0.987642,0.969277,0.913501,0.785102,0.546875,0.029367,0.983754,0.997936,0.997234,0.990987,0.997416,0.997804,0.996512,0.996320,0.997001,0.995337,0.990876,0.996810,0.998510,0.998224,0.998467,0.999011,0.996626,0.998026,0.996195,0.998891,0.998199,0.999640,1.000000,0.999055,0.999212,0.997405,0.996422,0.994536,0.995705,0.998000,0.998010,0.997350,0.997733,0.990069,0.997992
0.985131,0.983848,0.984500,0.994475,0.983704,0.984813,0.989147,0.995582,0.984505,0.976755,0.998327,0.997261,0.996992,0.998720,0.996997,0.954094,0.930993,0.744022,0.964331,0.993445,0.992269,0.992659,0.982765,0.991829,0.983266,0.994283,0.992251,0.986706,0.969354,0.915511,0.788171,0.544130,0.032904,0.983101,0.998283,0.997512,0.990717,0.996942,0.998100,0.996797,0.996112,0.997103,0.995558,0.991125,0.996983,0.998501,0.998383,0.998712,0.998997,0.997093,0.998472,0.996024,0.999191,0.998086,0.998974,0.999055,1.000000,0.998939,0.998094,0.997025,0.995258,0.996418,0.998643,0.998587,0.998031,0.998292,0.990968,0.998482
0.983011,0.982019,0.983313,0.993513,0.981331,0.982314,0.987239,0.994322,0.981969,0.973716,0.997846,0.996570,0.996059,0.998291,0.996107,0.950328,0.927452,0.738566,0.961043,0.992065,0.990689,0.991126,0.979948,0.990199,0.980436,0.993063,0.990775,0.984336,0.966286,0.913081,0.786150,0.542337,0.029980,0.980360,0.998732,0.997667,0.990104,0.996477,0.998063,0.995915,0.995242,0.996181,0.994374,0.989377,0.996085,0.998456,0.997867,0.998311,0.998623,0.996196,0.998256,0.994557,0.998700,0.997300,0.999020,0.999212,0.998939,1.000000,0.998423,0.997801,0.996457,0.997296,0.998595,0.998622,0.998223,0.998639,0.991990,0.998574
0.977132,0.976094,0.979445,0.989844,0.975826,0.977431,0.982629,0.991875,0.977381,0.968961,0.996158,0.994470,0.993849,0.996830,0.993124,0.946077,0.925524,0.732623,0.956038,0.987943,0.986006,0.986464,0.974056,0.985412,0.974969,0.989400,0.986585,0.979196,0.961807,0.912843,0.788053,0.534735,0.030535,0.975112,0.998807,0.997561,0.987594,0.994023,0.997493,0.994419,0.992805,0.994419,0.992448,0.986770,0.994280,0.997228,0.996614,0.997328,0.997220,0.995081,0.997771,0.991496,0.997618,0.995168,0.997384,0.997405,0.998094,0.998423,1.000000,0.998464,0.998065,0.998660,0.998706,0.998734,0.998514,0.998961,0.993978,0.998504
0.973828,0.972970,0.976774,0.987521,0.972451,0.974190,0.979764,0.989848,0.974040,0.965604,0.994996,0.992643,0.992107,0.995686,0.991557,0.943054,0.923415,0.734262,0.953825,0.986144,0.983430,0.983857,0.970913,0.982666,0.971585,0.986961,0.983999,0.975975,0.958320,0.910891,0.788225,0.535521,0.026386,0.971869,0.998318,0.996657,0.985850,0.992306,0.996527,0.992707,0.990816,0.992749,0.990501,0.984503,0.992877,0.996298,0.995449,0.996353,0.996304,0.993663,0.996879,0.989792,0.996673,0.994038,0.996331,0.996422,0.997025,0.997801,0.998464,1.000000,0.998891,0.998803,0.997940,0.998110,0.998085,0.998526,0.994222,0.997856
0.968315,0.967472,0.972486,0.983736,0.966904,0.968991,0.974953,0.986785,0.969034,0.960362,0.992829,0.989899,0.989287,0.993653,0.988269,0.937906,0.919762,0.728146,0.948319,0.981841,0.978759,0.979233,0.965145,0.977914,0.965999,0.983152,0.979753,0.970677,0.953191,0.909055,0.788526,0.532139,0.024266,0.966569,0.997639,0.995658,0.983039,0.989501,0.995259,0.990454,0.987916,0.990264,0.987856,0.981292,0.990486,0.994530,0.993388,0.994585,0.994152,0.991777,0.995642,0.986209,0.994862,0.991198,0.994364,0.994536,0.995258,0.996457,0.998065,0.998891,1.000000,0.999415,0.997048,0.997333,0.997590,0.998164,0.995306,0.997022
0.972001,0.971340,0.975373,0.986326,0.971081,0.973032,0.978565,0.989315,0.973023,0.964634,0.994558,0.991986,0.991466,0.995238,0.990129,0.942431,0.924453,0.727408,0.951912,0.983940,0.981452,0.982022,0.968742,0.980975,0.969974,0.985992,0.982900,0.974395,0.958030,0.913611,0.792535,0.531739,0.028749,0.970495,0.998466,0.996766,0.985352,0.991618,0.996592,0.992618,0.990240,0.992415,0.990265,0.984226,0.992572,0.995990,0.995089,0.996047,0.995442,0.993630,0.996913,0.988247,0.996172,0.992778,0.995618,0.995705,0.996418,0.997296,0.998660,0.998803,0.999415,1.000000,0.998038,0.998298,0.998382,0.998795,0.995117,0.998054
0.981070,0.980576,0.982043,0.992143,0.980907,0.982796,0.987061,0.994950,0.982809,0.975696,0.998155,0.996292,0.996262,0.998462,0.994729,0.954539,0.934463,0.735143,0.962331,0.989794,0.988543,0.989043,0.978600,0.988372,0.980040,0.992225,0.989904,0.983364,0.968898,0.920859,0.795742,0.534258,0.033803,0.980331,0.999105,0.998018,0.989375,0.995608,0.998681,0.996983,0.995329,0.996932,0.995590,0.991177,0.996907,0.998473,0.998285,0.998832,0.998205,0.997385,0.999016,0.993300,0.998716,0.996691,0.997953,0.998000,0.998643,0.998595,0.998706,0.997940,0.997048,0.998038,1.000000,0.999462,0.998955,0.998994,0.992822,0.999352
0.980233,0.979895,0.981419,0.991821,0.980221,0.982171,0.986533,0.994701,0.982178,0.974755,0.998052,0.996112,0.996043,0.998378,0.994403,0.953094,0.932949,0.732997,0.960965,0.989311,0.987950,0.988554,0.977843,0.987940,0.979415,0.991999,0.989574,0.982699,0.968224,0.920077,0.793400,0.530983,0.035680,0.979441,0.999173,0.998101,0.989579,0.995512,0.998691,0.996870,0.995156,0.996764,0.995323,0.990728,0.996761,0.998484,0.998203,0.998816,0.998142,0.997244,0.999152,0.993115,0.998691,0.996449,0.997919,0.998010,0.998587,0.998622,0.998734,0.998110,0.997333,0.998298,0.999462,1.000000,0.999155,0.999189,0.993229,0.999475
0.978280,0.977890,0.980242,0.990399,0.977928,0.979799,0.984377,0.993120,0.979672,0.971971,0.996955,0.995059,0.994793,0.997377,0.993171,0.950173,0.930866,0.730295,0.958360,0.987774,0.986269,0.986820,0.975295,0.986095,0.976764,0.990370,0.987823,0.980672,0.965366,0.918745,0.794954,0.531824,0.033855,0.977050,0.998904,0.997781,0.988149,0.994525,0.998003,0.995553,0.993780,0.995415,0.993802,0.988870,0.995490,0.997780,0.997262,0.997877,0.997270,0.996304,0.998610,0.991681,0.997923,0.995332,0.997244,0.997350,0.998031,0.998223,0.998514,0.998085,0.997590,0.998382,0.998955,0.999155,1.000000,0.999013,0.993564,0.998899
