1.000000,0.027368,0.103562,-0.013737,0.120611,0.021845,-0.041712,-0.055296,0.000701,-0.020984,-0.023242,0.002872,0.055094,0.002841,-0.090644,0.018966,0.022087,-0.032318,-0.066820,0.022964,-0.090030,-0.085410,-0.048198,0.024349,-0.005398,0.008788,-0.041958,0.034921,-0.016256,0.191354,0.128739,0.019904,0.054082,-0.022371,0.023054,0.084545,-0.045419,-0.045374,0.071882,-0.031320,-0.004846,0.022240,0.044098,-0.044135,-0.039051,-0.017760,0.001359,0.012779,0.117829,0.053608,-0.028686,-0.038164,-0.045428,-0.057835,-0.026985,0.076529,0.083741,0.071558,-0.036458,-0.001990,-0.046568,-0.020429,0.080702,-0.104883,0.019887,-0.011917,-0.049165,0.009343
0.027368,1.000000,-0.004012,-0.009331,0.095816,0.061905,-0.023198,-0.078712,0.065761,-0.041323,-0.110762,-0.000784,0.017808,-0.032011,0.034716,-0.009966,-0.014977,-0.022393,-0.013070,0.116377,-0.075448,0.075275,-0.039217,-0.077408,-0.011440,-0.022447,-0.071923,0.026355,0.070916,-0.004332,0.010646,0.027573,-0.024446,-0.013226,0.041843,0.028717,0.086301,-0.016080,0.007498,0.051980,0.022358,-0.031094,-0.028042,0.002241,0.010380,-0.003055,0.013430,-0.013758,-0.019107,-0.017887,0.081200,0.038304,-0.009547,-0.010684,-0.037621,-0.011293,-0.006564,0.141921,0.003911,0.013237,-0.034026,0.007745,-0.022640,0.067068,-0.056703,0.045690,-0.051799,-0.009243
0.103562,-0.004012,1.000000,0.026990,0.056603,-0.047632,-0.011417,0.036804,0.011364,0.022204,-0.054376,0.042896,0.015749,-0.055069,-0.036552,0.018324,-0.014906,-0.025790,0.062562,-0.004743,-0.043785,-0.049213,0.082677,-0.021005,0.013499,0.045277,0.020862,-0.011829,0.054730,-0.077188,0.025767,-0.034831,-0.028838,0.065024,0.003218,0.026878,-0.018929,0.009872,0.076680,-0.053502,0.046075,-0.010450,0.090674,-0.042438,-0.089520,-0.029192,-0.096483,-0.009628,-0.047561,0.058420,-0.026152,0.101768,-0.006820,-0.029107,-0.015675,-0.010270,0.000457,0.047958,-0.088577,0.003994,0.002799,-0.021070,0.025454,-0.023043,0.083259,0.098744,0.018872,-0.081542
-0.013737,-0.009331,0.026990,1.000000,-0.046923,0.007976,-0.004266,0.038015,-0.067284,0.101934,0.052690,0.003627,0.020263,0.008197,0.009407,0.070446,0.001339,-0.030282,-0.011240,0.003177,0.054294,-0.016951,0.119496,0.049889,0.011417,0.030759,-0.053839,0.069051,0.023763,0.004633,-0.112618,0.004928,0.002765,-0.021977,0.016979,-0.035588,0.035363,0.057209,-0.013033,0.084160,0.169954,0.030390,-0.048670,-0.029437,0.078350,0.030679,-0.020021,-0.024603,-0.076367,0.022934,-0.038690,-0.039408,0.036985,0.025648,-0.009362,-0.008758,-0.061242,-0.053415,0.048414,-0.044096,0.031143,-0.022488,-0.079184,0.010729,-0.053504,-0.006406,0.084770,0.001618
0.120611,0.095816,0.056603,-0.046923,1.000000,-0.059538,0.009369,-0.056164,0.063933,-0.043101,-0.053275,0.053746,-0.032841,-0.049275,0.041417,-0.031904,0.046031,0.049167,0.026823,0.106092,-0.081112,0.079564,0.018437,0.030146,-0.095077,0.041609,-0.061533,-0.033526,-0.055773,-0.050810,0.045579,0.025554,-0.031995,-0.011571,-0.026281,0.038117,0.022091,-0.114094,-0.004213,-0.020084,-0.002400,0.028155,0.031573,0.013306,0.045021,-0.001077,-0.125534,-0.001290,-0.101192,-0.009654,-0.030017,-0.015895,-0.012479,0.123063,-0.005022,0.053626,0.032178,-0.006336,-0.012918,-0.023151,-0.039438,0.022361,-0.045123,0.064316,-0.087699,0.159196,0.036250,-0.011023
0.021845,0.061905,-0.047632,0.007976,-0.059538,1.000000,-0.030305,0.015262,0.103166,0.032877,-0.048773,0.001150,0.068252,0.040442,-0.044410,-0.083973,-0.019700,-0.052003,-0.048543,-0.081303,-0.030586,-0.057444,-0.032054,0.057352,-0.009729,-0.081752,-0.019689,-0.038265,-0.012791,-0.011223,0.002130,0.018315,0.062137,-0.032353,-0.041399,-0.048683,-0.001432,0.127715,-0.002565,-0.001443,-0.063078,0.078876,-0.008990,0.001244,-0.028625,-0.040360,-0.020555,-0.041175,-0.037304,0.032493,0.020401,-0.006037,-0.066174,0.073237,-0.048740,-0.040090,0.040396,-0.071846,-0.047592,0.042159,-0.047293,0.027343,0.031567,-0.099791,0.048081,-0.028877,-0.027613,0.021914
-0.041712,-0.023198,-0.011417,-0.004266,0.009369,-0.030305,1.000000,0.030421,-0.016778,-0.023527,-0.025079,-0.046333,-0.064652,0.002140,-0.062308,0.012250,-0.015292,0.043957,0.073991,-0.060295,-0.044821,0.010732,0.017954,-0.019844,0.000456,-0.005442,-0.004127,0.028110,0.023588,0.021765,0.009316,-0.022059,-0.010070,-0.052156,0.027451,-0.072618,-0.066344,0.065200,-0.035339,-0.033620,0.050728,-0.001165,0.084341,0.045053,-0.011483,-0.029186,0.022799,0.045872,-0.044438,0.005294,0.050548,-0.116463,-0.095463,0.049795,-0.016583,0.046505,0.042386,0.060717,-0.001680,0.095706,-0.000379,-0.022072,-0.004926,0.039837,0.048707,0.047789,-0.061956,0.003452
-0.055296,-0.078712,0.036804,0.038015,-0.056164,0.015262,0.030421,1.000000,-0.098391,0.086955,0.112187,-0.020579,0.148105,0.054237,-0.004923,-0.011963,-0.063468,0.004795,0.015501,0.038541,-0.009299,-0.034111,0.023547,0.115879,-0.021356,-0.000971,0.013290,-0.006754,-0.015637,-0.026585,-0.042040,-0.079255,0.026588,-0.039584,0.096378,-0.036699,-0.051452,0.124413,0.050868,0.083913,0.047602,-0.000393,0.122055,-0.054912,-0.003467,0.038890,-0.000006,0.034649,-0.021801,-0.037487,0.047715,-0.004576,-0.055491,0.004093,0.133968,-0.039360,-0.041383,-0.149402,0.036502,-0.019472,-0.085290,-0.001562,-0.049134,-0.046551,0.022700,-0.001530,0.047905,0.052724
0.000701,0.065761,0.011364,-0.067284,0.063933,0.103166,-0.016778,-0.098391,1.000000,-0.097978,-0.015518,-0.029741,0.025451,0.066431,-0.007205,0.076177,0.035067,0.002017,0.024598,0.012222,-0.066977,0.096731,-0.067134,-0.038634,0.077813,0.106903,0.024597,0.058932,-0.041742,0.036442,0.139243,0.005780,-0.015894,-0.034045,0.009194,0.015272,0.024326,-0.047418,0.025326,-0.017144,-0.045904,0.014671,-0.008513,0.014806,0.051010,-0.086498,0.023498,0.087508,0.077880,0.027628,-0.124832,-0.024573,0.015421,0.005177,0.047323,0.059995,-0.001939,-0.013710,-0.033417,-0.013104,0.026340,-0.070075,-0.002453,0.056684,0.062960,0.029737,-0.026382,0.011035
-0.020984,-0.041323,0.022204,0.101934,-0.043101,0.032877,-0.023527,0.086955,-0.097978,1.000000,0.041426,0.021007,0.012522,0.002086,-0.023613,0.113189,-0.052747,-0.013076,-0.031691,-0.038913,0.004938,-0.009598,-0.041443,0.059008,-0.011298,-0.106902,-0.021190,0.057641,0.064660,0.068422,-0.011532,-0.071197,0.014977,0.012629,-0.038978,0.011194,-0.036713,-0.018191,-0.011505,0.055017,0.117841,0.034688,-0.037067,-0.002079,-0.045026,-0.039449,-0.052136,-0.079339,-0.056170,0.014574,-0.004350,0.026255,-0.006235,0.080311,0.090423,-0.024048,0.003405,-0.014767,-0.002789,-0.029637,0.025677,-0.023067,-0.023967,-0.022001,0.016223,0.031246,-0.001002,0.023700
-0.023242,-0.110762,-0.054376,0.052690,-0.053275,-0.048773,-0.025079,0.112187,-0.015518,0.041426,1.000000,-0.006361,0.023936,0.141704,0.030454,0.002862,0.025176,0.042841,-0.113306,-0.061485,-0.036288,0.043315,0.013982,-0.001422,-0.043475,0.014416,0.099804,-0.012452,-0.029519,-0.012572,-0.050611,0.038912,0.042107,-0.018107,0.013020,-0.023186,0.028067,-0.031520,-0.040011,0.016968,0.025087,-0.040864,0.031205,-0.037585,-0.061388,0.061620,0.007920,-0.063870,0.013068,0.058433,-0.165501,-0.030636,0.046829,-0.006120,-0.009041,-0.042965,-0.032694,-0.049980,-0.059335,0.002877,0.027715,0.026218,0.007991,0.079793,0.037787,0.071359,0.049886,0.041868
0.002872,-0.000784,0.042896,0.003627,0.053746,0.001150,-0.046333,-0.020579,-0.029741,0.021007,-0.006361,1.000000,0.025568,-0.006504,-0.125266,0.054069,0.040464,-0.020689,-0.090279,0.034570,-0.050477,-0.026640,-0.007601,0.038733,-0.019882,-0.042179,0.039890,0.017545,0.009284,0.039498,-0.040177,0.031586,-0.022598,0.099761,-0.046825,0.029824,0.046890,-0.073580,0.092591,0.021976,-0.007005,0.007776,-0.012841,-0.073459,-0.059481,-0.067376,-0.055529,-0.040025,-0.001168,0.071876,0.016540,-0.093022,0.037013,-0.076878,0.032804,-0.006186,0.037146,0.000484,-0.076082,-0.075375,0.023305,0.090661,-0.037788,-0.078159,0.043434,0.002003,0.026913,0.068441
0.055094,0.017808,0.015749,0.020263,-0.032841,0.068252,-0.064652,0.148105,0.025451,0.012522,0.023936,0.025568,1.000000,0.066301,0.016602,-0.002994,-0.001291,0.069720,-0.049061,0.010547,-0.038846,0.013059,0.013287,0.101811,-0.015024,-0.049821,-0.020865,0.015425,-0.008125,0.031950,-0.067416,0.079229,0.039248,-0.067054,0.015776,0.103279,-0.007733,-0.003012,0.110855,0.035594,0.014142,0.076037,0.005346,-0.033675,0.059744,0.045791,0.026427,0.028828,-0.028156,-0.089960,-0.023889,-0.113116,0.065129,0.053937,0.027772,-0.009692,0.063852,-0.006096,-0.101414,-0.041771,-0.019069,-0.011759,0.027766,-0.040422,0.047842,0.047664,0.086375,-0.006155
0.002841,-0.032011,-0.055069,0.008197,-0.049275,0.040442,0.002140,0.054237,0.066431,0.002086,0.141704,-0.006504,0.066301,1.000000,0.073285,-0.039008,0.078350,0.081705,-0.009456,-0.054801,-0.017386,0.012625,0.032833,0.026201,0.039695,-0.000273,0.030629,-0.002042,-0.026233,0.114569,0.011885,-0.063706,0.050987,-0.076113,0.038630,0.025142,0.030263,0.049993,0.009668,0.087698,0.016979,-0.018148,-0.037748,0.085134,-0.049148,-0.025235,-0.027011,0.007907,0.003695,-0.024352,0.017012,0.051448,-0.030072,-0.002737,0.026566,0.044421,-0.018456,-0.063130,-0.030507,0.066507,0.005731,-0.033469,-0.016490,-0.075162,0.054300,0.034243,-0.031910,0.025354
-0.090644,0.034716,-0.036552,0.009407,0.041417,-0.044410,-0.062308,-0.004923,-0.007205,-0.023613,0.030454,-0.125266,0.016602,0.073285,1.000000,-0.095244,0.043375,0.064357,-0.049091,0.088338,0.068400,0.051824,-0.016273,-0.004731,-0.068246,-0.020156,-0.103668,-0.094857,0.006180,-0.017521,-0.060599,-0.100072,-0.032879,0.020590,0.046430,0.015065,-0.056520,0.020078,-0.000892,-0.002965,0.012815,0.010699,-0.014463,0.052944,0.052968,-0.014127,-0.011294,-0.004802,0.030933,-0.016108,0.039360,0.083170,0.009516,0.065909,0.052402,0.011764,-0.066818,0.044125,-0.019333,-0.010841,0.084608,-0.023306,-0.028788,-0.005490,-0.069650,0.066351,0.050313,-0.012105
0.018966,-0.009966,0.018324,0.070446,-0.031904,-0.083973,0.012250,-0.011963,0.076177,0.113189,0.002862,0.054069,-0.002994,-0.039008,-0.095244,1.000000,-0.067444,-0.003872,-0.058301,0.039679,-0.053768,0.051428,0.054620,0.030171,0.018984,0.017515,0.102919,0.055487,-0.036642,0.019775,0.063289,0.018130,0.007673,0.057164,-0.023117,-0.034655,-0.024149,-0.019951,0.026551,-0.000462,-0.021787,0.038415,-0.072066,-0.045185,0.051810,-0.022430,0.017991,-0.058180,0.038723,0.071120,-0.021764,-0.041749,-0.020268,-0.000463,-0.045464,0.129472,-0.118194,-0.064879,0.034498,-0.004514,0.078790,-0.061737,0.012139,0.016364,0.049963,-0.006506,0.025439,0.070284
0.022087,-0.014977,-0.014906,0.001339,0.046031,-0.019700,-0.015292,-0.063468,0.035067,-0.052747,0.025176,0.040464,-0.001291,0.078350,0.043375,-0.067444,1.000000,-0.030632,-0.010986,-0.037129,-0.013783,0.030543,-0.033702,-0.024839,-0.090831,-0.059826,-0.022495,-0.044039,0.001970,0.026032,-0.001096,-0.036526,0.032965,-0.056792,-0.014054,-0.003209,0.076461,0.010906,0.014455,-0.001631,0.038622,-0.028118,-0.057470,-0.005339,-0.077416,-0.059579,0.020294,0.000664,-0.087114,-0.054470,-0.071923,-0.023763,0.059575,0.022304,-0.067148,0.016666,0.016025,0.005496,-0.013614,0.072043,0.131204,0.041690,0.022772,-0.062475,-0.065706,-0.088672,-0.006952,0.017746
-0.032318,-0.022393,-0.025790,-0.030282,0.049167,-0.052003,0.043957,0.004795,0.002017,-0.013076,0.042841,-0.020689,0.069720,0.081705,0.064357,-0.003872,-0.030632,1.000000,0.017255,0.020866,-0.018387,0.065390,-0.057434,0.006137,0.120393,0.031941,-0.100995,0.041038,-0.022472,0.002887,-0.023751,-0.013259,0.014072,-0.003384,0.047836,0.073555,0.029429,-0.003020,-0.042915,0.015954,0.088386,0.072052,0.067694,0.120467,-0.045018,-0.042385,0.045099,0.007250,-0.005530,0.014154,0.001536,-0.000352,-0.046343,-0.034898,0.059674,-0.033485,0.057872,-0.035955,-0.037840,0.022404,0.097740,-0.090007,-0.009102,0.059382,0.020898,0.060402,-0.090768,0.040904
-0.066820,-0.013070,0.062562,-0.011240,0.026823,-0.048543,0.073991,0.015501,0.024598,-0.031691,-0.113306,-0.090279,-0.049061,-0.009456,-0.049091,-0.058301,-0.010986,0.017255,1.000000,-0.033793,0.004331,0.037852,-0.032921,-0.024377,0.005890,-0.001497,-0.052904,0.031375,-0.084638,0.014764,-0.101145,0.126802,-0.027202,-0.038701,0.031890,0.034970,-0.016391,0.093871,0.005591,-0.010361,-0.103547,-0.068030,0.051553,0.048551,-0.024352,-0.018413,-0.030860,-0.007443,0.006510,0.101149,-0.005170,0.065651,0.001896,-0.019000,-0.032503,-0.041529,-0.015314,0.069429,-0.028220,0.130673,-0.113496,-0.040310,0.068530,0.006285,-0.020260,-0.020546,-0.015894,-0.063622
0.022964,0.116377,-0.004743,0.003177,0.106092,-0.081303,-0.060295,0.038541,0.012222,-0.038913,-0.061485,0.034570,0.010547,-0.054801,0.088338,0.039679,-0.037129,0.020866,-0.033793,1.000000,0.017160,0.037687,0.051292,0.039837,0.087732,0.029968,-0.057454,0.012354,0.036362,0.065785,-0.021910,-0.033614,-0.010650,0.016032,0.037986,0.026034,-0.013146,-0.056085,-0.040318,0.032612,-0.001560,-0.048010,-0.007283,-0.019066,0.009198,0.027545,-0.001366,-0.064984,0.010405,-0.074243,-0.071606,0.048614,-0.034217,-0.000653,-0.029210,-0.043810,0.033339,0.010129,-0.000222,-0.075986,-0.078235,-0.002895,0.032481,-0.011415,-0.007033,0.060110,0.033290,-0.035798
-0.090030,-0.075448,-0.043785,0.054294,-0.081112,-0.030586,-0.044821,-0.009299,-0.066977,0.004938,-0.036288,-0.050477,-0.038846,-0.017386,0.068400,-0.053768,-0.013783,-0.018387,0.004331,0.017160,1.000000,0.107982,-0.030730,0.034579,0.019323,0.025596,-0.059274,0.086936,-0.012529,0.074693,-0.052447,-0.032600,0.023230,0.006008,0.071643,0.049041,0.007585,0.001333,-0.022486,0.124681,-0.010106,-0.001002,0.029491,-0.024487,-0.014623,0.044909,0.006042,0.001995,0.009782,0.048033,0.048307,0.042509,0.056407,0.031869,0.066936,-0.082292,-0.004416,0.057216,-0.008331,-0.093912,0.007442,-0.025321,0.002586,-0.015975,-0.011361,-0.043729,0.024851,0.018474
-0.085410,0.075275,-0.049213,-0.016951,0.079564,-0.057444,0.010732,-0.034111,0.096731,-0.009598,0.043315,-0.026640,0.013059,0.012625,0.051824,0.051428,0.030543,0.065390,0.037852,0.037687,0.107982,1.000000,0.101837,0.107266,-0.022845,0.048962,0.050894,0.105803,-0.056972,0.014323,0.015176,0.072287,0.041105,0.059907,-0.056281,0.051190,0.039007,0.010026,0.001516,0.054471,-0.025198,-0.045705,0.014314,0.043125,0.005544,-0.017516,0.016650,-0.042404,-0.063634,0.016307,-0.015251,0.041358,-0.032962,0.026504,0.062171,-0.070987,0.003060,-0.043169,-0.052646,-0.111207,0.020730,-0.020122,0.029696,0.063117,-0.103271,0.056649,-0.012287,0.032761
-0.048198,-0.039217,0.082677,0.119496,0.018437,-0.032054,0.017954,0.023547,-0.067134,-0.041443,0.013982,-0.007601,0.013287,0.032833,-0.016273,0.054620,-0.033702,-0.057434,-0.032921,0.051292,-0.030730,0.101837,1.000000,0.018004,-0.016006,0.052739,-0.003128,0.012889,-0.028354,0.060424,0.007571,-0.057727,0.074186,-0.018854,0.016231,-0.033987,-0.040136,0.002514,-0.067867,0.050689,-0.016018,-0.051655,-0.037771,-0.089430,0.042632,0.027772,-0.084488,-0.091663,-0.029591,-0.000413,0.041702,0.032561,0.069881,-0.025937,0.089321,0.025038,-0.000280,0.104707,0.079784,-0.016325,0.050727,0.036381,-0.054044,0.009030,0.017829,0.068617,-0.018893,0.010038
0.024349,-0.077408,-0.021005,0.049889,0.030146,0.057352,-0.019844,0.115879,-0.038634,0.059008,-0.001422,0.038733,0.101811,0.026201,-0.004731,0.030171,-0.024839,0.006137,-0.024377,0.039837,0.034579,0.107266,0.018004,1.000000,-0.042779,-0.015822,-0.005231,-0.075699,-0.004605,0.035405,-0.003524,0.040125,0.010540,-0.042555,-0.031771,-0.021406,-0.043913,-0.016647,-0.049880,0.057085,0.081986,-0.005212,0.056906,0.032439,-0.016304,-0.112312,0.003426,-0.030062,-0.020536,-0.025685,-0.060683,0.051949,0.001596,0.075044,0.063427,-0.050302,0.025041,-0.037446,0.027087,-0.039880,-0.025355,-0.007522,0.026018,-0.009909,-0.025455,0.046004,-0.113833,0.015501
-0.005398,-0.011440,0.013499,0.011417,-0.095077,-0.009729,0.000456,-0.021356,0.077813,-0.011298,-0.043475,-0.019882,-0.015024,0.039695,-0.068246,0.018984,-0.090831,0.120393,0.005890,0.087732,0.019323,-0.022845,-0.016006,-0.042779,1.000000,-0.009306,0.003628,0.064395,-0.035391,0.022683,0.058934,0.053056,0.092230,0.005093,0.038286,-0.000821,0.012158,0.075442,-0.012065,-0.010901,0.033592,0.008308,0.048990,-0.032988,0.013626,-0.045247,0.026266,0.072048,0.028959,-0.043534,-0.019921,0.029698,-0.050141,-0.136648,0.027835,0.042274,-0.032358,-0.016781,0.010464,0.034858,0.013874,-0.021638,-0.004849,0.011331,0.046213,0.043677,0.002163,0.029813
0.008788,-0.022447,0.045277,0.030759,0.041609,-0.081752,-0.005442,-0.000971,0.106903,-0.106902,0.014416,-0.042179,-0.049821,-0.000273,-0.020156,0.017515,-0.059826,0.031941,-0.001497,0.029968,0.025596,0.048962,0.052739,-0.015822,-0.009306,1.000000,0.044811,0.037763,-0.072306,-0.011196,0.018510,0.017282,0.015290,0.018176,-0.042378,-0.006326,0.010529,-0.013065,0.039289,-0.069709,-0.002348,0.005371,0.004378,0.062151,0.092000,-0.062660,0.125183,-0.016317,0.085842,-0.071393,0.056243,-0.002257,-0.005448,-0.048908,0.062388,-0.025107,-0.045403,0.095526,0.028140,-0.004819,0.031794,0.021872,0.058915,-0.001925,0.010565,0.070203,0.044495,0.033097
-0.041958,-0.071923,0.020862,-0.053839,-0.061533,-0.019689,-0.004127,0.013290,0.024597,-0.021190,0.099804,0.039890,-0.020865,0.030629,-0.103668,0.102919,-0.022495,-0.100995,-0.052904,-0.057454,-0.059274,0.050894,-0.003128,-0.005231,0.003628,0.044811,1.000000,-0.069387,-0.069098,-0.079007,0.061581,0.066634,0.044691,0.065940,-0.021658,-0.051709,0.058745,0.034713,-0.020738,-0.030816,-0.067717,-0.012688,-0.022459,-0.009918,-0.009137,-0.010845,-0.103705,-0.004474,-0.021934,-0.043492,0.041793,-0.007294,-0.057511,0.005108,0.020443,-0.047600,-0.051503,0.011183,0.042364,0.017389,-0.061491,0.121503,0.031308,0.079794,0.036869,-0.059779,-0.067211,0.010258
0.034921,0.026355,-0.011829,0.069051,-0.033526,-0.038265,0.028110,-0.006754,0.058932,0.057641,-0.012452,0.017545,0.015425,-0.002042,-0.094857,0.055487,-0.044039,0.041038,0.031375,0.012354,0.086936,0.105803,0.012889,-0.075699,0.064395,0.037763,-0.069387,1.000000,-0.049457,0.108568,-0.014865,-0.007795,-0.000507,0.012949,-0.053117,0.034737,-0.154347,-0.048809,0.100663,-0.008127,0.074314,-0.036209,0.002379,0.072403,0.032271,-0.004768,-0.025019,-0.017921,0.079848,0.038019,0.028402,-0.036133,-0.075751,-0.041863,0.012852,0.035027,0.085058,0.045522,0.063659,0.014260,-0.018461,-0.035428,0.040135,-0.070750,-0.000348,-0.011420,-0.032385,-0.003204
-0.016256,0.070916,0.054730,0.023763,-0.055773,-0.012791,0.023588,-0.015637,-0.041742,0.064660,-0.029519,0.009284,-0.008125,-0.026233,0.006180,-0.036642,0.001970,-0.022472,-0.084638,0.036362,-0.012529,-0.056972,-0.028354,-0.004605,-0.035391,-0.072306,-0.069098,-0.049457,1.000000,-0.087800,0.032309,-0.053876,-0.077152,-0.037125,-0.041149,0.063838,-0.072133,-0.053810,0.028183,-0.029157,-0.011482,0.005308,0.023242,0.056933,-0.002810,-0.002476,0.026927,-0.029400,-0.043147,0.011844,-0.042623,0.050815,0.072700,-0.062185,0.012045,0.033502,0.013594,0.023872,-0.054200,-0.077807,-0.052923,0.026247,-0.004959,-0.003025,0.045371,-0.014257,0.041893,-0.037362
0.191354,-0.004332,-0.077188,0.004633,-0.050810,-0.011223,0.021765,-0.026585,0.036442,0.068422,-0.012572,0.039498,0.031950,0.114569,-0.017521,0.019775,0.026032,0.002887,0.014764,0.065785,0.074693,0.014323,0.060424,0.035405,0.022683,-0.011196,-0.079007,0.108568,-0.087800,1.000000,0.037201,0.035245,-0.002547,-0.010452,0.033573,0.079362,0.027945,0.005887,0.017884,0.048068,0.000916,-0.005200,0.082996,-0.072848,-0.041622,-0.021523,0.017606,0.019649,0.057118,0.048208,0.034771,-0.009117,-0.008011,-0.081937,-0.036044,0.086485,-0.031166,-0.007640,-0.099168,0.056528,-0.033039,0.004081,0.131147,-0.130449,0.050866,-0.045795,0.033982,-0.008098
0.128739,0.010646,0.025767,-0.112618,0.045579,0.002130,0.009316,-0.042040,0.139243,-0.011532,-0.050611,-0.040177,-0.067416,0.011885,-0.060599,0.063289,-0.001096,-0.023751,-0.101145,-0.021910,-0.052447,0.015176,0.007571,-0.003524,0.058934,0.018510,0.061581,-0.014865,0.032309,0.037201,1.000000,0.058564,0.004513,0.028673,0.032230,-0.014313,-0.004198,-0.067945,0.048147,-0.062442,-0.020921,-0.023920,0.092518,-0.028009,-0.042469,-0.027543,0.003793,0.060213,0.033215,-0.017049,0.023471,-0.007285,-0.009914,-0.024727,-0.020911,0.119170,0.076952,-0.004074,0.046089,-0.082670,-0.042522,0.076682,0.069236,0.078382,0.012199,-0.006495,0.049705,0.060948
0.019904,0.027573,-0.034831,0.004928,0.025554,0.018315,-0.022059,-0.079255,0.005780,-0.071197,0.038912,0.031586,0.079229,-0.063706,-0.100072,0.018130,-0.036526,-0.013259,0.126802,-0.033614,-0.032600,0.072287,-0.057727,0.040125,0.053056,0.017282,0.066634,-0.007795,-0.053876,0.035245,0.058564,1.000000,-0.034332,0.044241,0.004720,0.026100,0.030451,0.016142,0.003610,0.022752,-0.015036,-0.012428,0.061496,-0.030914,-0.010849,-0.014929,-0.066789,0.025296,-0.071039,0.095535,-0.088305,0.020012,0.095847,0.039479,-0.071377,-0.021940,0.058895,0.056207,-0.019436,0.023117,-0.063377,-0.004884,0.022712,0.045475,-0.059855,-0.011669,-0.042247,0.037093
0.054082,-0.024446,-0.028838,0.002765,-0.031995,0.062137,-0.010070,0.026588,-0.015894,0.014977,0.042107,-0.022598,0.039248,0.050987,-0.032879,0.007673,0.032965,0.014072,-0.027202,-0.010650,0.023230,0.041105,0.074186,0.010540,0.092230,0.015290,0.044691,-0.000507,-0.077152,-0.002547,0.004513,-0.034332,1.000000,0.033336,0.032010,-0.025402,0.096786,0.048583,-0.095393,0.062332,0.001316,-0.101078,-0.002474,0.039698,0.001276,0.033440,0.067348,-0.020691,-0.030077,-0.069670,-0.002462,0.023306,-0.015422,0.002671,-0.019843,0.037478,0.038607,-0.020020,-0.017968,0.022019,-0.000478,0.020901,-0.021829,0.026033,-0.004979,0.035808,0.066536,0.041647
-0.022371,-0.013226,0.065024,-0.021977,-0.011571,-0.032353,-0.052156,-0.039584,-0.034045,0.012629,-0.018107,0.099761,-0.067054,-0.076113,0.020590,0.057164,-0.056792,-0.003384,-0.038701,0.016032,0.006008,0.059907,-0.018854,-0.042555,0.005093,0.018176,0.065940,0.012949,-0.037125,-0.010452,0.028673,0.044241,0.033336,1.000000,0.002956,-0.024044,0.014132,0.002691,-0.033157,0.009693,-0.014926,0.048136,0.026058,0.058290,-0.010127,0.034427,-0.025988,-0.021062,0.145368,0.039177,-0.012319,-0.028268,-0.020759,-0.097414,0.046346,0.012670,0.027689,0.107875,-0.098148,-0.016946,-0.040612,-0.059988,-0.010145,-0.054187,0.066985,-0.071263,0.057789,0.062354
0.023054,0.041843,0.003218,0.016979,-0.026281,-0.041399,0.027451,0.096378,0.009194,-0.038978,0.013020,-0.046825,0.015776,0.038630,0.046430,-0.023117,-0.014054,0.047836,0.031890,0.037986,0.071643,-0.056281,0.016231,-0.031771,0.038286,-0.042378,-0.021658,-0.053117,-0.041149,0.033573,0.032230,0.004720,0.032010,0.002956,1.000000,0.013494,-0.022860,0.029325,-0.081787,0.057481,0.059757,-0.002923,0.051951,-0.040011,-0.038241,0.006923,0.002361,0.002411,-0.074098,0.057478,0.041329,-0.024581,0.020421,0.035957,-0.026740,0.073382,-0.007764,-0.047189,0.039991,-0.050487,-0.008986,-0.011572,-0.041579,0.051308,-0.025697,-0.043150,0.110907,0.055877
0.084545,0.028717,0.026878,-0.035588,0.038117,-0.048683,-0.072618,-0.036699,0.015272,0.011194,-0.023186,0.029824,0.103279,0.025142,0.015065,-0.034655,-0.003209,0.073555,0.034970,0.026034,0.049041,0.051190,-0.033987,-0.021406,-0.000821,-0.006326,-0.051709,0.034737,0.063838,0.079362,-0.014313,0.026100,-0.025402,-0.024044,0.013494,1.000000,-0.014043,-0.067031,-0.009490,-0.009815,0.076860,-0.048896,-0.012208,0.061233,0.007070,-0.065246,-0.074596,0.034697,0.085346,-0.048390,0.090235,-0.032616,0.006639,0.000713,0.048543,0.070170,-0.018510,0.063220,-0.066942,0.027650,-0.023193,-0.051528,0.005081,0.008096,0.024298,0.081918,-0.002345,0.095034
-0.045419,0.086301,-0.018929,0.035363,0.022091,-0.001432,-0.066344,-0.051452,0.024326,-0.036713,0.028067,0.046890,-0.007733,0.030263,-0.056520,-0.024149,0.076461,0.029429,-0.016391,-0.013146,0.007585,0.039007,-0.040136,-0.043913,0.012158,0.010529,0.058745,-0.154347,-0.072133,0.027945,-0.004198,0.030451,0.096786,0.014132,-0.022860,-0.014043,1.000000,-0.068634,0.016972,-0.037232,0.038793,-0.030141,0.052605,0.063458,-0.082468,-0.027630,0.038299,0.055632,-0.106491,-0.036515,-0.050934,-0.017361,0.040639,-0.082748,-0.049767,-0.131982,-0.086587,0.029754,0.017553,-0.055650,0.008795,0.022283,0.009035,-0.012623,-0.034621,-0.107169,-0.007549,-0.053654
-0.045374,-0.016080,0.009872,0.057209,-0.114094,0.127715,0.065200,0.124413,-0.047418,-0.018191,-0.031520,-0.073580,-0.003012,0.049993,0.020078,-0.019951,0.010906,-0.003020,0.093871,-0.056085,0.001333,0.010026,0.002514,-0.016647,0.075442,-0.013065,0.034713,-0.048809,-0.053810,0.005887,-0.067945,0.016142,0.048583,0.002691,0.029325,-0.067031,-0.068634,1.000000,-0.025763,-0.023156,0.064185,0.007173,0.004646,0.026042,0.013878,-0.051527,0.010770,-0.083061,0.004424,0.025019,0.014576,0.061255,0.037265,0.040358,-0.063506,-0.055248,0.053027,-0.075955,-0.003709,0.069198,-0.060661,-0.015067,0.005872,-0.059319,-0.065037,0.040177,0.018940,0.014983
0.071882,0.007498,0.076680,-0.013033,-0.004213,-0.002565,-0.035339,0.050868,0.025326,-0.011505,-0.040011,0.092591,0.110855,0.009668,-0.000892,0.026551,0.014455,-0.042915,0.005591,-0.040318,-0.022486,0.001516,-0.067867,-0.049880,-0.012065,0.039289,-0.020738,0.100663,0.028183,0.017884,0.048147,0.003610,-0.095393,-0.033157,-0.081787,-0.009490,0.016972,-0.025763,1.000000,-0.067409,-0.024141,0.020943,0.025266,-0.056979,0.010966,-0.018037,0.051666,-0.046232,-0.033023,0.004160,0.036163,-0.015161,0.036168,0.025452,0.042915,-0.013038,0.038191,0.012093,-0.065975,-0.073992,0.022285,-0.048443,-0.059352,-0.034002,0.052075,0.034297,-0.015940,-0.065768
-0.031320,0.051980,-0.053502,0.084160,-0.020084,-0.001443,-0.033620,0.083913,-0.017144,0.055017,0.016968,0.021976,0.035594,0.087698,-0.002965,-0.000462,-0.001631,0.015954,-0.010361,0.032612,0.124681,0.054471,0.050689,0.057085,-0.010901,-0.069709,-0.030816,-0.008127,-0.029157,0.048068,-0.062442,0.022752,0.062332,0.009693,0.057481,-0.009815,-0.037232,-0.023156,-0.067409,1.000000,-0.024822,0.024177,0.005778,-0.032007,0.065529,0.042806,0.014600,0.004366,-0.054156,0.036645,-0.038571,0.047121,0.016078,0.052038,0.053030,-0.021511,0.021059,-0.054313,-0.025817,-0.043268,0.006547,-0.017735,-0.100703,-0.085769,-0.032981,0.051581,0.036729,0.009499
-0.004846,0.022358,0.046075,0.169954,-0.002400,-0.063078,0.050728,0.047602,-0.045904,0.117841,0.025087,-0.007005,0.014142,0.016979,0.012815,-0.021787,0.038622,0.088386,-0.103547,-0.001560,-0.010106,-0.025198,-0.016018,0.081986,0.033592,-0.002348,-0.067717,0.074314,-0.011482,0.000916,-0.020921,-0.015036,0.001316,-0.014926,0.059757,0.076860,0.038793,0.064185,-0.024141,-0.024822,1.000000,-0.015000,0.007732,0.088470,0.071147,-0.037779,0.090646,0.001853,-0.054286,-0.095141,0.009738,0.005606,0.073937,-0.003508,0.063796,-0.013476,-0.022565,-0.086754,-0.004197,-0.016916,0.032056,-0.062399,0.005020,-0.031366,-0.064811,-0.074856,0.042092,0.033153
0.022240,-0.031094,-0.010450,0.030390,0.028155,0.078876,-0.001165,-0.000393,0.014671,0.034688,-0.040864,0.007776,0.076037,-0.018148,0.010699,0.038415,-0.028118,0.072052,-0.068030,-0.048010,-0.001002,-0.045705,-0.051655,-0.005212,0.008308,0.005371,-0.012688,-0.036209,0.005308,-0.005200,-0.023920,-0.012428,-0.101078,0.048136,-0.002923,-0.048896,-0.030141,0.007173,0.020943,0.024177,-0.015000,1.000000,0.017352,-0.060871,-0.082834,-0.014899,0.058525,-0.036512,-0.016736,-0.028847,0.042353,0.026969,0.045297,0.062745,-0.033997,0.065668,-0.019244,0.024120,0.044317,-0.072730,0.037784,-0.026048,-0.073903,-0.009087,0.021295,0.088012,-0.065292,-0.043062
0.044098,-0.028042,0.090674,-0.048670,0.031573,-0.008990,0.084341,0.122055,-0.008513,-0.037067,0.031205,-0.012841,0.005346,-0.037748,-0.014463,-0.072066,-0.057470,0.067694,0.051553,-0.007283,0.029491,0.014314,-0.037771,0.056906,0.048990,0.004378,-0.022459,0.002379,0.023242,0.082996,0.092518,0.061496,-0.002474,0.026058,0.051951,-0.012208,0.052605,0.004646,0.025266,0.005778,0.007732,0.017352,1.000000,0.005741,-0.021714,0.038860,0.001183,0.034427,-0.022246,0.050986,-0.046588,-0.013745,-0.089548,-0.005065,-0.016182,0.018708,0.042965,-0.041537,-0.033808,-0.025190,-0.052499,-0.028492,-0.000570,-0.014919,-0.020024,0.058264,-0.017941,-0.041993
-0.044135,0.002241,-0.042438,-0.029437,0.013306,0.001244,0.045053,-0.054912,0.014806,-0.002079,-0.037585,-0.073459,-0.033675,0.085134,0.052944,-0.045185,-0.005339,0.120467,0.048551,-0.019066,-0.024487,0.043125,-0.089430,0.032439,-0.032988,0.062151,-0.009918,0.072403,0.056933,-0.072848,-0.028009,-0.030914,0.039698,0.058290,-0.040011,0.061233,0.063458,0.026042,-0.056979,-0.032007,0.088470,-0.060871,0.005741,1.000000,0.037106,0.021041,0.048516,0.056227,0.044681,-0.009533,0.038023,0.063004,-0.037384,-0.017413,0.026305,-0.029684,0.142376,-0.057915,-0.055442,0.082641,0.091487,0.000948,0.027468,0.027452,-0.072295,0.044726,0.046892,-0.024889
-0.039051,0.010380,-0.089520,0.078350,0.045021,-0.028625,-0.011483,-0.003467,0.051010,-0.045026,-0.061388,-0.059481,0.059744,-0.049148,0.052968,0.051810,-0.077416,-0.045018,-0.024352,0.009198,-0.014623,0.005544,0.042632,-0.016304,0.013626,0.092000,-0.009137,0.032271,-0.002810,-0.041622,-0.042469,-0.010849,0.001276,-0.010127,-0.038241,0.007070,-0.082468,0.013878,0.010966,0.065529,0.071147,-0.082834,-0.021714,0.037106,1.000000,-0.013719,-0.039524,0.020775,0.027342,-0.147672,0.095020,-0.039196,0.047442,0.012541,0.037709,0.028621,0.009529,-0.086987,0.022941,0.023136,-0.040849,0.046758,-0.017550,0.053698,-0.042826,0.070431,0.063590,-0.066534
-0.017760,-0.003055,-0.029192,0.030679,-0.001077,-0.040360,-0.029186,0.038890,-0.086498,-0.039449,0.061620,-0.067376,0.045791,-0.025235,-0.014127,-0.022430,-0.059579,-0.042385,-0.018413,0.027545,0.044909,-0.017516,0.027772,-0.112312,-0.045247,-0.062660,-0.010845,-0.004768,-0.002476,-0.021523,-0.027543,-0.014929,0.033440,0.034427,0.006923,-0.065246,-0.027630,-0.051527,-0.018037,0.042806,-0.037779,-0.014899,0.038860,0.021041,-0.013719,1.000000,0.070677,0.068109,0.021805,-0.002089,-0.046137,0.011192,0.057762,0.040486,0.073675,0.031027,0.012469,-0.054521,0.061697,0.112401,0.040449,0.005438,-0.043155,0.008705,0.029298,0.000077,0.132602,0.003762
0.001359,0.013430,-0.096483,-0.020021,-0.125534,-0.020555,0.022799,-0.000006,0.023498,-0.052136,0.007920,-0.055529,0.026427,-0.027011,-0.011294,0.017991,0.020294,0.045099,-0.030860,-0.001366,0.006042,0.016650,-0.084488,0.003426,0.026266,0.125183,-0.103705,-0.025019,0.026927,0.017606,0.003793,-0.066789,0.067348,-0.025988,0.002361,-0.074596,0.038299,0.010770,0.051666,0.014600,0.090646,0.058525,0.001183,0.048516,-0.039524,0.070677,1.000000,0.025002,0.002552,0.038399,-0.109822,0.006623,0.012953,-0.047226,0.060265,0.047116,-0.025433,-0.033847,-0.028631,0.019785,-0.068648,-0.086250,0.028791,0.026288,-0.064224,-0.013723,0.060598,-0.021413
0.012779,-0.013758,-0.009628,-0.024603,-0.001290,-0.041175,0.045872,0.034649,0.087508,-0.079339,-0.063870,-0.040025,0.028828,0.007907,-0.004802,-0.058180,0.000664,0.007250,-0.007443,-0.064984,0.001995,-0.042404,-0.091663,-0.030062,0.072048,-0.016317,-0.004474,-0.017921,-0.029400,0.019649,0.060213,0.025296,-0.020691,-0.021062,0.002411,0.034697,0.055632,-0.083061,-0.046232,0.004366,0.001853,-0.036512,0.034427,0.056227,0.020775,0.068109,0.025002,1.000000,-0.051628,-0.104273,-0.043662,-0.002283,-0.024317,0.017367,0.069051,0.024368,-0.023926,-0.053525,0.096972,0.049154,0.054901,-0.017090,-0.058129,0.059353,-0.016563,-0.040534,0.026605,-0.052302
0.117829,-0.019107,-0.047561,-0.076367,-0.101192,-0.037304,-0.044438,-0.021801,0.077880,-0.056170,0.013068,-0.001168,-0.028156,0.003695,0.030933,0.038723,-0.087114,-0.005530,0.006510,0.010405,0.009782,-0.063634,-0.029591,-0.020536,0.028959,0.085842,-0.021934,0.079848,-0.043147,0.057118,0.033215,-0.071039,-0.030077,0.145368,-0.074098,0.085346,-0.106491,0.004424,-0.033023,-0.054156,-0.054286,-0.016736,-0.022246,0.044681,0.027342,0.021805,0.002552,-0.051628,1.000000,0.081164,0.041571,-0.009635,0.061277,-0.042869,0.013164,0.142751,0.000719,0.094993,0.100337,-0.001219,-0.005018,-0.047389,0.109099,-0.004809,0.076060,0.071071,-0.066316,0.040068
0.053608,-0.017887,0.058420,0.022934,-0.009654,0.032493,0.005294,-0.037487,0.027628,0.014574,0.058433,0.071876,-0.089960,-0.024352,-0.016108,0.071120,-0.054470,0.014154,0.101149,-0.074243,0.048033,0.016307,-0.000413,-0.025685,-0.043534,-0.071393,-0.043492,0.038019,0.011844,0.048208,-0.017049,0.095535,-0.069670,0.039177,0.057478,-0.048390,-0.036515,0.025019,0.004160,0.036645,-0.095141,-0.028847,0.050986,-0.009533,-0.147672,-0.002089,0.038399,-0.104273,0.081164,1.000000,-0.028296,0.001594,0.017690,-0.063953,-0.085995,0.099902,-0.088144,0.067393,0.036314,0.038884,0.046728,-0.012847,0.014612,-0.037133,-0.049227,0.036960,-0.091850,-0.002893
-0.028686,0.081200,-0.026152,-0.038690,-0.030017,0.020401,0.050548,0.047715,-0.124832,-0.004350,-0.165501,0.016540,-0.023889,0.017012,0.039360,-0.021764,-0.071923,0.001536,-0.005170,-0.071606,0.048307,-0.015251,0.041702,-0.060683,-0.019921,0.056243,0.041793,0.028402,-0.042623,0.034771,0.023471,-0.088305,-0.002462,-0.012319,0.041329,0.090235,-0.050934,0.014576,0.036163,-0.038571,0.009738,0.042353,-0.046588,0.038023,0.095020,-0.046137,-0.109822,-0.043662,0.041571,-0.028296,1.000000,0.024452,-0.007727,-0.011854,0.021388,-0.017827,0.015930,0.043408,0.091057,-0.009639,0.047306,0.025765,0.068251,-0.039745,0.008010,0.044792,0.025590,-0.011154
-0.038164,0.038304,0.101768,-0.039408,-0.015895,-0.006037,-0.116463,-0.004576,-0.024573,0.026255,-0.030636,-0.093022,-0.113116,0.051448,0.083170,-0.041749,-0.023763,-0.000352,0.065651,0.048614,0.042509,0.041358,0.032561,0.051949,0.029698,-0.002257,-0.007294,-0.036133,0.050815,-0.009117,-0.007285,0.020012,0.023306,-0.028268,-0.024581,-0.032616,-0.017361,0.061255,-0.015161,0.047121,0.005606,0.026969,-0.013745,0.063004,-0.039196,0.011192,0.006623,-0.002283,-0.009635,0.001594,0.024452,1.000000,0.079552,-0.001117,-0.043646,-0.067825,0.083318,-0.062230,-0.014263,0.025966,-0.088570,0.019690,0.046705,-0.040844,-0.080437,0.057633,-0.009305,-0.037342
-0.045428,-0.009547,-0.006820,0.036985,-0.012479,-0.066174,-0.095463,-0.055491,0.015421,-0.006235,0.046829,0.037013,0.065129,-0.030072,0.009516,-0.020268,0.059575,-0.046343,0.001896,-0.034217,0.056407,-0.032962,0.069881,0.001596,-0.050141,-0.005448,-0.057511,-0.075751,0.072700,-0.008011,-0.009914,0.095847,-0.015422,-0.020759,0.020421,0.006639,0.040639,0.037265,0.036168,0.016078,0.073937,0.045297,-0.089548,-0.037384,0.047442,0.057762,0.012953,-0.024317,0.061277,0.017690,-0.007727,0.079552,1.000000,0.010110,-0.022571,0.009758,0.009903,0.050928,-0.047793,-0.056392,-0.057505,-0.002845,-0.097321,0.067052,0.019471,0.041000,0.064343,-0.012512
-0.057835,-0.010684,-0.029107,0.025648,0.123063,0.073237,0.049795,0.004093,0.005177,0.080311,-0.006120,-0.076878,0.053937,-0.002737,0.065909,-0.000463,0.022304,-0.034898,-0.019000,-0.000653,0.031869,0.026504,-0.025937,0.075044,-0.136648,-0.048908,0.005108,-0.041863,-0.062185,-0.081937,-0.024727,0.039479,0.002671,-0.097414,0.035957,0.000713,-0.082748,0.040358,0.025452,0.052038,-0.003508,0.062745,-0.005065,-0.017413,0.012541,0.040486,-0.047226,0.017367,-0.042869,-0.063953,-0.011854,-0.001117,0.010110,1.000000,-0.030692,-0.025566,0.044910,0.070386,0.059245,-0.028512,0.015010,0.032893,0.024644,0.046314,-0.019780,0.098087,0.016801,0.037717
-0.026985,-0.037621,-0.015675,-0.009362,-0.005022,-0.048740,-0.016583,0.133968,0.047323,0.090423,-0.009041,0.032804,0.027772,0.026566,0.052402,-0.045464,-0.067148,0.059674,-0.032503,-0.029210,0.066936,0.062171,0.089321,0.063427,0.027835,0.062388,0.020443,0.012852,0.012045,-0.036044,-0.020911,-0.071377,-0.019843,0.046346,-0.026740,0.048543,-0.049767,-0.063506,0.042915,0.053030,0.063796,-0.033997,-0.016182,0.026305,0.037709,0.073675,0.060265,0.069051,0.013164,-0.085995,0.021388,-0.043646,-0.022571,-0.030692,1.000000,0.024465,0.013383,0.091873,0.069101,-0.048031,0.043213,0.029489,-0.027900,0.032494,-0.067972,0.020833,-0.034370,0.031317
0.076529,-0.011293,-0.010270,-0.008758,0.053626,-0.040090,0.046505,-0.039360,0.059995,-0.024048,-0.042965,-0.006186,-0.009692,0.044421,0.011764,0.129472,0.016666,-0.033485,-0.041529,-0.043810,-0.082292,-0.070987,0.025038,-0.050302,0.042274,-0.025107,-0.047600,0.035027,0.033502,0.086485,0.119170,-0.021940,0.037478,0.012670,0.073382,0.070170,-0.131982,-0.055248,-0.013038,-0.021511,-0.013476,0.065668,0.018708,-0.029684,0.028621,0.031027,0.047116,0.024368,0.142751,0.099902,-0.017827,-0.067825,0.009758,-0.025566,0.024465,1.000000,0.025204,0.022748,0.062071,0.095502,-0.005167,-0.043314,0.013953,0.080497,0.045657,0.008770,-0.005816,0.110023
0.083741,-0.006564,0.000457,-0.061242,0.032178,0.040396,0.042386,-0.041383,-0.001939,0.003405,-0.032694,0.037146,0.063852,-0.018456,-0.066818,-0.118194,0.016025,0.057872,-0.015314,0.033339,-0.004416,0.003060,-0.000280,0.025041,-0.032358,-0.045403,-0.051503,0.085058,0.013594,-0.031166,0.076952,0.058895,0.038607,0.027689,-0.007764,-0.018510,-0.086587,0.053027,0.038191,0.021059,-0.022565,-0.019244,0.042965,0.142376,0.009529,0.012469,-0.025433,-0.023926,0.000719,-0.088144,0.015930,0.083318,0.009903,0.044910,0.013383,0.025204,1.000000,-0.030295,-0.084308,0.096136,-0.019286,-0.014790,-0.048253,0.008978,0.019795,0.015540,-0.046018,-0.073320
0.071558,0.141921,0.047958,-0.053415,-0.006336,-0.071846,0.060717,-0.149402,-0.013710,-0.014767,-0.049980,0.000484,-0.006096,-0.063130,0.044125,-0.064879,0.005496,-0.035955,0.069429,0.010129,0.057216,-0.043169,0.104707,-0.037446,-0.016781,0.095526,0.011183,0.045522,0.023872,-0.007640,-0.004074,0.056207,-0.020020,0.107875,-0.047189,0.063220,0.029754,-0.075955,0.012093,-0.054313,-0.086754,0.024120,-0.041537,-0.057915,-0.086987,-0.054521,-0.033847,-0.053525,0.094993,0.067393,0.043408,-0.062230,0.050928,0.070386,0.091873,0.022748,-0.030295,1.000000,0.048468,0.110786,-0.000305,-0.011464,0.039997,0.024214,-0.036434,-0.028368,0.017329,-0.050082
-0.036458,0.003911,-0.088577,0.048414,-0.012918,-0.047592,-0.001680,0.036502,-0.033417,-0.002789,-0.059335,-0.076082,-0.101414,-0.030507,-0.019333,0.034498,-0.013614,-0.037840,-0.028220,-0.000222,-0.008331,-0.052646,0.079784,0.027087,0.010464,0.028140,0.042364,0.063659,-0.054200,-0.099168,0.046089,-0.019436,-0.017968,-0.098148,0.039991,-0.066942,0.017553,-0.003709,-0.065975,-0.025817,-0.004197,0.044317,-0.033808,-0.055442,0.022941,0.061697,-0.028631,0.096972,0.100337,0.036314,0.091057,-0.014263,-0.047793,0.059245,0.069101,0.062071,-0.084308,0.048468,1.000000,0.026461,0.038530,0.044809,0.057561,0.148734,-0.026799,-0.013161,0.006864,0.050957
-0.001990,0.013237,0.003994,-0.044096,-0.023151,0.042159,0.095706,-0.019472,-0.013104,-0.029637,0.002877,-0.075375,-0.041771,0.066507,-0.010841,-0.004514,0.072043,0.022404,0.130673,-0.075986,-0.093912,-0.111207,-0.016325,-0.039880,0.034858,-0.004819,0.017389,0.014260,-0.077807,0.056528,-0.082670,0.023117,0.022019,-0.016946,-0.050487,0.027650,-0.055650,0.069198,-0.073992,-0.043268,-0.016916,-0.072730,-0.025190,0.082641,0.023136,0.112401,0.019785,0.049154,-0.001219,0.038884,-0.009639,0.025966,-0.056392,-0.028512,-0.048031,0.095502,0.096136,0.110786,0.026461,1.000000,-0.012374,0.015639,0.026489,-0.072734,0.043663,0.033966,-0.004975,-0.009451
-0.046568,-0.034026,0.002799,0.031143,-0.039438,-0.047293,-0.000379,-0.085290,0.026340,0.025677,0.027715,0.023305,-0.019069,0.005731,0.084608,0.078790,0.131204,0.097740,-0.113496,-0.078235,0.007442,0.020730,0.050727,-0.025355,0.013874,0.031794,-0.061491,-0.018461,-0.052923,-0.033039,-0.042522,-0.063377,-0.000478,-0.040612,-0.008986,-0.023193,0.008795,-0.060661,0.022285,0.006547,0.032056,0.037784,-0.052499,0.091487,-0.040849,0.040449,-0.068648,0.054901,-0.005018,0.046728,0.047306,-0.088570,-0.057505,0.015010,0.043213,-0.005167,-0.019286,-0.000305,0.038530,-0.012374,1.000000,0.016766,0.012870,0.037497,0.044750,-0.026586,0.019142,-0.073689
-0.020429,0.007745,-0.021070,-0.022488,0.022361,0.027343,-0.022072,-0.001562,-0.070075,-0.023067,0.026218,0.090661,-0.011759,-0.033469,-0.023306,-0.061737,0.041690,-0.090007,-0.040310,-0.002895,-0.025321,-0.020122,0.036381,-0.007522,-0.021638,0.021872,0.121503,-0.035428,0.026247,0.004081,0.076682,-0.004884,0.020901,-0.059988,-0.011572,-0.051528,0.022283,-0.015067,-0.048443,-0.017735,-0.062399,-0.026048,-0.028492,0.000948,0.046758,0.005438,-0.086250,-0.017090,-0.047389,-0.012847,0.025765,0.019690,-0.002845,0.032893,0.029489,-0.043314,-0.014790,-0.011464,0.044809,0.015639,0.016766,1.000000,0.085046,-0.007357,0.053247,0.044356,0.020311,0.068790
