1.000000,-0.015908,-0.044040,0.049562,-0.002993,-0.042427,-0.056792,0.079672,0.090213,0.043520,0.015413,0.054794,-0.019462,0.065745,0.055281,0.001367,-0.030574,0.041692,-0.010714,-0.019808,-0.012412,-0.017897,0.016104,0.009645,-0.070024,0.006075,0.095462,0.032117,-0.015296,0.017976,-0.002743,-0.184436,0.002545,0.044153,-0.034419,0.014470,-0.018119,-0.076828,-0.003236,0.063374,0.075883,-0.019604,0.106651,0.010677,0.098815,0.063621,0.025057,0.089039,0.066556,-0.079770,-0.030242,0.023332,0.055292,-0.065759,-0.026461,0.060795,-0.023723,-0.052185,0.100358,-0.018620,-0.032518,-0.026737,-0.077959,0.017347,-0.034677,0.047173,-0.133189,-0.008936
-0.015908,1.000000,0.033144,0.006106,-0.024360,0.051772,0.039436,0.040370,-0.020683,0.042097,0.065345,0.028939,0.001075,0.044785,-0.064184,-0.007309,-0.008606,-0.028386,-0.003052,0.015636,-0.001597,0.023337,0.051659,-0.031886,-0.029064,0.048912,0.060174,-0.050634,-0.023568,0.005775,-0.055431,-0.045556,0.048664,-0.039456,0.026937,-0.006704,-0.051552,0.023296,-0.098367,0.043865,-0.005569,0.053809,-0.064924,-0.056217,0.032788,-0.015193,-0.020442,-0.049515,0.052325,-0.031246,-0.006955,0.057163,0.000192,0.019465,0.006233,0.030687,0.076775,-0.012763,-0.028653,-0.009285,-0.112632,-0.004229,-0.007401,0.037590,0.043126,-0.066618,-0.056899,0.055753
-0.044040,0.033144,1.000000,-0.009413,-0.067226,-0.042371,-0.058079,-0.038473,-0.003489,0.026543,-0.027014,-0.024109,-0.048717,-0.011065,0.000947,0.008044,-0.017015,-0.027890,-0.006650,-0.017447,-0.091593,0.093114,0.046544,-0.073416,0.008633,-0.000805,0.120658,0.019595,-0.007831,-0.009992,0.053432,0.038707,-0.004270,-0.023262,0.009891,0.056653,-0.003946,0.014194,-0.019378,-0.011152,0.010998,-0.037513,-0.009702,0.027962,-0.003329,-0.020406,0.011317,0.076326,0.009734,-0.039931,-0.027766,-0.038566,-0.031601,-0.042636,-0.029465,0.047799,-0.073087,0.066606,-0.058532,0.005931,0.015102,0.096669,0.101150,0.036581,0.012598,0.032940,-0.052423,-0.036713
0.049562,0.006106,-0.009413,1.000000,-0.057857,-0.091257,-0.059974,-0.010165,0.014808,0.025690,0.031664,0.022140,-0.026165,0.067688,-0.051842,-0.053731,0.066041,0.041420,-0.061469,0.050799,-0.116216,0.001022,0.030759,0.073329,0.026601,0.030230,0.033173,0.062363,-0.006303,-0.069183,0.033234,-0.008502,-0.010917,-0.020622,0.027244,0.040582,0.089743,0.018569,-0.003733,0.015380,-0.107721,0.011964,-0.008731,0.025564,0.006939,0.074226,-0.005767,-0.067915,-0.001910,0.017561,0.018538,0.068593,-0.020465,-0.058539,-0.068102,-0.023403,-0.074877,-0.095154,-0.066355,0.002654,0.031332,0.020568,-0.086342,0.063759,-0.063932,-0.029189,0.005812,-0.005475
-0.002993,-0.024360,-0.067226,-0.057857,1.000000,0.047562,0.058049,-0.060544,0.029901,-0.032809,-0.010075,0.010564,0.003833,0.035873,-0.006231,0.019927,0.057828,0.034780,-0.023501,-0.042686,0.081476,-0.031446,-0.117901,0.024643,-0.047031,-0.076129,-0.110603,-0.009363,0.009750,-0.008588,0.035379,-0.061349,0.022987,-0.053669,-0.007436,0.039614,-0.037759,0.062490,0.073390,-0.045014,0.048170,-0.119599,-0.117374,0.035780,0.025031,0.031074,0.038413,0.020679,0.076506,-0.006367,0.021760,-0.134155,0.073383,0.077303,0.079035,-0.043075,-0.021530,-0.102401,0.039552,-0.113061,-0.086228,-0.020622,0.047858,0.054721,-0.078529,-0.009902,-0.013211,-0.100436
-0.042427,0.051772,-0.042371,-0.091257,0.047562,1.000000,-0.039361,0.004733,0.019143,-0.073365,-0.092630,-0.075085,-0.057566,-0.028245,-0.016320,0.039520,0.102146,0.049475,-0.023268,0.002277,0.021849,0.073621,0.001772,0.011504,-0.019021,-0.113598,-0.065729,0.011452,-0.009614,-0.052670,-0.007982,0.029265,0.058633,-0.083938,-0.024640,0.057086,0.028777,-0.002252,-0.064499,-0.036180,0.058662,0.015369,-0.009206,-0.028229,0.086868,0.086762,0.027294,-0.048465,-0.047107,-0.009533,0.060919,0.043306,-0.002817,-0.122245,-0.059451,0.095718,-0.062393,0.118059,-0.137938,0.100145,-0.050475,-0.058093,0.015696,0.031552,0.022849,-0.009041,-0.076147,-0.043491
-0.056792,0.039436,-0.058079,-0.059974,0.058049,-0.039361,1.000000,-0.037842,0.068081,-0.039890,0.082610,0.074595,0.016171,0.052846,0.087284,-0.049625,-0.031012,-0.015169,-0.004688,-0.006118,0.056754,0.052958,-0.001665,0.037793,-0.021734,0.132182,0.006418,-0.029955,-0.039746,-0.011493,0.001185,-0.028909,-0.007910,-0.060889,-0.046848,0.049937,-0.105670,0.017576,0.013560,-0.026737,0.031817,0.105395,0.018027,-0.062091,-0.048532,0.033819,0.095838,0.076337,0.013708,0.038759,-0.063900,0.047109,0.051663,-0.011532,0.074447,-0.032737,-0.006634,-0.028071,0.052378,0.035269,-0.037302,-0.069834,0.006407,0.009751,0.037836,0.007515,0.030494,0.008074
0.079672,0.040370,-0.038473,-0.010165,-0.060544,0.004733,-0.037842,1.000000,0.050778,-0.011741,-0.035310,0.079656,0.141309,0.007061,-0.024171,0.040424,-0.033047,-0.027089,-0.005619,0.102529,0.028473,-0.026141,-0.040820,-0.027204,0.020962,0.095606,0.006685,-0.008991,0.007636,0.106259,-0.035655,-0.023268,-0.003635,-0.023150,0.010875,-0.040674,-0.013340,0.085587,0.028948,0.112435,0.050477,0.210445,-0.063909,0.022727,0.067554,0.023406,0.018929,-0.015199,0.070905,-0.058011,0.147413,0.038114,-0.050123,-0.068392,-0.032070,-0.035590,0.014425,0.107354,-0.083952,-0.009102,-0.072178,0.016997,0.120433,-0.083663,0.090919,0.010985,0.046407,-0.036354
0.090213,-0.020683,-0.003489,0.014808,0.029901,0.019143,0.068081,0.050778,1.000000,0.038833,-0.048745,0.017413,0.027258,-0.023008,0.018529,0.026049,-0.084957,0.037105,0.026731,-0.019248,-0.011067,0.010207,-0.050875,-0.026974,-0.005907,-0.000287,-0.040093,0.049203,0.102750,0.055213,0.018133,-0.057296,-0.033489,0.008471,0.031647,0.041012,0.008557,-0.005178,0.074095,0.125692,-0.029705,0.046041,-0.061003,-0.030023,-0.000280,0.046473,-0.018956,0.026812,0.062481,-0.059789,-0.015771,0.071007,-0.040133,-0.045285,0.006763,-0.004051,-0.069866,0.053209,0.008361,0.040527,-0.014027,-0.048223,0.091485,0.031772,-0.004034,0.057025,0.005675,-0.020626
0.043520,0.042097,0.026543,0.025690,-0.032809,-0.073365,-0.039890,-0.011741,0.038833,1.000000,-0.007352,0.056679,0.074877,0.011415,0.005045,-0.071468,-0.033448,-0.039435,-0.069484,0.050712,-0.066307,-0.024488,-0.018443,-0.022907,0.012214,0.010532,0.030940,0.016721,0.023997,0.110234,-0.067768,-0.019467,-0.038295,0.008301,0.013418,0.072505,0.037132,0.121234,-0.036743,0.082088,0.111339,-0.019286,-0.068935,0.001796,-0.008765,-0.075263,0.048365,-0.012642,0.082584,0.016240,0.025274,0.121583,-0.073534,-0.022740,0.068181,-0.025217,0.002144,-0.015655,-0.023917,-0.062213,0.039110,0.016864,-0.018277,-0.077023,-0.140432,-0.036776,-0.022867,-0.098679
0.015413,0.065345,-0.027014,0.031664,-0.010075,-0.092630,0.082610,-0.035310,-0.048745,-0.007352,1.000000,-0.012269,0.047306,0.288646,0.040464,-0.038020,-0.029080,-0.048176,-0.062357,0.040232,0.054352,-0.094094,0.082484,-0.029826,-0.040150,0.012956,-0.043701,0.004883,-0.065558,0.026304,0.017744,-0.046551,0.002441,-0.003846,-0.053708,0.025769,0.017674,-0.025071,-0.064859,-0.014185,0.009653,-0.039855,0.014709,0.036644,0.014071,0.030546,-0.035416,0.076837,-0.020822,0.061695,-0.005587,-0.024786,-0.015663,0.065292,0.007813,0.037238,0.050785,0.002696,0.070625,-0.022977,-0.047791,0.061303,-0.017467,0.051820,0.033123,-0.003188,0.016190,-0.038149
0.054794,0.028939,-0.024109,0.022140,0.010564,-0.075085,0.074595,0.079656,0.017413,0.056679,-0.012269,1.000000,0.145122,0.016610,0.059180,-0.018686,0.019657,0.078141,0.059868,0.044811,0.007623,0.015413,0.020002,-0.011047,0.011286,0.065674,0.010225,0.006912,0.036860,0.040012,0.022512,0.039017,0.027906,0.023414,-0.101260,0.052454,-0.000384,-0.004474,0.076141,0.046240,0.002276,0.111935,-0.024903,0.016364,-0.048173,0.043250,-0.068097,-0.001542,0.016985,0.059035,-0.038706,0.008441,0.053766,-0.047866,0.043932,-0.047842,-0.091860,-0.045365,-0.007064,0.002930,-0.048364,0.060702,0.050725,-0.053525,0.080378,0.048282,0.024685,0.037787
-0.019462,0.001075,-0.048717,-0.026165,0.003833,-0.057566,0.016171,0.141309,0.027258,0.074877,0.047306,0.145122,1.000000,0.008722,-0.003918,0.028073,0.050806,-0.010936,0.051044,0.014788,-0.035348,-0.022381,-0.034582,0.069468,0.015947,0.025875,-0.019697,-0.026171,0.027938,0.099039,0.040416,-0.015077,0.063849,-0.018610,-0.009234,-0.022409,-0.028387,-0.022520,-0.022107,0.003796,0.012430,-0.011394,-0.022444,0.071772,-0.024788,0.007068,0.029637,0.063489,0.032290,0.035908,-0.002807,0.090071,0.060587,-0.058007,0.078361,0.000271,0.014515,0.042190,0.093939,-0.053491,0.061363,0.064631,0.036249,-0.042397,0.012679,-0.050857,0.080375,0.019341
0.065745,0.044785,-0.011065,0.067688,0.035873,-0.028245,0.052846,0.007061,-0.023008,0.011415,0.288646,0.016610,0.008722,1.000000,0.058662,0.032590,0.034767,-0.022166,0.013581,0.072991,-0.012158,-0.073575,0.059556,0.031399,-0.040063,-0.004037,-0.023783,-0.026158,-0.007716,0.076613,-0.036885,-0.105786,0.005747,-0.012991,-0.084452,0.023867,0.019790,-0.008107,-0.026643,0.009160,-0.038707,0.051257,-0.016869,0.063451,0.021578,0.019715,-0.024314,0.061576,0.016629,0.100555,-0.059233,-0.023493,0.069567,0.002753,-0.046253,0.002643,0.002389,-0.051661,0.023118,0.015438,-0.026180,0.014239,-0.101676,0.057390,0.041447,0.033346,-0.008129,-0.016302
0.055281,-0.064184,0.000947,-0.051842,-0.006231,-0.016320,0.087284,-0.024171,0.018529,0.005045,0.040464,0.059180,-0.003918,0.058662,1.000000,0.031180,0.111826,0.024963,-0.010645,0.037072,0.024741,-0.097836,-0.008445,0.000974,-0.016965,0.082879,0.006969,-0.021371,-0.009362,0.043964,-0.076762,0.063874,-0.055713,0.059513,-0.068674,0.057363,-0.028890,-0.031614,0.006894,0.039576,0.061432,0.030447,0.024477,0.050489,0.012170,0.063281,0.040718,0.119141,0.043930,0.033450,-0.108331,0.006785,0.066115,0.031783,-0.034395,0.027121,-0.040817,0.009461,0.028845,-0.033990,-0.011582,-0.005668,0.005667,0.036606,0.020841,0.004158,-0.035079,-0.012999
0.001367,-0.007309,0.008044,-0.053731,0.019927,0.039520,-0.049625,0.040424,0.026049,-0.071468,-0.038020,-0.018686,0.028073,0.032590,0.031180,1.000000,0.016011,0.010492,0.000263,-0.038743,-0.052087,0.054550,-0.096511,-0.000000,0.011953,0.087188,0.021296,-0.034349,-0.043252,0.029291,0.054948,-0.015081,0.024458,0.036686,-0.046211,-0.012188,-0.040807,0.016653,0.047657,-0.001537,0.019594,0.013798,-0.004494,-0.064497,-0.025055,-0.037125,-0.005950,-0.007664,-0.038682,-0.001038,-0.025555,-0.047675,0.008071,0.042941,0.002526,0.087699,-0.004238,-0.002780,-0.031544,0.092425,0.001240,0.016236,0.007031,-0.002719,0.006381,-0.053914,0.020542,0.021999
-0.030574,-0.008606,-0.017015,0.066041,0.057828,0.102146,-0.031012,-0.033047,-0.084957,-0.033448,-0.029080,0.019657,0.050806,0.034767,0.111826,0.016011,1.000000,0.068665,-0.072346,0.048294,0.004608,-0.049297,0.072245,0.141726,-0.032307,-0.023447,-0.126460,-0.108248,-0.013299,0.012851,-0.054710,-0.089070,-0.009978,0.063993,-0.080847,0.032526,-0.009102,-0.005609,-0.036679,-0.025318,0.012374,-0.051233,-0.033551,0.021144,-0.000854,0.093878,0.002945,0.017734,-0.046294,0.089594,0.006568,-0.004568,0.031558,0.064596,-0.019272,0.016597,-0.032687,-0.010379,-0.050661,0.040047,0.102431,-0.051712,0.024775,0.062866,0.047251,0.061110,0.024202,-0.005876
0.041692,-0.028386,-0.027890,0.041420,0.034780,0.049475,-0.015169,-0.027089,0.037105,-0.039435,-0.048176,0.078141,-0.010936,-0.022166,0.024963,0.010492,0.068665,1.000000,0.090843,0.026616,-0.008416,0.012019,-0.006643,0.013101,-0.057980,-0.002134,-0.041119,-0.049089,0.041305,0.030092,0.017560,0.011441,0.093010,-0.003962,0.067313,0.002912,0.029196,-0.060897,0.011172,0.021671,0.041058,0.001281,0.018691,-0.059832,-0.003589,0.021121,-0.033875,0.008466,-0.053237,0.008227,0.017045,0.059245,0.033614,-0.015533,0.058204,0.015344,-0.030203,-0.011661,-0.005591,0.114295,0.038584,0.007171,0.040845,0.026325,-0.032465,0.040624,0.063321,0.043620
-0.010714,-0.003052,-0.006650,-0.061469,-0.023501,-0.023268,-0.004688,-0.005619,0.026731,-0.069484,-0.062357,0.059868,0.051044,0.013581,-0.010645,0.000263,-0.072346,0.090843,1.000000,-0.042788,-0.016637,0.092284,0.009458,0.038215,0.059623,0.022645,-0.017582,-0.105436,0.018279,0.027529,-0.002838,0.057188,0.059061,0.028893,0.018564,0.018286,0.031340,-0.046734,-0.013604,0.003397,-0.041202,-0.032658,0.103207,-0.017604,0.064236,0.059246,-0.032732,0.027034,0.019038,0.077810,0.016662,-0.011368,0.073657,0.030282,0.048000,0.016713,0.039503,0.038575,-0.013038,0.122465,0.062029,-0.005773,-0.023830,0.007282,0.001898,-0.068369,0.116761,-0.038122
-0.019808,0.015636,-0.017447,0.050799,-0.042686,0.002277,-0.006118,0.102529,-0.019248,0.050712,0.040232,0.044811,0.014788,0.072991,0.037072,-0.038743,0.048294,0.026616,-0.042788,1.000000,0.105814,-0.008364,0.034780,0.012353,-0.026086,0.098570,0.034855,-0.074958,0.040113,0.062951,0.004221,0.059878,-0.067410,0.013715,-0.042204,0.016540,-0.013723,-0.023036,0.015455,0.005982,-0.046768,0.023203,-0.070885,-0.021641,0.038242,0.030724,-0.041668,-0.058380,-0.021559,0.032277,0.037137,0.022183,0.000703,-0.029687,0.023413,-0.030289,0.080038,-0.021167,-0.055968,-0.020680,0.003110,-0.021369,0.003804,0.112280,0.021321,0.112699,-0.032032,-0.000212
-0.012412,-0.001597,-0.091593,-0.116216,0.081476,0.021849,0.056754,0.028473,-0.011067,-0.066307,0.054352,0.007623,-0.035348,-0.012158,0.024741,-0.052087,0.004608,-0.008416,-0.016637,0.105814,1.000000,-0.115239,-0.047059,-0.004578,-0.002019,-0.020959,-0.066586,0.023252,-0.004412,0.002859,0.051654,-0.026645,-0.012033,0.044390,-0.082174,-0.031983,-0.033908,-0.045025,0.070062,0.041474,0.058379,-0.000914,0.011576,0.030991,0.031699,-0.027118,-0.107018,0.013089,-0.056935,0.036131,-0.009867,0.050704,0.014105,0.105799,-0.031432,0.029839,-0.029324,0.009081,-0.071759,0.012191,-0.118552,0.020794,0.020139,0.075118,-0.021886,0.001825,0.047640,0.008488
-0.017897,0.023337,0.093114,0.001022,-0.031446,0.073621,0.052958,-0.026141,0.010207,-0.024488,-0.094094,0.015413,-0.022381,-0.073575,-0.097836,0.054550,-0.049297,0.012019,0.092284,-0.008364,-0.115239,1.000000,-0.076585,-0.077801,0.073057,0.008925,0.047226,-0.141909,0.090046,-0.027357,0.024656,0.051687,0.097080,-0.065829,0.113560,-0.040022,-0.050111,-0.059273,-0.066776,-0.072395,-0.078379,0.044780,0.019096,-0.066947,-0.038389,0.027867,-0.008035,-0.046576,-0.020109,0.042208,-0.054101,0.080043,0.077514,0.129901,0.024645,-0.017248,0.014578,0.126704,0.030601,0.022435,0.133464,-0.060153,-0.056871,-0.000618,0.082008,-0.017513,-0.099552,0.051472
0.016104,0.051659,0.046544,0.030759,-0.117901,0.001772,-0.001665,-0.040820,-0.050875,-0.018443,0.082484,0.020002,-0.034582,0.059556,-0.008445,-0.096511,0.072245,-0.006643,0.009458,0.034780,-0.047059,-0.076585,1.000000,0.009584,-0.073034,0.003848,-0.014164,0.033851,0.087498,-0.042237,0.041699,0.015090,-0.055682,0.064366,0.030976,-0.053904,0.024589,-0.005190,0.015119,-0.063830,-0.004014,0.003568,-0.003518,-0.058602,-0.099020,0.120012,-0.043042,0.014098,-0.004754,-0.067554,0.012470,-0.026307,-0.006991,-0.078172,0.045271,-0.029191,0.018154,-0.046438,0.051482,-0.019991,-0.043221,0.056384,0.065224,0.004608,0.046335,-0.018768,-0.135255,0.045565
0.009645,-0.031886,-0.073416,0.073329,0.024643,0.011504,0.037793,-0.027204,-0.026974,-0.022907,-0.029826,-0.011047,0.069468,0.031399,0.000974,-0.000000,0.141726,0.013101,0.038215,0.012353,-0.004578,-0.077801,0.009584,1.000000,0.050053,0.045880,-0.085644,-0.081188,0.001397,-0.012836,0.038429,0.004138,0.032670,0.098833,-0.018460,-0.026898,-0.031625,-0.145436,0.010353,0.021090,0.063350,0.030308,-0.002046,0.030397,0.065252,0.033971,0.044375,-0.062173,-0.013100,0.110746,0.040251,-0.025808,-0.047449,-0.007053,-0.130119,-0.021470,0.043418,0.009643,0.015614,0.000784,0.010021,-0.008471,-0.093846,-0.000837,-0.069925,-0.024213,0.086725,-0.019818
-0.070024,-0.029064,0.008633,0.026601,-0.047031,-0.019021,-0.021734,0.020962,-0.005907,0.012214,-0.040150,0.011286,0.015947,-0.040063,-0.016965,0.011953,-0.032307,-0.057980,0.059623,-0.026086,-0.002019,0.073057,-0.073034,0.050053,1.000000,0.073890,-0.030661,-0.047271,0.077667,-0.084835,0.051277,0.025921,0.001619,-0.005989,0.072739,-0.011766,-0.066770,0.046565,-0.042924,-0.002977,-0.040436,-0.020410,-0.021079,-0.025889,0.028515,-0.069696,0.041755,-0.067742,0.028360,0.040208,-0.034389,0.087939,0.116476,-0.020161,-0.019187,-0.005970,-0.066709,-0.031278,-0.108595,-0.021207,0.053638,0.046533,-0.027761,-0.058576,-0.040925,0.008468,0.026133,-0.004010
0.006075,0.048912,-0.000805,0.030230,-0.076129,-0.113598,0.132182,0.095606,-0.000287,0.010532,0.012956,0.065674,0.025875,-0.004037,0.082879,0.087188,-0.023447,-0.002134,0.022645,0.098570,-0.020959,0.008925,0.003848,0.045880,0.073890,1.000000,0.102803,-0.035034,0.023391,0.034673,-0.011133,0.026484,-0.081097,0.022001,-0.033785,0.028589,0.011877,0.012859,-0.071718,0.053153,-0.069426,0.042350,0.042658,-0.017950,-0.064646,0.055300,-0.029480,0.041712,0.079381,-0.056051,-0.092228,0.040344,-0.007034,0.038865,0.041250,0.028150,0.007643,-0.056722,0.055715,0.069628,-0.087577,0.052012,0.017332,-0.071309,0.040164,0.011298,0.061838,-0.023568
0.095462,0.060174,0.120658,0.033173,-0.110603,-0.065729,0.006418,0.006685,-0.040093,0.030940,-0.043701,0.010225,-0.019697,-0.023783,0.006969,0.021296,-0.126460,-0.041119,-0.017582,0.034855,-0.066586,0.047226,-0.014164,-0.085644,-0.030661,0.102803,1.000000,-0.017561,0.012933,0.011383,-0.020956,0.046373,-0.044759,0.004718,-0.074181,0.056493,0.011742,0.010976,-0.053025,0.038996,0.022834,0.002298,0.037815,-0.006336,-0.041753,-0.086998,0.027941,-0.013191,0.016178,-0.033915,0.058575,0.063964,0.063209,-0.011159,-0.003755,0.104522,0.013891,0.006332,-0.032367,-0.004634,-0.005518,-0.019381,0.006905,-0.012509,-0.031069,0.039950,0.005950,0.053755
0.032117,-0.050634,0.019595,0.062363,-0.009363,0.011452,-0.029955,-0.008991,0.049203,0.016721,0.004883,0.006912,-0.026171,-0.026158,-0.021371,-0.034349,-0.108248,-0.049089,-0.105436,-0.074958,0.023252,-0.141909,0.033851,-0.081188,-0.047271,-0.035034,-0.017561,1.000000,0.052465,-0.011610,0.010471,0.113123,-0.002235,-0.035575,0.032258,0.048141,-0.018915,0.019127,0.100351,0.026139,0.001611,-0.032760,-0.023944,-0.086936,-0.002140,-0.060860,-0.077258,0.013959,0.037162,-0.120392,-0.046202,-0.035583,-0.039478,-0.046064,0.041423,-0.096532,-0.006972,0.041887,-0.034690,-0.089376,-0.063555,0.083945,0.015526,-0.050071,0.009748,-0.028829,-0.022589,-0.028470
-0.015296,-0.023568,-0.007831,-0.006303,0.009750,-0.009614,-0.039746,0.007636,0.102750,0.023997,-0.065558,0.036860,0.027938,-0.007716,-0.009362,-0.043252,-0.013299,0.041305,0.018279,0.040113,-0.004412,0.090046,0.087498,0.001397,0.077667,0.023391,0.012933,0.052465,1.000000,-0.007525,0.080010,-0.005338,-0.007982,0.004335,0.018892,-0.034550,-0.010510,0.008293,0.054911,-0.002007,-0.016852,0.071945,-0.027976,0.021850,-0.007293,-0.070992,-0.049398,-0.004204,0.094735,-0.021811,0.078215,0.069584,0.024818,-0.010975,-0.011933,-0.026130,-0.055486,0.085008,0.088158,-0.021927,-0.035027,0.125144,0.001229,-0.077793,-0.058524,0.015059,0.028799,-0.022572
0.017976,0.005775,-0.009992,-0.069183,-0.008588,-0.052670,-0.011493,0.106259,0.055213,0.110234,0.026304,0.040012,0.099039,0.076613,0.043964,0.029291,0.012851,0.030092,0.027529,0.062951,0.002859,-0.027357,-0.042237,-0.012836,-0.084835,0.034673,0.011383,-0.011610,-0.007525,1.000000,0.028954,-0.015896,-0.048088,-0.016847,0.031751,0.011221,-0.070170,0.058949,0.018340,0.037411,0.029305,0.075411,-0.019924,0.110731,-0.046290,0.056020,0.010807,0.015340,0.044005,0.050398,0.060485,-0.019188,-0.008617,0.008594,0.132539,-0.055672,-0.070736,0.038357,0.033930,0.023524,0.038587,-0.071493,0.004127,0.034149,-0.063931,-0.012059,0.079509,0.030026
-0.002743,-0.055431,0.053432,0.033234,0.035379,-0.007982,0.001185,-0.035655,0.018133,-0.067768,0.017744,0.022512,0.040416,-0.036885,-0.076762,0.054948,-0.054710,0.017560,-0.002838,0.004221,0.051654,0.024656,0.041699,0.038429,0.051277,-0.011133,-0.020956,0.010471,0.080010,0.028954,1.000000,-0.009551,0.075922,-0.084903,-0.015114,-0.033957,-0.019904,-0.016650,-0.092154,0.029132,-0.034652,-0.035797,-0.044410,0.107217,0.040560,0.025601,-0.019765,-0.044496,0.024169,-0.002963,-0.088284,-0.019721,-0.004445,0.042240,-0.007671,0.033513,0.011382,-0.043452,-0.060894,-0.016743,0.027346,0.020327,0.010821,-0.044710,-0.085347,0.018608,0.034195,-0.065220
-0.184436,-0.045556,0.038707,-0.008502,-0.061349,0.029265,-0.028909,-0.023268,-0.057296,-0.019467,-0.046551,0.039017,-0.015077,-0.105786,0.063874,-0.015081,-0.089070,0.011441,0.057188,0.059878,-0.026645,0.051687,0.015090,0.004138,0.025921,0.026484,0.046373,0.113123,-0.005338,-0.015896,-0.009551,1.000000,0.053993,-0.034388,0.067989,-0.002755,0.025288,0.001069,-0.029703,-0.064998,-0.070208,-0.030903,-0.020720,-0.079348,-0.002935,-0.020585,-0.005965,-0.035203,0.053148,0.030462,0.027214,-0.012456,0.053145,-0.040259,0.127724,-0.023696,0.000298,0.045237,-0.030035,0.040181,0.052178,0.024655,-0.020210,-0.061959,-0.000605,-0.010630,0.016493,-0.039312
0.002545,0.048664,-0.004270,-0.010917,0.022987,0.058633,-0.007910,-0.003635,-0.033489,-0.038295,0.002441,0.027906,0.063849,0.005747,-0.055713,0.024458,-0.009978,0.093010,0.059061,-0.067410,-0.012033,0.097080,-0.055682,0.032670,0.001619,-0.081097,-0.044759,-0.002235,-0.007982,-0.048088,0.075922,0.053993,1.000000,0.026587,-0.003269,0.053782,-0.021236,0.041194,0.013520,0.080892,0.037721,-0.041416,0.071710,-0.009304,0.022893,0.015901,-0.020671,-0.000887,0.009124,0.019523,0.005826,0.043036,-0.036297,0.031868,-0.034555,0.048593,-0.016657,-0.041958,0.120905,0.040185,0.026342,0.100179,-0.006275,-0.028620,-0.030386,-0.001168,0.056735,0.071854
0.044153,-0.039456,-0.023262,-0.020622,-0.053669,-0.083938,-0.060889,-0.023150,0.008471,0.008301,-0.003846,0.023414,-0.018610,-0.012991,0.059513,0.036686,0.063993,-0.003962,0.028893,0.013715,0.044390,-0.065829,0.064366,0.098833,-0.005989,0.022001,0.004718,-0.035575,0.004335,-0.016847,-0.084903,-0.034388,0.026587,1.000000,0.028656,0.066518,-0.019773,0.001859,0.010017,0.010595,0.075638,0.039114,0.021283,0.030812,-0.041400,-0.027871,0.006192,0.025772,0.029008,0.020824,0.091669,0.015916,-0.053204,-0.024388,-0.033677,0.029361,0.010401,-0.009643,0.044847,-0.064794,0.000423,0.055087,0.032303,0.014630,-0.010277,-0.025163,0.048176,0.021344
-0.034419,0.026937,0.009891,0.027244,-0.007436,-0.024640,-0.046848,0.010875,0.031647,0.013418,-0.053708,-0.101260,-0.009234,-0.084452,-0.068674,-0.046211,-0.080847,0.067313,0.018564,-0.042204,-0.082174,0.113560,0.030976,-0.018460,0.072739,-0.033785,-0.074181,0.032258,0.018892,0.031751,-0.015114,0.067989,-0.003269,0.028656,1.000000,0.021239,-0.006971,-0.013627,-0.054304,-0.001515,-0.036694,-0.026606,-0.011996,-0.041020,-0.076279,0.022988,-0.009994,-0.090871,-0.026985,0.020253,-0.040741,0.009152,-0.007943,0.010552,0.046099,-0.035158,0.000597,0.018378,-0.009559,-0.031739,0.074333,0.030276,-0.079200,-0.079212,-0.045452,-0.042373,-0.048658,-0.084642
0.014470,-0.006704,0.056653,0.040582,0.039614,0.057086,0.049937,-0.040674,0.041012,0.072505,0.025769,0.052454,-0.022409,0.023867,0.057363,-0.012188,0.032526,0.002912,0.018286,0.016540,-0.031983,-0.040022,-0.053904,-0.026898,-0.011766,0.028589,0.056493,0.048141,-0.034550,0.011221,-0.033957,-0.002755,0.053782,0.066518,0.021239,1.000000,-0.012178,-0.065132,0.018041,0.028581,0.027428,-0.023291,-0.025886,0.015342,0.027281,-0.046784,0.010671,0.055556,0.025820,0.055049,-0.061423,-0.037806,0.003453,0.031430,0.039865,0.097804,-0.013115,0.013190,-0.111528,-0.030025,0.057268,0.081062,0.068948,0.010082,0.022669,-0.013003,-0.009375,-0.070729
-0.018119,-0.051552,-0.003946,0.089743,-0.037759,0.028777,-0.105670,-0.013340,0.008557,0.037132,0.017674,-0.000384,-0.028387,0.019790,-0.028890,-0.040807,-0.009102,0.029196,0.031340,-0.013723,-0.033908,-0.050111,0.024589,-0.031625,-0.066770,0.011877,0.011742,-0.018915,-0.010510,-0.070170,-0.019904,0.025288,-0.021236,-0.019773,-0.006971,-0.012178,1.000000,0.036558,-0.019912,-0.050064,-0.055964,-0.032789,0.081101,-0.012147,-0.065122,0.043658,-0.053192,-0.010306,0.011853,-0.082600,0.061133,-0.075744,-0.075101,-0.008858,-0.073303,0.003482,0.068729,0.026572,0.004793,-0.000612,-0.019375,0.054957,-0.022228,-0.064125,-0.087295,0.009471,0.004039,0.039402
-0.076828,0.023296,0.014194,0.018569,0.062490,-0.002252,0.017576,0.085587,-0.005178,0.121234,-0.025071,-0.004474,-0.022520,-0.008107,-0.031614,0.016653,-0.005609,-0.060897,-0.046734,-0.023036,-0.045025,-0.059273,-0.005190,-0.145436,0.046565,0.012859,0.010976,0.019127,0.008293,0.058949,-0.016650,0.001069,0.041194,0.001859,-0.013627,-0.065132,0.036558,1.000000,-0.044633,0.077588,0.031920,-0.047752,-0.018585,0.039165,-0.064769,0.039083,0.020969,0.025334,0.014959,-0.018549,0.049053,0.091549,0.001341,-0.009747,-0.009975,-0.088870,0.050765,0.028562,0.004151,-0.000153,-0.020422,0.004484,0.038014,0.013770,-0.002486,0.006027,0.022890,-0.043563
-0.003236,-0.098367,-0.019378,-0.003733,0.073390,-0.064499,0.013560,0.028948,0.074095,-0.036743,-0.064859,0.076141,-0.022107,-0.026643,0.006894,0.047657,-0.036679,0.011172,-0.013604,0.015455,0.070062,-0.066776,0.015119,0.010353,-0.042924,-0.071718,-0.053025,0.100351,0.054911,0.018340,-0.092154,-0.029703,0.013520,0.010017,-0.054304,0.018041,-0.019912,-0.044633,1.000000,0.091314,0.086046,0.075645,-0.040969,0.067420,0.002177,-0.036712,-0.010435,0.031283,0.017490,0.003289,0.011456,-0.043496,0.008273,0.045232,-0.083386,-0.047966,0.086740,-0.048972,-0.058940,0.034608,0.037420,0.029788,0.106285,0.005417,0.037136,0.084370,0.076992,0.121906
0.063374,0.043865,-0.011152,0.015380,-0.045014,-0.036180,-0.026737,0.112435,0.125692,0.082088,-0.014185,0.046240,0.003796,0.009160,0.039576,-0.001537,-0.025318,0.021671,0.003397,0.005982,0.041474,-0.072395,-0.063830,0.021090,-0.002977,0.053153,0.038996,0.026139,-0.002007,0.037411,0.029132,-0.064998,0.080892,0.010595,-0.001515,0.028581,-0.050064,0.077588,0.091314,1.000000,-0.006926,0.046363,0.039147,0.023173,-0.058816,0.090863,0.014046,-0.069272,-0.010936,-0.028784,-0.023600,0.024592,-0.028576,0.017811,-0.086403,0.079566,0.013037,-0.040914,0.002633,0.025120,-0.099124,0.118969,0.041713,0.016119,-0.014703,0.030877,0.042848,-0.082032
0.075883,-0.005569,0.010998,-0.107721,0.048170,0.058662,0.031817,0.050477,-0.029705,0.111339,0.009653,0.002276,0.012430,-0.038707,0.061432,0.019594,0.012374,0.041058,-0.041202,-0.046768,0.058379,-0.078379,-0.004014,0.063350,-0.040436,-0.069426,0.022834,0.001611,-0.016852,0.029305,-0.034652,-0.070208,0.037721,0.075638,-0.036694,0.027428,-0.055964,0.031920,0.086046,-0.006926,1.000000,0.008308,-0.007468,0.024548,0.080789,0.027690,-0.066420,0.047660,-0.024629,-0.012320,0.081630,-0.009432,0.031406,-0.105673,-0.017026,0.025364,0.077042,0.026538,0.018907,-0.043548,-0.044351,0.047346,0.066195,0.029349,-0.056397,-0.001366,0.148623,0.045120
-0.019604,0.053809,-0.037513,0.011964,-0.119599,0.015369,0.105395,0.210445,0.046041,-0.019286,-0.039855,0.111935,-0.011394,0.051257,0.030447,0.013798,-0.051233,0.001281,-0.032658,0.023203,-0.000914,0.044780,0.003568,0.030308,-0.020410,0.042350,0.002298,-0.032760,0.071945,0.075411,-0.035797,-0.030903,-0.041416,0.039114,-0.026606,-0.023291,-0.032789,-0.047752,0.075645,0.046363,0.008308,1.000000,-0.007385,-0.005149,-0.005218,-0.029858,0.044955,0.010640,-0.002891,0.009045,-0.015533,0.039414,-0.073335,-0.105473,-0.090383,-0.000452,-0.015597,0.030633,0.013555,-0.002809,-0.040153,0.001768,-0.004776,0.009414,0.128193,0.004632,0.048677,-0.035473
0.106651,-0.064924,-0.009702,-0.008731,-0.117374,-0.009206,0.018027,-0.063909,-0.061003,-0.068935,0.014709,-0.024903,-0.022444,-0.016869,0.024477,-0.004494,-0.033551,0.018691,0.103207,-0.070885,0.011576,0.019096,-0.003518,-0.002046,-0.021079,0.042658,0.037815,-0.023944,-0.027976,-0.019924,-0.044410,-0.020720,0.071710,0.021283,-0.011996,-0.025886,0.081101,-0.018585,-0.040969,0.039147,-0.007468,-0.007385,1.000000,-0.031034,0.000162,0.066926,-0.003476,0.030611,-0.060741,-0.014255,0.003624,-0.041721,0.006163,0.035978,-0.016421,0.076056,0.017742,-0.006260,0.071649,0.086441,0.086119,-0.015993,0.019696,-0.074989,-0.012507,-0.009675,-0.076419,0.038782
0.010677,-0.056217,0.027962,0.025564,0.035780,-0.028229,-0.062091,0.022727,-0.030023,0.001796,0.036644,0.016364,0.071772,0.063451,0.050489,-0.064497,0.021144,-0.059832,-0.017604,-0.021641,0.030991,-0.066947,-0.058602,0.030397,-0.025889,-0.017950,-0.006336,-0.086936,0.021850,0.110731,0.107217,-0.079348,-0.009304,0.030812,-0.041020,0.015342,-0.012147,0.039165,0.067420,0.023173,0.024548,-0.005149,-0.031034,1.000000,0.061986,-0.023451,0.053255,0.025521,0.099757,0.062770,-0.005001,0.024096,0.005941,-0.035968,0.017259,0.046126,-0.032587,-0.028909,0.037971,-0.014448,0.006305,0.051490,0.035479,0.078506,-0.025438,0.023794,0.099318,-0.072193
0.098815,0.032788,-0.003329,0.006939,0.025031,0.086868,-0.048532,0.067554,-0.000280,-0.008765,0.014071,-0.048173,-0.024788,0.021578,0.012170,-0.025055,-0.000854,-0.003589,0.064236,0.038242,0.031699,-0.038389,-0.099020,0.065252,0.028515,-0.064646,-0.041753,-0.002140,-0.007293,-0.046290,0.040560,-0.002935,0.022893,-0.041400,-0.076279,0.027281,-0.065122,-0.064769,0.002177,-0.058816,0.080789,-0.005218,0.000162,0.061986,1.000000,0.009474,0.038696,0.177034,-0.026830,-0.041985,0.087605,0.072285,0.052654,0.000983,-0.022859,0.056676,-0.029646,0.117468,0.008792,0.000293,0.026768,0.009257,-0.056717,0.009858,-0.063743,-0.064175,0.008711,-0.075831
0.063621,-0.015193,-0.020406,0.074226,0.031074,0.086762,0.033819,0.023406,0.046473,-0.075263,0.030546,0.043250,0.007068,0.019715,0.063281,-0.037125,0.093878,0.021121,0.059246,0.030724,-0.027118,0.027867,0.120012,0.033971,-0.069696,0.055300,-0.086998,-0.060860,-0.070992,0.056020,0.025601,-0.020585,0.015901,-0.027871,0.022988,-0.046784,0.043658,0.039083,-0.036712,0.090863,0.027690,-0.029858,0.066926,-0.023451,0.009474,1.000000,0.026506,0.027997,-0.065310,0.018902,-0.003661,-0.021880,-0.081204,-0.024432,0.001137,-0.028007,0.003245,0.025555,0.024723,0.027418,-0.062933,-0.002134,0.094132,-0.047624,0.005087,-0.019040,0.004873,-0.032930
0.025057,-0.020442,0.011317,-0.005767,0.038413,0.027294,0.095838,0.018929,-0.018956,0.048365,-0.035416,-0.068097,0.029637,-0.024314,0.040718,-0.005950,0.002945,-0.033875,-0.032732,-0.041668,-0.107018,-0.008035,-0.043042,0.044375,0.041755,-0.029480,0.027941,-0.077258,-0.049398,0.010807,-0.019765,-0.005965,-0.020671,0.006192,-0.009994,0.010671,-0.053192,0.020969,-0.010435,0.014046,-0.066420,0.044955,-0.003476,0.053255,0.038696,0.026506,1.000000,0.046433,0.083345,-0.036930,-0.014288,0.025315,0.070574,-0.035332,-0.021442,-0.016508,-0.012009,0.006986,0.019130,-0.047806,-0.042779,-0.018736,0.138666,-0.007609,0.000017,0.011364,-0.099833,-0.106195
0.089039,-0.049515,0.076326,-0.067915,0.020679,-0.048465,0.076337,-0.015199,0.026812,-0.012642,0.076837,-0.001542,0.063489,0.061576,0.119141,-0.007664,0.017734,0.008466,0.027034,-0.058380,0.013089,-0.046576,0.014098,-0.062173,-0.067742,0.041712,-0.013191,0.013959,-0.004204,0.015340,-0.044496,-0.035203,-0.000887,0.025772,-0.090871,0.055556,-0.010306,0.025334,0.031283,-0.069272,0.047660,0.010640,0.030611,0.025521,0.177034,0.027997,0.046433,1.000000,0.097484,-0.011010,-0.057910,-0.024141,0.034098,0.005877,0.067050,-0.004878,-0.025707,0.046403,0.111383,0.040461,0.008321,0.035609,0.041507,-0.009571,-0.008810,-0.044270,-0.069793,-0.056499
0.066556,0.052325,0.009734,-0.001910,0.076506,-0.047107,0.013708,0.070905,0.062481,0.082584,-0.020822,0.016985,0.032290,0.016629,0.043930,-0.038682,-0.046294,-0.053237,0.019038,-0.021559,-0.056935,-0.020109,-0.004754,-0.013100,0.028360,0.079381,0.016178,0.037162,0.094735,0.044005,0.024169,0.053148,0.009124,0.029008,-0.026985,0.025820,0.011853,0.014959,0.017490,-0.010936,-0.024629,-0.002891,-0.060741,0.099757,-0.026830,-0.065310,0.083345,0.097484,1.000000,-0.001386,-0.009818,0.028532,0.066798,0.012077,0.015425,-0.032576,0.006704,-0.016596,-0.047979,0.007159,0.057157,0.022678,0.017880,-0.079977,-0.077428,-0.002770,0.008909,0.045572
-0.079770,-0.031246,-0.039931,0.017561,-0.006367,-0.009533,0.038759,-0.058011,-0.059789,0.016240,0.061695,0.059035,0.035908,0.100555,0.033450,-0.001038,0.089594,0.008227,0.077810,0.032277,0.036131,0.042208,-0.067554,0.110746,0.040208,-0.056051,-0.033915,-0.120392,-0.021811,0.050398,-0.002963,0.030462,0.019523,0.020824,0.020253,0.055049,-0.082600,-0.018549,0.003289,-0.028784,-0.012320,0.009045,-0.014255,0.062770,-0.041985,0.018902,-0.036930,-0.011010,-0.001386,1.000000,0.011019,0.061876,0.047846,0.083997,0.012979,-0.085216,0.004445,0.002897,0.028271,0.120642,0.045363,0.017041,-0.111022,0.075517,0.010971,-0.024510,0.087128,-0.040199
-0.030242,-0.006955,-0.027766,0.018538,0.021760,0.060919,-0.063900,0.147413,-0.015771,0.025274,-0.005587,-0.038706,-0.002807,-0.059233,-0.108331,-0.025555,0.006568,0.017045,0.016662,0.037137,-0.009867,-0.054101,0.012470,0.040251,-0.034389,-0.092228,0.058575,-0.046202,0.078215,0.060485,-0.088284,0.027214,0.005826,0.091669,-0.040741,-0.061423,0.061133,0.049053,0.011456,-0.023600,0.081630,-0.015533,0.003624,-0.005001,0.087605,-0.003661,-0.014288,-0.057910,-0.009818,0.011019,1.000000,-0.032191,-0.009897,0.030115,0.089726,0.072996,-0.026682,0.018758,-0.008893,0.045978,-0.003168,-0.023069,-0.035595,0.003773,-0.040906,0.010189,0.038214,0.015738
0.023332,0.057163,-0.038566,0.068593,-0.134155,0.043306,0.047109,0.038114,0.071007,0.121583,-0.024786,0.008441,0.090071,-0.023493,0.006785,-0.047675,-0.004568,0.059245,-0.011368,0.022183,0.050704,0.080043,-0.026307,-0.025808,0.087939,0.040344,0.063964,-0.035583,0.069584,-0.019188,-0.019721,-0.012456,0.043036,0.015916,0.009152,-0.037806,-0.075744,0.091549,-0.043496,0.024592,-0.009432,0.039414,-0.041721,0.024096,0.072285,-0.021880,0.025315,-0.024141,0.028532,0.061876,-0.032191,1.000000,0.117739,-0.097517,0.029380,0.051363,-0.054309,0.068657,-0.030099,-0.053269,-0.012199,-0.034491,0.017831,-0.030450,-0.051256,-0.033520,0.069168,-0.015270
0.055292,0.000192,-0.031601,-0.020465,0.073383,-0.002817,0.051663,-0.050123,-0.040133,-0.073534,-0.015663,0.053766,0.060587,0.069567,0.066115,0.008071,0.031558,0.033614,0.073657,0.000703,0.014105,0.077514,-0.006991,-0.047449,0.116476,-0.007034,0.063209,-0.039478,0.024818,-0.008617,-0.004445,0.053145,-0.036297,-0.053204,-0.007943,0.003453,-0.075101,0.001341,0.008273,-0.028576,0.031406,-0.073335,0.006163,0.005941,0.052654,-0.081204,0.070574,0.034098,0.066798,0.047846,-0.009897,0.117739,1.000000,0.035675,0.054690,0.023361,-0.051947,-0.016475,0.040585,0.002845,-0.045980,0.038956,-0.027679,-0.033207,-0.032405,0.076287,0.053688,0.015901
-0.065759,0.019465,-0.042636,-0.058539,0.077303,-0.122245,-0.011532,-0.068392,-0.045285,-0.022740,0.065292,-0.047866,-0.058007,0.002753,0.031783,0.042941,0.064596,-0.015533,0.030282,-0.029687,0.105799,0.129901,-0.078172,-0.007053,-0.020161,0.038865,-0.011159,-0.046064,-0.010975,0.008594,0.042240,-0.040259,0.031868,-0.024388,0.010552,0.031430,-0.008858,-0.009747,0.045232,0.017811,-0.105673,-0.105473,0.035978,-0.035968,0.000983,-0.024432,-0.035332,0.005877,0.012077,0.083997,0.030115,-0.097517,0.035675,1.000000,-0.034175,-0.016875,0.090997,-0.004202,0.065132,0.024915,0.044485,0.040793,-0.040702,-0.063947,0.035466,-0.000879,-0.043353,0.034652
-0.026461,0.006233,-0.029465,-0.068102,0.079035,-0.059451,0.074447,-0.032070,0.006763,0.068181,0.007813,0.043932,0.078361,-0.046253,-0.034395,0.002526,-0.019272,0.058204,0.048000,0.023413,-0.031432,0.024645,0.045271,-0.130119,-0.019187,0.041250,-0.003755,0.041423,-0.011933,0.132539,-0.007671,0.127724,-0.034555,-0.033677,0.046099,0.039865,-0.073303,-0.009975,-0.083386,-0.086403,-0.017026,-0.090383,-0.016421,0.017259,-0.022859,0.001137,-0.021442,0.067050,0.015425,0.012979,0.089726,0.029380,0.054690,-0.034175,1.000000,0.013791,-0.067580,0.026241,0.046383,0.018603,-0.005899,0.018729,0.059286,-0.025525,0.005245,-0.042796,-0.008219,0.060674
0.060795,0.030687,0.047799,-0.023403,-0.043075,0.095718,-0.032737,-0.035590,-0.004051,-0.025217,0.037238,-0.047842,0.000271,0.002643,0.027121,0.087699,0.016597,0.015344,0.016713,-0.030289,0.029839,-0.017248,-0.029191,-0.021470,-0.005970,0.028150,0.104522,-0.096532,-0.026130,-0.055672,0.033513,-0.023696,0.048593,0.029361,-0.035158,0.097804,0.003482,-0.088870,-0.047966,0.079566,0.025364,-0.000452,0.076056,0.046126,0.056676,-0.028007,-0.016508,-0.004878,-0.032576,-0.085216,0.072996,0.051363,0.023361,-0.016875,0.013791,1.000000,-0.055886,-0.006163,0.071145,0.027361,0.010176,-0.039444,-0.075533,0.008707,-0.013116,0.007573,0.011121,-0.002251
-0.023723,0.076775,-0.073087,-0.074877,-0.021530,-0.062393,-0.006634,0.014425,-0.069866,0.002144,0.050785,-0.091860,0.014515,0.002389,-0.040817,-0.004238,-0.032687,-0.030203,0.039503,0.080038,-0.029324,0.014578,0.018154,0.043418,-0.066709,0.007643,0.013891,-0.006972,-0.055486,-0.070736,0.011382,0.000298,-0.016657,0.010401,0.000597,-0.013115,0.068729,0.050765,0.086740,0.013037,0.077042,-0.015597,0.017742,-0.032587,-0.029646,0.003245,-0.012009,-0.025707,0.006704,0.004445,-0.026682,-0.054309,-0.051947,0.090997,-0.067580,-0.055886,1.000000,0.050524,0.056992,-0.001738,0.051914,-0.015566,0.029335,0.079595,0.002290,-0.073080,0.047635,0.039327
-0.052185,-0.012763,0.066606,-0.095154,-0.102401,0.118059,-0.028071,0.107354,0.053209,-0.015655,0.002696,-0.045365,0.042190,-0.051661,0.009461,-0.002780,-0.010379,-0.011661,0.038575,-0.021167,0.009081,0.126704,-0.046438,0.009643,-0.031278,-0.056722,0.006332,0.041887,0.085008,0.038357,-0.043452,0.045237,-0.041958,-0.009643,0.018378,0.013190,0.026572,0.028562,-0.048972,-0.040914,0.026538,0.030633,-0.006260,-0.028909,0.117468,0.025555,0.006986,0.046403,-0.016596,0.002897,0.018758,0.068657,-0.016475,-0.004202,0.026241,-0.006163,0.050524,1.000000,-0.074547,-0.025981,-0.020988,-0.010825,0.018163,0.036181,0.038580,-0.087246,-0.066994,0.029700
0.100358,-0.028653,-0.058532,-0.066355,0.039552,-0.137938,0.052378,-0.083952,0.008361,-0.023917,0.070625,-0.007064,0.093939,0.023118,0.028845,-0.031544,-0.050661,-0.005591,-0.013038,-0.055968,-0.071759,0.030601,0.051482,0.015614,-0.108595,0.055715,-0.032367,-0.034690,0.088158,0.033930,-0.060894,-0.030035,0.120905,0.044847,-0.009559,-0.111528,0.004793,0.004151,-0.058940,0.002633,0.018907,0.013555,0.071649,0.037971,0.008792,0.024723,0.019130,0.111383,-0.047979,0.028271,-0.008893,-0.030099,0.040585,0.065132,0.046383,0.071145,0.056992,-0.074547,1.000000,-0.038669,-0.106662,0.034835,-0.101782,-0.028280,0.033839,0.052597,-0.045499,0.069370
-0.018620,-0.009285,0.005931,0.002654,-0.113061,0.100145,0.035269,-0.009102,0.040527,-0.062213,-0.022977,0.002930,-0.053491,0.015438,-0.033990,0.092425,0.040047,0.114295,0.122465,-0.020680,0.012191,0.022435,-0.019991,0.000784,-0.021207,0.069628,-0.004634,-0.089376,-0.021927,0.023524,-0.016743,0.040181,0.040185,-0.064794,-0.031739,-0.030025,-0.000612,-0.000153,0.034608,0.025120,-0.043548,-0.002809,0.086441,-0.014448,0.000293,0.027418,-0.047806,0.040461,0.007159,0.120642,0.045978,-0.053269,0.002845,0.024915,0.018603,0.027361,-0.001738,-0.025981,-0.038669,1.000000,0.106024,-0.009080,0.058191,0.085909,-0.001272,-0.045551,0.046275,0.043547
-0.032518,-0.112632,0.015102,0.031332,-0.086228,-0.050475,-0.037302,-0.072178,-0.014027,0.039110,-0.047791,-0.048364,0.061363,-0.026180,-0.011582,0.001240,0.102431,0.038584,0.062029,0.003110,-0.118552,0.133464,-0.043221,0.010021,0.053638,-0.087577,-0.005518,-0.063555,-0.035027,0.038587,0.027346,0.052178,0.026342,0.000423,0.074333,0.057268,-0.019375,-0.020422,0.037420,-0.099124,-0.044351,-0.040153,0.086119,0.006305,0.026768,-0.062933,-0.042779,0.008321,0.057157,0.045363,-0.003168,-0.012199,-0.045980,0.044485,-0.005899,0.010176,0.051914,-0.020988,-0.106662,0.106024,1.000000,-0.043009,0.001023,-0.037615,-0.017912,0.025382,0.006349,0.025262
-0.026737,-0.004229,0.096669,0.020568,-0.020622,-0.058093,-0.069834,0.016997,-0.048223,0.016864,0.061303,0.060702,0.064631,0.014239,-0.005668,0.016236,-0.051712,0.007171,-0.005773,-0.021369,0.020794,-0.060153,0.056384,-0.008471,0.046533,0.052012,-0.019381,0.083945,0.125144,-0.071493,0.020327,0.024655,0.100179,0.055087,0.030276,0.081062,0.054957,0.004484,0.029788,0.118969,0.047346,0.001768,-0.015993,0.051490,0.009257,-0.002134,-0.018736,0.035609,0.022678,0.017041,-0.023069,-0.034491,0.038956,0.040793,0.018729,-0.039444,-0.015566,-0.010825,0.034835,-0.009080,-0.043009,1.000000,0.083626,-0.118300,0.015869,-0.098401,0.009462,-0.059634
