1.000000,0.306608,-0.025847,0.149970,0.326758,0.086604,0.089982,0.153144,0.224187,0.062340,0.018546,0.188681,0.178153,0.221684,0.165548,0.088008,0.163226,0.220799,0.052071,0.066370,0.052373,0.044726,0.114822,0.145418,0.139241,0.058808,0.003393,0.062630,-0.013841,0.118334,-0.053558,0.135631,0.061217,0.494075,0.078463,-0.072857,-0.023841,0.009732,-0.012063,-0.005418,0.018046,0.148391,0.094107,0.043277,0.066285,0.043697,0.006861,0.059324,0.007969,0.098724,-0.066303,0.037267,0.035486,-0.013536,0.033173,0.012267,0.097043,-0.003144,0.067465,0.069149,0.019007,-0.079353,0.046542,0.026044,-0.050964,-0.082456,-0.007941,0.009540
0.306608,1.000000,-0.016214,0.011133,0.194893,0.123318,0.233342,0.124705,0.070182,0.009920,-0.078431,0.125046,0.139895,0.117575,0.101186,-0.030996,-0.016622,0.084842,-0.087288,0.055554,0.086782,0.053070,0.060670,0.155634,-0.020752,0.045805,-0.076088,-0.088073,-0.041121,-0.039025,-0.117428,-0.048176,-0.010697,0.067729,0.072211,-0.008615,-0.012901,0.007840,0.063598,0.058833,0.079404,0.085550,0.089366,0.017416,0.037277,0.023689,-0.004820,0.063140,0.039630,0.091835,-0.009690,0.015311,0.046605,0.049033,-0.023899,-0.045965,0.120683,0.049928,-0.035608,0.002497,-0.000877,0.009657,0.081640,0.090114,0.079507,0.071806,-0.009451,0.029398
-0.025847,-0.016214,1.000000,0.051192,0.107427,0.018149,0.078719,0.110293,0.095871,0.067753,0.062505,0.068449,0.127912,0.122407,0.149655,0.057052,0.016515,0.033826,0.028776,0.058880,-0.013240,-0.029921,0.038834,-0.108459,0.022607,-0.020694,0.007363,-0.052925,0.039967,-0.032896,-0.014538,-0.061117,-0.072742,0.004112,-0.010327,0.130045,0.052827,0.070224,0.051480,-0.011014,0.118615,0.125209,0.086416,0.081237,0.082782,0.057027,0.041046,0.001124,-0.025861,0.033514,0.046056,0.061044,0.035440,-0.015712,0.019830,0.000837,0.006506,0.043233,0.079350,0.079914,-0.027261,0.009258,-0.012866,0.012878,-0.023881,0.027456,-0.046985,-0.035446
0.149970,0.011133,0.051192,1.000000,0.156089,0.120109,0.086228,0.148517,0.257489,0.277731,0.086356,0.369817,0.185579,0.189512,0.105091,0.115659,0.057664,0.099244,-0.008083,0.111879,0.086227,0.069025,0.026835,0.042332,0.020108,0.000332,0.005192,0.070643,-0.041068,0.020782,0.128255,-0.016848,0.025840,0.092242,0.027033,0.090248,0.090379,0.290385,-0.003206,0.164778,0.097836,0.281256,0.262487,0.216774,0.043458,0.039098,0.096465,0.031446,-0.030096,0.103840,0.085731,-0.006564,0.067172,-0.018362,0.012940,0.005509,0.090332,0.001820,-0.034262,0.012978,-0.079383,-0.017133,0.116222,0.070032,0.028898,0.007633,0.022040,0.045306
0.326758,0.194893,0.107427,0.156089,1.000000,0.246233,0.299500,0.371880,0.274317,0.228268,-0.053930,0.251495,0.399353,0.286011,0.180153,0.173228,0.150023,0.145590,0.035758,0.028728,0.032796,0.006029,0.056121,0.071915,0.033664,-0.019314,0.024582,0.061125,0.015703,0.017056,0.007632,0.156432,0.028775,0.381117,-0.045427,0.015043,-0.035568,0.062900,-0.046110,-0.008891,0.034550,0.289887,0.103048,0.109899,0.090863,0.020359,0.044268,0.096911,0.091165,0.107890,0.027929,0.028959,0.064820,0.085063,0.071857,0.034260,0.119805,0.085382,-0.063567,0.141125,0.060016,-0.042941,-0.012140,0.082371,0.091391,0.062430,0.027059,0.014289
0.086604,0.123318,0.018149,0.120109,0.246233,1.000000,0.284656,0.530984,0.383114,0.363429,0.008796,0.270903,0.436020,0.283492,0.125488,0.170343,0.149647,0.045166,0.128592,-0.038611,0.024460,-0.033427,-0.043073,0.051092,-0.029363,-0.043899,-0.002103,-0.006851,0.019385,-0.020374,-0.008265,0.039483,-0.001354,0.111427,-0.028426,0.102329,-0.032273,0.023210,0.044395,0.015487,0.126022,0.387478,0.170335,0.189553,0.103383,-0.014916,0.003400,0.037798,-0.034104,0.056653,0.041309,-0.015357,0.054592,-0.000908,0.042123,0.025528,0.188074,-0.044939,-0.000235,0.014228,0.091437,-0.025987,-0.004957,0.194430,0.053084,0.104863,0.048449,-0.033502
0.089982,0.233342,0.078719,0.086228,0.299500,0.284656,1.000000,0.445739,0.319267,0.146293,0.029734,0.183908,0.316662,0.213812,0.035463,-0.041989,-0.055236,-0.120937,-0.068387,-0.110236,-0.018382,-0.059287,0.029830,0.006637,0.041719,-0.001739,-0.030490,-0.020989,-0.056303,-0.085727,-0.031558,-0.001996,-0.004542,0.015268,0.073732,-0.015121,-0.025786,0.057143,0.037260,0.022282,0.292480,0.295537,0.090503,0.041789,-0.000184,0.037907,-0.043507,-0.001450,-0.022291,-0.012245,-0.012518,-0.113401,-0.039511,-0.004565,0.030459,0.059194,0.065039,0.059415,-0.108549,0.046853,0.099634,-0.013590,-0.026047,0.077712,0.084316,-0.016210,-0.035685,-0.055360
0.153144,0.124705,0.110293,0.148517,0.371880,0.530984,0.445739,1.000000,0.588342,0.468732,-0.051907,0.482829,0.808123,0.482370,0.203432,0.201799,0.118102,0.099805,0.079346,-0.048713,0.025310,-0.056787,0.026389,0.008756,0.029116,0.011811,-0.026307,0.001388,0.084838,0.017907,0.021286,0.059395,0.063119,0.155605,-0.045090,0.103116,0.010869,0.054366,0.105153,0.043428,0.240615,0.745671,0.249227,0.293948,0.066784,-0.053874,-0.026439,-0.003997,-0.029004,0.077100,0.095096,-0.021077,0.035336,0.025444,0.037157,0.097192,0.169526,0.048106,-0.014219,0.114601,0.109915,0.085626,0.007096,0.146636,0.045080,0.141213,0.063602,0.034707
0.224187,0.070182,0.095871,0.257489,0.274317,0.383114,0.319267,0.588342,1.000000,0.603082,0.142208,0.513601,0.548577,0.452616,0.237963,0.242750,0.188280,0.182794,0.191220,0.030822,0.044600,-0.042890,0.016670,0.022605,0.054620,-0.002939,-0.013422,0.004856,0.065456,0.090232,0.059729,0.119871,0.046439,0.215248,-0.064984,0.028386,0.032291,0.024485,-0.007686,0.048201,0.134576,0.631855,0.330662,0.354835,0.119975,-0.019942,0.062880,0.079078,-0.016926,0.075339,0.097712,-0.025198,0.039681,0.018133,0.007232,0.048542,0.161428,0.058273,-0.010743,-0.006411,0.041370,0.044958,-0.025733,0.114480,0.084808,-0.038711,0.056726,-0.062051
0.062340,0.009920,0.067753,0.277731,0.228268,0.363429,0.146293,0.468732,0.603082,1.000000,0.131610,0.336539,0.417330,0.366277,0.195625,0.352057,0.268574,0.146131,0.197303,0.028964,0.075716,0.002044,0.026069,0.007859,0.028013,-0.008681,-0.029825,0.015161,0.078431,0.044709,0.062077,0.070300,0.086567,0.104654,-0.057901,0.097248,0.047810,0.070310,0.033701,-0.009346,0.049757,0.438057,0.275842,0.533559,0.096347,-0.121161,-0.054971,0.014311,-0.073699,0.131971,0.090233,-0.026062,0.038841,-0.052795,0.096542,0.113965,0.081616,0.075564,-0.020646,0.080222,0.024134,0.013416,-0.035145,0.108609,0.042166,0.005524,0.112820,0.040867
0.018546,-0.078431,0.062505,0.086356,-0.053930,0.008796,0.029734,-0.051907,0.142208,0.131610,1.000000,0.047194,-0.018335,0.468566,0.091333,0.045882,-0.022400,-0.050726,-0.015887,-0.014804,0.117804,0.106772,0.057818,-0.041217,0.067116,-0.055982,-0.013312,-0.046227,-0.010753,-0.016334,0.019741,-0.129822,0.053902,-0.075725,0.073125,-0.093758,0.091075,-0.082059,0.065287,0.088657,0.042547,0.130724,0.165675,0.146317,0.033437,-0.002105,0.061262,-0.069751,-0.171608,0.059987,0.042271,-0.018250,0.023588,-0.140650,-0.004507,-0.000309,0.058156,0.021493,-0.005245,0.060611,0.152657,0.115990,0.020430,0.029779,-0.019248,0.033614,-0.033278,0.037985
0.188681,0.125046,0.068449,0.369817,0.251495,0.270903,0.183908,0.482829,0.513601,0.336539,0.047194,1.000000,0.576279,0.443658,0.206783,0.187307,0.043312,0.211354,0.028482,0.035930,0.020528,-0.073695,-0.001954,0.030073,0.034086,-0.029698,0.019910,0.092335,-0.008538,0.022524,0.052356,0.053184,0.083146,0.152226,-0.023313,0.064024,0.095226,0.073073,0.045189,0.062795,0.084341,0.548046,0.272675,0.206217,0.174304,0.040206,0.175017,0.161767,0.080709,0.089855,0.010471,0.018459,0.060441,0.090988,-0.037773,-0.040299,0.133660,-0.004891,-0.000789,0.027781,-0.026693,0.027113,-0.022383,0.043649,0.071467,0.026447,-0.059039,0.014532
0.178153,0.139895,0.127912,0.185579,0.399353,0.436020,0.316662,0.808123,0.548577,0.417330,-0.018335,0.576279,1.000000,0.592623,0.251058,0.186014,0.071121,0.105232,0.091755,-0.042342,0.027531,-0.064239,0.021027,-0.041097,0.008237,-0.055585,-0.027251,0.037896,0.089680,0.050653,-0.016871,0.054826,0.047027,0.190967,0.004175,0.130209,0.037229,0.109114,0.063559,0.101975,0.149141,0.768300,0.329384,0.312600,0.243990,0.084080,0.201195,0.199341,0.053970,0.116818,0.202905,0.050891,0.091509,0.096184,-0.001732,0.064230,0.203112,0.066936,0.048149,0.090561,0.089293,0.121823,0.017322,0.170119,0.034342,0.152367,0.098432,0.055605
0.221684,0.117575,0.122407,0.189512,0.286011,0.283492,0.213812,0.482370,0.452616,0.366277,0.468566,0.443658,0.592623,1.000000,0.443643,0.199003,0.119352,0.132358,0.044548,0.065019,0.078068,-0.010731,0.073489,0.013693,0.049344,-0.036455,-0.014593,0.021432,0.052630,0.005098,0.049062,0.015948,0.034351,0.108273,0.042611,0.097000,0.057169,0.061510,0.089895,0.154583,0.123143,0.607474,0.357996,0.348562,0.351529,0.034841,0.163732,0.212420,0.072362,0.189051,0.179074,0.088189,0.137365,0.124299,0.068033,0.067926,0.178062,0.064627,0.011379,0.134933,0.142848,0.116694,0.044072,0.201255,0.051155,0.106062,-0.013911,0.107610
0.165548,0.101186,0.149655,0.105091,0.180153,0.125488,0.035463,0.203432,0.237963,0.195625,0.091333,0.206783,0.251058,0.443643,1.000000,0.194306,0.250913,0.291513,0.132275,0.497634,0.097943,0.045770,0.057446,0.023897,0.100634,0.136799,0.035578,0.013531,0.151996,0.101060,0.071675,0.075481,-0.028335,0.115774,0.015789,0.078473,0.005830,0.060379,0.005453,0.075005,0.013246,0.264964,0.143998,0.120012,0.270436,0.071765,0.100716,0.173784,0.163899,0.118706,0.110426,0.170617,0.155871,0.247283,0.153628,0.112106,0.132263,0.136875,0.065244,-0.015393,-0.117305,0.020417,0.069925,0.110096,0.038244,0.192066,0.000701,0.055218
0.088008,-0.030996,0.057052,0.115659,0.173228,0.170343,-0.041989,0.201799,0.242750,0.352057,0.045882,0.187307,0.186014,0.199003,0.194306,1.000000,0.418204,0.314830,0.152263,0.066388,0.054586,-0.010602,-0.017789,0.109572,0.012301,-0.023102,-0.039028,0.043032,0.120673,0.146267,0.042490,0.178055,0.016590,0.228983,-0.083339,0.029013,-0.018229,0.025635,-0.076011,-0.038841,-0.037309,0.207201,0.080193,0.198887,0.084063,-0.004211,0.014988,-0.020357,-0.024092,0.172004,0.066850,-0.028802,0.013080,-0.020586,0.062431,-0.019002,-0.065097,-0.078256,-0.032263,0.057689,-0.032443,-0.084550,-0.002823,-0.005910,0.008305,-0.093204,0.039339,-0.049502
0.163226,-0.016622,0.016515,0.057664,0.150023,0.149647,-0.055236,0.118102,0.188280,0.268574,-0.022400,0.043312,0.071121,0.119352,0.250913,0.418204,1.000000,0.331331,0.281539,0.129485,0.039522,0.016720,-0.017167,0.068278,0.064742,0.012365,0.033220,0.043155,0.164124,0.260809,0.048383,0.263458,0.009551,0.258241,-0.033571,0.033470,-0.043916,-0.023018,-0.079862,-0.030877,0.006457,0.084238,0.042558,0.123850,0.002405,-0.089322,-0.041376,-0.008936,0.021276,0.075220,-0.014010,0.087075,0.068767,0.018252,0.110911,0.031318,-0.005044,0.020839,0.017054,-0.015773,-0.009322,0.033878,0.005133,0.047090,0.042719,-0.009658,-0.008401,-0.030278
0.220799,0.084842,0.033826,0.099244,0.145590,0.045166,-0.120937,0.099805,0.182794,0.146131,-0.050726,0.211354,0.105232,0.132358,0.291513,0.314830,0.331331,1.000000,0.339764,0.214677,0.097664,0.059288,0.013516,0.070457,0.106243,0.192112,0.106059,0.074774,0.238590,0.290041,0.019225,0.347930,0.016744,0.286081,0.041578,0.008699,0.036427,0.027588,0.025053,0.058390,0.008947,0.144512,0.030957,0.109149,0.091008,-0.068568,0.017013,0.064908,0.113455,0.077284,-0.009889,0.214869,0.104339,0.140109,0.031789,-0.026214,0.049606,-0.026486,0.032972,0.034995,0.027649,0.058001,0.111882,0.077720,0.014570,0.060736,-0.017608,0.054887
0.052071,-0.087288,0.028776,-0.008083,0.035758,0.128592,-0.068387,0.079346,0.191220,0.197303,-0.015887,0.028482,0.091755,0.044548,0.132275,0.152263,0.281539,0.339764,1.000000,0.021761,-0.085095,-0.083151,-0.003779,-0.059782,0.077203,0.089098,0.075800,0.016989,0.364402,0.418338,0.108583,0.208617,-0.026316,0.082923,0.047853,0.069593,0.016025,-0.031992,-0.010029,0.022536,0.042299,0.089030,0.054923,0.123931,0.064292,-0.019390,0.009335,0.014642,0.052502,0.009257,0.090809,0.084100,0.049387,0.056652,0.016277,0.052361,0.047511,-0.038134,0.091787,-0.012819,0.055496,0.082076,0.076433,0.171079,0.051049,0.084571,0.044194,0.051153
0.066370,0.055554,0.058880,0.111879,0.028728,-0.038611,-0.110236,-0.048713,0.030822,0.028964,-0.014804,0.035930,-0.042342,0.065019,0.497634,0.066388,0.129485,0.214677,0.021761,1.000000,0.146817,0.164540,0.041161,0.166161,0.073026,0.080492,0.033209,0.062614,0.057239,0.028184,-0.000735,0.068907,0.027494,0.092498,-0.001861,0.007349,0.067897,0.021095,-0.009357,0.040000,-0.033179,0.032078,0.099104,0.016892,0.119329,0.024234,0.035342,0.079260,0.084726,0.020018,0.059609,0.176416,0.099478,0.126915,0.093089,0.106697,0.015166,0.049260,0.049516,-0.107590,-0.102505,-0.008910,0.148941,0.002869,-0.026911,0.040879,-0.044964,0.004808
0.052373,0.086782,-0.013240,0.086227,0.032796,0.024460,-0.018382,0.025310,0.044600,0.075716,0.117804,0.020528,0.027531,0.078068,0.097943,0.054586,0.039522,0.097664,-0.085095,0.146817,1.000000,0.837833,0.078180,0.311070,0.003303,0.053656,-0.008707,-0.009796,-0.016526,-0.061270,0.000712,0.018418,0.049578,0.029355,-0.028644,0.042143,0.053557,-0.043793,0.056791,0.057003,-0.017260,0.045518,0.040660,0.051540,-0.000544,-0.033129,-0.042414,0.007132,-0.018812,0.022939,-0.001400,0.078048,0.068189,-0.031263,0.012896,0.009703,0.073175,0.027112,0.023339,0.080889,-0.034437,0.019430,0.041243,0.030933,-0.018364,-0.002250,0.073381,0.058627
0.044726,0.053070,-0.029921,0.069025,0.006029,-0.033427,-0.059287,-0.056787,-0.042890,0.002044,0.106772,-0.073695,-0.064239,-0.010731,0.045770,-0.010602,0.016720,0.059288,-0.083151,0.164540,0.837833,1.000000,0.102031,0.358998,0.053072,0.036397,0.004514,-0.005961,-0.008007,-0.029509,-0.045784,0.019243,0.054258,0.051706,-0.036477,-0.014593,0.074946,-0.018282,0.069723,0.048143,-0.052902,-0.048978,0.013761,0.030087,-0.032477,-0.029410,-0.052737,-0.027656,-0.049168,-0.037623,0.001391,0.070439,0.058592,-0.051275,0.024098,0.042418,0.087135,-0.017596,0.003743,0.054400,-0.046332,0.043206,0.070428,0.051804,0.005439,-0.022017,0.068263,0.057190
0.114822,0.060670,0.038834,0.026835,0.056121,-0.043073,0.029830,0.026389,0.016670,0.026069,0.057818,-0.001954,0.021027,0.073489,0.057446,-0.017789,-0.017167,0.013516,-0.003779,0.041161,0.078180,0.102031,1.000000,0.024838,0.460317,-0.032422,-0.025630,0.008433,0.109034,-0.013228,-0.044578,-0.002392,-0.000480,0.094655,-0.011030,-0.009459,0.028285,0.047821,0.052078,-0.012675,0.056322,0.030814,0.084794,0.105200,0.016712,0.035223,0.049789,0.001060,0.019409,0.053193,-0.003089,-0.057509,0.007806,0.014126,-0.066070,-0.039253,0.050349,-0.022070,0.010313,-0.026850,0.027573,0.102556,-0.019499,0.075347,0.023820,0.053749,-0.033606,0.025065
0.145418,0.155634,-0.108459,0.042332,0.071915,0.051092,0.006637,0.008756,0.022605,0.007859,-0.041217,0.030073,-0.041097,0.013693,0.023897,0.109572,0.068278,0.070457,-0.059782,0.166161,0.311070,0.358998,0.024838,1.000000,0.018694,0.009518,-0.057000,0.063634,-0.055430,0.032331,-0.060262,0.100037,0.074835,0.170923,-0.043055,-0.062251,-0.055339,-0.026404,-0.030988,-0.050498,-0.081975,-0.050452,-0.032960,-0.031060,-0.072962,-0.020413,-0.102193,-0.048057,0.024843,0.059414,-0.087348,-0.006138,-0.007499,-0.018166,-0.006708,-0.052338,0.009001,-0.050480,0.019104,0.136991,-0.029686,-0.016466,0.037027,-0.061537,-0.008722,-0.097737,0.074713,-0.107722
0.139241,-0.020752,0.022607,0.020108,0.033664,-0.029363,0.041719,0.029116,0.054620,0.028013,0.067116,0.034086,0.008237,0.049344,0.100634,0.012301,0.064742,0.106243,0.077203,0.073026,0.003303,0.053072,0.460317,0.018694,1.000000,0.042078,0.030412,0.069985,0.139384,0.125475,-0.037316,0.084003,0.058118,0.098699,0.058044,-0.042405,-0.007759,0.042180,0.078246,0.021074,0.016282,0.033356,0.061845,0.016129,0.034005,0.005067,-0.011137,-0.044735,-0.067043,0.037153,-0.052634,-0.011283,-0.026084,-0.059687,-0.005103,0.022582,0.088287,-0.009908,-0.018536,-0.067555,-0.003888,0.048373,0.000680,0.022846,-0.009284,0.073243,-0.019617,0.018150
0.058808,0.045805,-0.020694,0.000332,-0.019314,-0.043899,-0.001739,0.011811,-0.002939,-0.008681,-0.055982,-0.029698,-0.055585,-0.036455,0.136799,-0.023102,0.012365,0.192112,0.089098,0.080492,0.053656,0.036397,-0.032422,0.009518,0.042078,1.000000,0.276359,-0.087285,0.173356,0.000570,-0.008364,0.092087,0.036646,-0.001398,-0.025211,-0.016515,0.042563,-0.061460,-0.035091,-0.014610,-0.037158,-0.015158,-0.000713,0.077101,0.021699,-0.031587,-0.055723,0.015854,-0.003329,0.009350,-0.064708,0.107299,0.085344,-0.016219,0.007999,0.013382,-0.060381,0.042407,0.031656,0.031252,0.053137,-0.030522,0.090633,-0.050786,0.044708,-0.053569,-0.002848,-0.030511
0.003393,-0.076088,0.007363,0.005192,0.024582,-0.002103,-0.030490,-0.026307,-0.013422,-0.029825,-0.013312,0.019910,-0.027251,-0.014593,0.035578,-0.039028,0.033220,0.106059,0.075800,0.033209,-0.008707,0.004514,-0.025630,-0.057000,0.030412,0.276359,1.000000,0.044806,0.079677,0.046501,-0.045993,0.062644,-0.009240,0.022158,-0.081310,0.005362,0.048321,-0.020973,-0.068768,-0.076248,-0.070122,-0.032291,-0.022313,-0.017835,0.006450,0.051675,0.040838,0.012517,0.030156,-0.002346,-0.057481,0.102245,0.103762,0.029126,-0.019812,-0.000168,-0.006084,-0.025946,0.019864,-0.008198,0.025175,0.010891,0.091117,-0.021138,-0.043463,-0.046449,-0.005057,-0.028364
0.062630,-0.088073,-0.052925,0.070643,0.061125,-0.006851,-0.020989,0.001388,0.004856,0.015161,-0.046227,0.092335,0.037896,0.021432,0.013531,0.043032,0.043155,0.074774,0.016989,0.062614,-0.009796,-0.005961,0.008433,0.063634,0.069985,-0.087285,0.044806,1.000000,0.066139,0.062066,0.038511,0.039064,-0.017276,0.202432,-0.025510,0.069474,-0.005188,0.049164,0.012201,-0.008241,0.032383,0.015998,0.027221,-0.017543,0.013657,-0.031520,-0.020744,0.005903,0.059892,0.016717,0.000156,0.025902,0.037325,0.069826,0.005450,-0.014533,-0.003280,-0.025865,-0.044023,-0.010098,-0.035373,0.045146,0.032144,0.006766,-0.001979,0.042088,-0.034566,0.019233
-0.013841,-0.041121,0.039967,-0.041068,0.015703,0.019385,-0.056303,0.084838,0.065456,0.078431,-0.010753,-0.008538,0.089680,0.052630,0.151996,0.120673,0.164124,0.238590,0.364402,0.057239,-0.016526,-0.008007,0.109034,-0.055430,0.139384,0.173356,0.079677,0.066139,1.000000,0.404553,0.053778,0.206651,-0.037983,0.112651,0.046906,0.052096,-0.018292,-0.017381,0.010285,0.024149,-0.022628,0.050424,0.015452,0.092765,-0.006277,-0.065565,-0.012879,-0.014435,0.070456,0.032369,0.101854,0.053007,0.061755,0.087169,0.067047,0.078674,0.045425,-0.030885,0.055245,0.003238,0.120301,0.053182,0.100833,0.143342,0.068131,0.170368,0.060016,0.007165
0.118334,-0.039025,-0.032896,0.020782,0.017056,-0.020374,-0.085727,0.017907,0.090232,0.044709,-0.016334,0.022524,0.050653,0.005098,0.101060,0.146267,0.260809,0.290041,0.418338,0.028184,-0.061270,-0.029509,-0.013228,0.032331,0.125475,0.000570,0.046501,0.062066,0.404553,1.000000,0.182520,0.393474,0.050547,0.183845,0.058791,0.010880,-0.018116,0.050069,-0.041995,0.009421,0.015721,0.057797,0.013743,0.019894,0.041558,-0.071012,0.029562,0.023462,0.054038,0.037339,0.030210,0.019405,-0.039972,0.048649,0.036386,0.008055,0.000928,0.011279,0.115837,0.006031,0.042181,0.087461,0.016738,0.033696,0.036728,0.001963,0.063108,-0.022801
-0.053558,-0.117428,-0.014538,0.128255,0.007632,-0.008265,-0.031558,0.021286,0.059729,0.062077,0.019741,0.052356,-0.016871,0.049062,0.071675,0.042490,0.048383,0.019225,0.108583,-0.000735,0.000712,-0.045784,-0.044578,-0.060262,-0.037316,-0.008364,-0.045993,0.038511,0.053778,0.182520,1.000000,0.047399,0.025548,-0.015263,0.024526,0.077260,0.035281,0.053798,0.030723,0.006211,-0.015563,0.083322,0.036133,0.049698,0.074013,-0.053476,0.036237,0.038675,-0.008594,0.000592,0.033154,-0.044078,-0.001342,0.012858,-0.011352,-0.018441,-0.003471,0.021941,-0.052185,-0.071781,-0.026089,0.064532,-0.019676,-0.010065,0.020386,-0.039004,0.022669,0.057307
0.135631,-0.048176,-0.061117,-0.016848,0.156432,0.039483,-0.001996,0.059395,0.119871,0.070300,-0.129822,0.053184,0.054826,0.015948,0.075481,0.178055,0.263458,0.347930,0.208617,0.068907,0.018418,0.019243,-0.002392,0.100037,0.084003,0.092087,0.062644,0.039064,0.206651,0.393474,0.047399,1.000000,0.059414,0.272432,-0.004532,-0.013031,-0.105255,-0.045804,-0.044972,-0.044821,-0.005399,0.052661,-0.009974,0.012207,-0.015178,-0.043607,-0.010120,0.057024,0.103678,-0.010674,-0.042576,-0.024985,-0.002755,0.088921,0.054979,-0.036379,-0.031026,0.019813,0.026856,0.098815,0.114356,0.031398,-0.036765,0.013034,0.061119,-0.063753,0.047123,0.012526
0.061217,-0.010697,-0.072742,0.025840,0.028775,-0.001354,-0.004542,0.063119,0.046439,0.086567,0.053902,0.083146,0.047027,0.034351,-0.028335,0.016590,0.009551,0.016744,-0.026316,0.027494,0.049578,0.054258,-0.000480,0.074835,0.058118,0.036646,-0.009240,-0.017276,-0.037983,0.050547,0.025548,0.059414,1.000000,-0.006891,-0.014799,-0.079250,-0.054999,0.043404,-0.017802,-0.029382,0.023489,0.058546,0.029399,-0.006968,-0.054416,-0.002463,-0.029936,-0.050213,-0.036198,0.049605,-0.015230,-0.032099,-0.012837,-0.036084,-0.013289,-0.006064,0.006804,-0.033287,-0.046623,0.023236,0.062988,-0.020808,-0.012439,0.042686,-0.014964,-0.021343,0.019794,-0.033737
0.494075,0.067729,0.004112,0.092242,0.381117,0.111427,0.015268,0.155605,0.215248,0.104654,-0.075725,0.152226,0.190967,0.108273,0.115774,0.228983,0.258241,0.286081,0.082923,0.092498,0.029355,0.051706,0.094655,0.170923,0.098699,-0.001398,0.022158,0.202432,0.112651,0.183845,-0.015263,0.272432,-0.006891,1.000000,-0.037294,-0.045970,0.003408,-0.030314,-0.055600,0.003189,-0.043339,0.163768,0.065047,0.058372,0.027919,-0.013697,0.007688,0.015437,0.085112,0.091194,0.007103,0.012146,0.019161,0.044509,0.082491,0.009124,0.057785,-0.016558,0.012443,0.012644,0.042788,-0.039604,-0.012154,0.074382,-0.085980,-0.064711,0.039478,-0.048925
0.078463,0.072211,-0.010327,0.027033,-0.045427,-0.028426,0.073732,-0.045090,-0.064984,-0.057901,0.073125,-0.023313,0.004175,0.042611,0.015789,-0.083339,-0.033571,0.041578,0.047853,-0.001861,-0.028644,-0.036477,-0.011030,-0.043055,0.058044,-0.025211,-0.081310,-0.025510,0.046906,0.058791,0.024526,-0.004532,-0.014799,-0.037294,1.000000,0.184655,-0.082052,0.109748,0.363856,0.135088,0.151460,0.012246,0.038041,0.059386,0.005271,0.044455,0.036421,0.024385,0.052738,0.020568,0.079340,0.098401,0.120610,0.034238,-0.034727,0.015607,0.096844,0.020758,0.107701,-0.038811,-0.041034,0.104550,0.111401,0.074122,-0.079785,0.108748,-0.005937,0.476038
-0.072857,-0.008615,0.130045,0.090248,0.015043,0.102329,-0.015121,0.103116,0.028386,0.097248,-0.093758,0.064024,0.130209,0.097000,0.078473,0.029013,0.033470,0.008699,0.069593,0.007349,0.042143,-0.014593,-0.009459,-0.062251,-0.042405,-0.016515,0.005362,0.069474,0.052096,0.010880,0.077260,-0.013031,-0.079250,-0.045970,0.184655,1.000000,-0.031176,0.102144,0.244994,0.110296,0.179838,0.145970,0.163131,0.199414,0.123189,-0.053970,0.033561,0.085044,0.075696,-0.004282,0.129803,0.085342,0.134470,0.087639,0.044989,0.079945,0.127793,0.064477,0.128519,0.058501,0.032880,0.036061,0.103830,0.126230,0.010638,0.153046,0.098535,0.239214
-0.023841,-0.012901,0.052827,0.090379,-0.035568,-0.032273,-0.025786,0.010869,0.032291,0.047810,0.091075,0.095226,0.037229,0.057169,0.005830,-0.018229,-0.043916,0.036427,0.016025,0.067897,0.053557,0.074946,0.028285,-0.055339,-0.007759,0.042563,0.048321,-0.005188,-0.018292,-0.018116,0.035281,-0.105255,-0.054999,0.003408,-0.082052,-0.031176,1.000000,0.068435,0.059202,0.087883,-0.031691,0.051391,0.044812,0.033700,0.074888,-0.012443,0.007244,0.043886,-0.049577,-0.076202,-0.074282,0.034603,-0.010150,-0.047706,0.016636,0.018189,-0.066256,0.003247,-0.050658,0.087543,0.043912,-0.069764,-0.051206,-0.049599,-0.031940,-0.061356,0.031710,-0.004384
0.009732,0.007840,0.070224,0.290385,0.062900,0.023210,0.057143,0.054366,0.024485,0.070310,-0.082059,0.073073,0.109114,0.061510,0.060379,0.025635,-0.023018,0.027588,-0.031992,0.021095,-0.043793,-0.018282,0.047821,-0.026404,0.042180,-0.061460,-0.020973,0.049164,-0.017381,0.050069,0.053798,-0.045804,0.043404,-0.030314,0.109748,0.102144,0.068435,1.000000,0.109703,0.092683,0.145046,0.116174,0.112726,0.062409,0.108364,0.374869,0.221044,0.139194,0.120111,0.055484,0.066557,0.039189,0.075589,0.080851,0.014895,0.012465,0.072019,-0.010950,0.022399,0.018612,-0.038555,-0.034255,0.053498,0.097961,-0.023380,0.098356,-0.055880,0.109831
-0.012063,0.063598,0.051480,-0.003206,-0.046110,0.044395,0.037260,0.105153,-0.007686,0.033701,0.065287,0.045189,0.063559,0.089895,0.005453,-0.076011,-0.079862,0.025053,-0.010029,-0.009357,0.056791,0.069723,0.052078,-0.030988,0.078246,-0.035091,-0.068768,0.012201,0.010285,-0.041995,0.030723,-0.044972,-0.017802,-0.055600,0.363856,0.244994,0.059202,0.109703,1.000000,0.359701,0.267313,0.132024,0.246308,0.115530,-0.038037,-0.044895,-0.067498,-0.056703,-0.046717,-0.010040,0.075331,0.040586,0.097913,-0.059722,-0.007153,0.003954,0.259959,0.012170,0.090506,-0.033402,0.040500,0.126768,0.200901,0.146480,0.066508,0.207768,-0.070003,0.542670
-0.005418,0.058833,-0.011014,0.164778,-0.008891,0.015487,0.022282,0.043428,0.048201,-0.009346,0.088657,0.062795,0.101975,0.154583,0.075005,-0.038841,-0.030877,0.058390,0.022536,0.040000,0.057003,0.048143,-0.012675,-0.050498,0.021074,-0.014610,-0.076248,-0.008241,0.024149,0.009421,0.006211,-0.044821,-0.029382,0.003189,0.135088,0.110296,0.087883,0.092683,0.359701,1.000000,0.274627,0.314231,0.588673,0.250551,0.053974,0.017455,0.002771,-0.023522,-0.001100,0.087656,0.286469,0.081180,0.130195,0.005199,0.055389,0.027627,0.209353,0.052276,0.055940,-0.043290,0.018715,0.057540,0.237532,0.353423,0.176334,0.178320,-0.061843,0.297308
0.018046,0.079404,0.118615,0.097836,0.034550,0.126022,0.292480,0.240615,0.134576,0.049757,0.042547,0.084341,0.149141,0.123143,0.013246,-0.037309,0.006457,0.008947,0.042299,-0.033179,-0.017260,-0.052902,0.056322,-0.081975,0.016282,-0.037158,-0.070122,0.032383,-0.022628,0.015721,-0.015563,-0.005399,0.023489,-0.043339,0.151460,0.179838,-0.031691,0.145046,0.267313,0.274627,1.000000,0.257049,0.266361,0.093522,-0.008810,0.024511,0.003127,-0.027383,0.014831,0.003025,0.055193,-0.012623,0.050673,-0.006203,0.007777,0.013612,0.093765,0.044487,-0.001060,-0.031797,0.027522,0.056353,0.093332,0.205950,0.040486,0.104804,-0.059307,0.191613
0.148391,0.085550,0.125209,0.281256,0.289887,0.387478,0.295537,0.745671,0.631855,0.438057,0.130724,0.548046,0.768300,0.607474,0.264964,0.207201,0.084238,0.144512,0.089030,0.032078,0.045518,-0.048978,0.030814,-0.050452,0.033356,-0.015158,-0.032291,0.015998,0.050424,0.057797,0.083322,0.052661,0.058546,0.163768,0.012246,0.145970,0.051391,0.116174,0.132024,0.314231,0.257049,1.000000,0.512742,0.414137,0.374902,0.109225,0.302593,0.294418,0.087577,0.115490,0.248563,0.096919,0.136278,0.131983,-0.001338,0.077891,0.224444,0.092601,0.063517,0.021987,0.080344,0.108494,0.107592,0.246107,0.097230,0.157528,0.054449,0.134621
0.094107,0.089366,0.086416,0.262487,0.103048,0.170335,0.090503,0.249227,0.330662,0.275842,0.165675,0.272675,0.329384,0.357996,0.143998,0.080193,0.042558,0.030957,0.054923,0.099104,0.040660,0.013761,0.084794,-0.032960,0.061845,-0.000713,-0.022313,0.027221,0.015452,0.013743,0.036133,-0.009974,0.029399,0.065047,0.038041,0.163131,0.044812,0.112726,0.246308,0.588673,0.266361,0.512742,1.000000,0.496847,0.098058,0.063359,0.037915,0.043019,0.005593,0.188905,0.336331,0.079709,0.222979,0.021711,0.067021,0.050531,0.216115,0.084117,-0.001457,-0.034093,0.034220,0.079027,0.223986,0.320959,0.150527,0.188447,-0.003350,0.210412
0.043277,0.017416,0.081237,0.216774,0.109899,0.189553,0.041789,0.293948,0.354835,0.533559,0.146317,0.206217,0.312600,0.348562,0.120012,0.198887,0.123850,0.109149,0.123931,0.016892,0.051540,0.030087,0.105200,-0.031060,0.016129,0.077101,-0.017835,-0.017543,0.092765,0.019894,0.049698,0.012207,-0.006968,0.058372,0.059386,0.199414,0.033700,0.062409,0.115530,0.250551,0.093522,0.414137,0.496847,1.000000,0.131197,-0.099142,0.006024,0.037237,-0.076689,0.202870,0.272955,0.070063,0.189006,-0.071309,-0.033385,0.072948,0.201173,0.119815,0.042784,-0.005501,0.020934,0.076691,0.158584,0.280817,0.126449,0.102051,0.090560,0.228702
0.066285,0.037277,0.082782,0.043458,0.090863,0.103383,-0.000184,0.066784,0.119975,0.096347,0.033437,0.174304,0.243990,0.351529,0.270436,0.084063,0.002405,0.091008,0.064292,0.119329,-0.000544,-0.032477,0.016712,-0.072962,0.034005,0.021699,0.006450,0.013657,-0.006277,0.041558,0.074013,-0.015178,-0.054416,0.027919,0.005271,0.123189,0.074888,0.108364,-0.038037,0.053974,-0.008810,0.374902,0.098058,0.131197,1.000000,0.239210,0.541470,0.779718,0.333792,0.042175,0.189748,0.164439,0.127001,0.324714,0.040320,0.107647,0.072092,0.065892,0.053806,-0.066595,-0.065119,0.000859,0.065473,0.161250,0.054070,0.045797,0.013510,0.055107
0.043697,0.023689,0.057027,0.039098,0.020359,-0.014916,0.037907,-0.053874,-0.019942,-0.121161,-0.002105,0.040206,0.084080,0.034841,0.071765,-0.004211,-0.089322,-0.068568,-0.019390,0.024234,-0.033129,-0.029410,0.035223,-0.020413,0.005067,-0.031587,0.051675,-0.031520,-0.065565,-0.071012,-0.053476,-0.043607,-0.002463,-0.013697,0.044455,-0.053970,-0.012443,0.374869,-0.044895,0.017455,0.024511,0.109225,0.063359,-0.099142,0.239210,1.000000,0.613653,0.359964,0.159954,0.013248,0.038889,0.033409,0.051904,0.119926,-0.046866,-0.052187,0.047422,0.021099,0.066083,-0.010388,-0.035252,-0.052986,0.068170,0.055568,-0.019289,0.016032,0.028050,-0.003434
0.006861,-0.004820,0.041046,0.096465,0.044268,0.003400,-0.043507,-0.026439,0.062880,-0.054971,0.061262,0.175017,0.201195,0.163732,0.100716,0.014988,-0.041376,0.017013,0.009335,0.035342,-0.042414,-0.052737,0.049789,-0.102193,-0.011137,-0.055723,0.040838,-0.020744,-0.012879,0.029562,0.036237,-0.010120,-0.029936,0.007688,0.036421,0.033561,0.007244,0.221044,-0.067498,0.002771,0.003127,0.302593,0.037915,0.006024,0.541470,0.613653,1.000000,0.670666,0.252288,-0.050506,0.056548,0.077850,0.085232,0.222674,-0.111684,-0.033007,0.023422,0.053635,0.055700,-0.030329,-0.048215,0.025576,0.094882,0.090037,0.008862,0.007727,-0.006478,0.017795
0.059324,0.063140,0.001124,0.031446,0.096911,0.037798,-0.001450,-0.003997,0.079078,0.014311,-0.069751,0.161767,0.199341,0.212420,0.173784,-0.020357,-0.008936,0.064908,0.014642,0.079260,0.007132,-0.027656,0.001060,-0.048057,-0.044735,0.015854,0.012517,0.005903,-0.014435,0.023462,0.038675,0.057024,-0.050213,0.015437,0.024385,0.085044,0.043886,0.139194,-0.056703,-0.023522,-0.027383,0.294418,0.043019,0.037237,0.779718,0.359964,0.670666,1.000000,0.577544,-0.045210,0.086791,0.156909,0.111526,0.535989,-0.060867,0.020236,0.019487,0.072591,0.034000,-0.027059,-0.034282,-0.045139,0.048025,0.120830,0.084422,0.033277,0.038655,0.059364
0.007969,0.039630,-0.025861,-0.030096,0.091165,-0.034104,-0.022291,-0.029004,-0.016926,-0.073699,-0.171608,0.080709,0.053970,0.072362,0.163899,-0.024092,0.021276,0.113455,0.052502,0.084726,-0.018812,-0.049168,0.019409,0.024843,-0.067043,-0.003329,0.030156,0.059892,0.070456,0.054038,-0.008594,0.103678,-0.036198,0.085112,0.052738,0.075696,-0.049577,0.120111,-0.046717,-0.001100,0.014831,0.087577,0.005593,-0.076689,0.333792,0.159954,0.252288,0.577544,1.000000,-0.053694,0.053582,0.209379,0.094476,0.840409,-0.045060,-0.026088,-0.029412,0.028849,0.016074,0.033778,0.020215,-0.046591,0.011645,0.067952,0.032441,0.037226,-0.007380,0.032941
0.098724,0.091835,0.033514,0.103840,0.107890,0.056653,-0.012245,0.077100,0.075339,0.131971,0.059987,0.089855,0.116818,0.189051,0.118706,0.172004,0.075220,0.077284,0.009257,0.020018,0.022939,-0.037623,0.053193,0.059414,0.037153,0.009350,-0.002346,0.016717,0.032369,0.037339,0.000592,-0.010674,0.049605,0.091194,0.020568,-0.004282,-0.076202,0.055484,-0.010040,0.087656,0.003025,0.115490,0.188905,0.202870,0.042175,0.013248,-0.050506,-0.045210,-0.053694,1.000000,0.215506,0.081751,0.073001,-0.047745,0.033986,0.008219,0.000489,0.013435,-0.031635,-0.001898,0.027285,-0.056134,0.063195,0.157457,-0.039479,0.186981,0.113121,0.024571
-0.066303,-0.009690,0.046056,0.085731,0.027929,0.041309,-0.012518,0.095096,0.097712,0.090233,0.042271,0.010471,0.202905,0.179074,0.110426,0.066850,-0.014010,-0.009889,0.090809,0.059609,-0.001400,0.001391,-0.003089,-0.087348,-0.052634,-0.064708,-0.057481,0.000156,0.101854,0.030210,0.033154,-0.042576,-0.015230,0.007103,0.079340,0.129803,-0.074282,0.066557,0.075331,0.286469,0.055193,0.248563,0.336331,0.272955,0.189748,0.038889,0.056548,0.086791,0.053582,0.215506,1.000000,0.190451,0.266757,0.063906,0.033197,0.125814,0.197374,0.060458,-0.002212,-0.095961,-0.031851,0.068331,0.139237,0.375812,0.219079,0.255339,0.175407,0.149058
0.037267,0.015311,0.061044,-0.006564,0.028959,-0.015357,-0.113401,-0.021077,-0.025198,-0.026062,-0.018250,0.018459,0.050891,0.088189,0.170617,-0.028802,0.087075,0.214869,0.084100,0.176416,0.078048,0.070439,-0.057509,-0.006138,-0.011283,0.107299,0.102245,0.025902,0.053007,0.019405,-0.044078,-0.024985,-0.032099,0.012146,0.098401,0.085342,0.034603,0.039189,0.040586,0.081180,-0.012623,0.096919,0.079709,0.070063,0.164439,0.033409,0.077850,0.156909,0.209379,0.081751,0.190451,1.000000,0.574654,0.208804,0.068716,0.049349,0.097408,0.014115,0.104327,-0.033118,-0.010280,0.020506,0.104247,0.104013,-0.039693,0.099076,0.035051,0.130321
0.035486,0.046605,0.035440,0.067172,0.064820,0.054592,-0.039511,0.035336,0.039681,0.038841,0.023588,0.060441,0.091509,0.137365,0.155871,0.013080,0.068767,0.104339,0.049387,0.099478,0.068189,0.058592,0.007806,-0.007499,-0.026084,0.085344,0.103762,0.037325,0.061755,-0.039972,-0.001342,-0.002755,-0.012837,0.019161,0.120610,0.134470,-0.010150,0.075589,0.097913,0.130195,0.050673,0.136278,0.222979,0.189006,0.127001,0.051904,0.085232,0.111526,0.094476,0.073001,0.266757,0.574654,1.000000,0.108229,-0.020633,0.047367,0.217661,0.001140,0.064229,0.026756,0.083342,0.048682,0.226282,0.257160,0.090222,0.101292,0.055608,0.181090
-0.013536,0.049033,-0.015712,-0.018362,0.085063,-0.000908,-0.004565,0.025444,0.018133,-0.052795,-0.140650,0.090988,0.096184,0.124299,0.247283,-0.020586,0.018252,0.140109,0.056652,0.126915,-0.031263,-0.051275,0.014126,-0.018166,-0.059687,-0.016219,0.029126,0.069826,0.087169,0.048649,0.012858,0.088921,-0.036084,0.044509,0.034238,0.087639,-0.047706,0.080851,-0.059722,0.005199,-0.006203,0.131983,0.021711,-0.071309,0.324714,0.119926,0.222674,0.535989,0.840409,-0.047745,0.063906,0.208804,0.108229,1.000000,-0.002716,0.006919,0.016445,0.065187,-0.002558,0.032910,0.048356,-0.002129,0.030171,0.093996,0.023796,0.092684,0.007479,0.045517
0.033173,-0.023899,0.019830,0.012940,0.071857,0.042123,0.030459,0.037157,0.007232,0.096542,-0.004507,-0.037773,-0.001732,0.068033,0.153628,0.062431,0.110911,0.031789,0.016277,0.093089,0.012896,0.024098,-0.066070,-0.006708,-0.005103,0.007999,-0.019812,0.005450,0.067047,0.036386,-0.011352,0.054979,-0.013289,0.082491,-0.034727,0.044989,0.016636,0.014895,-0.007153,0.055389,0.007777,-0.001338,0.067021,-0.033385,0.040320,-0.046866,-0.111684,-0.060867,-0.045060,0.033986,0.033197,0.068716,-0.020633,-0.002716,1.000000,0.490795,0.063441,-0.064650,0.068234,-0.032349,-0.035263,-0.021636,0.104413,0.029646,0.013063,0.093276,0.000741,-0.010743
0.012267,-0.045965,0.000837,0.005509,0.034260,0.025528,0.059194,0.097192,0.048542,0.113965,-0.000309,-0.040299,0.064230,0.067926,0.112106,-0.019002,0.031318,-0.026214,0.052361,0.106697,0.009703,0.042418,-0.039253,-0.052338,0.022582,0.013382,-0.000168,-0.014533,0.078674,0.008055,-0.018441,-0.036379,-0.006064,0.009124,0.015607,0.079945,0.018189,0.012465,0.003954,0.027627,0.013612,0.077891,0.050531,0.072948,0.107647,-0.052187,-0.033007,0.020236,-0.026088,0.008219,0.125814,0.049349,0.047367,0.006919,0.490795,1.000000,0.099491,0.162760,0.096626,-0.031440,-0.007299,0.026392,0.090810,0.084495,0.042425,0.063304,0.029100,0.025873
0.097043,0.120683,0.006506,0.090332,0.119805,0.188074,0.065039,0.169526,0.161428,0.081616,0.058156,0.133660,0.203112,0.178062,0.132263,-0.065097,-0.005044,0.049606,0.047511,0.015166,0.073175,0.087135,0.050349,0.009001,0.088287,-0.060381,-0.006084,-0.003280,0.045425,0.000928,-0.003471,-0.031026,0.006804,0.057785,0.096844,0.127793,-0.066256,0.072019,0.259959,0.209353,0.093765,0.224444,0.216115,0.201173,0.072092,0.047422,0.023422,0.019487,-0.029412,0.000489,0.197374,0.097408,0.217661,0.016445,0.063441,0.099491,1.000000,0.079603,0.278764,0.009545,0.014529,0.195427,0.249982,0.299925,0.049169,0.331322,0.007618,0.209408
-0.003144,0.049928,0.043233,0.001820,0.085382,-0.044939,0.059415,0.048106,0.058273,0.075564,0.021493,-0.004891,0.066936,0.064627,0.136875,-0.078256,0.020839,-0.026486,-0.038134,0.049260,0.027112,-0.017596,-0.022070,-0.050480,-0.009908,0.042407,-0.025946,-0.025865,-0.030885,0.011279,0.021941,0.019813,-0.033287,-0.016558,0.020758,0.064477,0.003247,-0.010950,0.012170,0.052276,0.044487,0.092601,0.084117,0.119815,0.065892,0.021099,0.053635,0.072591,0.028849,0.013435,0.060458,0.014115,0.001140,0.065187,-0.064650,0.162760,0.079603,1.000000,0.037945,0.003376,-0.038216,0.070956,0.002147,0.071965,0.057433,0.046890,0.077387,0.110223
0.067465,-0.035608,0.079350,-0.034262,-0.063567,-0.000235,-0.108549,-0.014219,-0.010743,-0.020646,-0.005245,-0.000789,0.048149,0.011379,0.065244,-0.032263,0.017054,0.032972,0.091787,0.049516,0.023339,0.003743,0.010313,0.019104,-0.018536,0.031656,0.019864,-0.044023,0.055245,0.115837,-0.052185,0.026856,-0.046623,0.012443,0.107701,0.128519,-0.050658,0.022399,0.090506,0.055940,-0.001060,0.063517,-0.001457,0.042784,0.053806,0.066083,0.055700,0.034000,0.016074,-0.031635,-0.002212,0.104327,0.064229,-0.002558,0.068234,0.096626,0.278764,0.037945,1.000000,0.110580,-0.054451,0.053911,0.258073,0.000872,-0.002747,0.091370,-0.005870,0.083702
0.069149,0.002497,0.079914,0.012978,0.141125,0.014228,0.046853,0.114601,-0.006411,0.080222,0.060611,0.027781,0.090561,0.134933,-0.015393,0.057689,-0.015773,0.034995,-0.012819,-0.107590,0.080889,0.054400,-0.026850,0.136991,-0.067555,0.031252,-0.008198,-0.010098,0.003238,0.006031,-0.071781,0.098815,0.023236,0.012644,-0.038811,0.058501,0.087543,0.018612,-0.033402,-0.043290,-0.031797,0.021987,-0.034093,-0.005501,-0.066595,-0.010388,-0.030329,-0.027059,0.033778,-0.001898,-0.095961,-0.033118,0.026756,0.032910,-0.032349,-0.031440,0.009545,0.003376,0.110580,1.000000,0.481966,0.067292,-0.028543,-0.072795,-0.001997,-0.051066,0.092834,-0.041256
0.019007,-0.000877,-0.027261,-0.079383,0.060016,0.091437,0.099634,0.109915,0.041370,0.024134,0.152657,-0.026693,0.089293,0.142848,-0.117305,-0.032443,-0.009322,0.027649,0.055496,-0.102505,-0.034437,-0.046332,0.027573,-0.029686,-0.003888,0.053137,0.025175,-0.035373,0.120301,0.042181,-0.026089,0.114356,0.062988,0.042788,-0.041034,0.032880,0.043912,-0.038555,0.040500,0.018715,0.027522,0.080344,0.034220,0.020934,-0.065119,-0.035252,-0.048215,-0.034282,0.020215,0.027285,-0.031851,-0.010280,0.083342,0.048356,-0.035263,-0.007299,0.014529,-0.038216,-0.054451,0.481966,1.000000,0.170824,0.002596,0.100792,0.049833,0.030062,0.041203,-0.031365
-0.079353,0.009657,0.009258,-0.017133,-0.042941,-0.025987,-0.013590,0.085626,0.044958,0.013416,0.115990,0.027113,0.121823,0.116694,0.020417,-0.084550,0.033878,0.058001,0.082076,-0.008910,0.019430,0.043206,0.102556,-0.016466,0.048373,-0.030522,0.010891,0.045146,0.053182,0.087461,0.064532,0.031398,-0.020808,-0.039604,0.104550,0.036061,-0.069764,-0.034255,0.126768,0.057540,0.056353,0.108494,0.079027,0.076691,0.000859,-0.052986,0.025576,-0.045139,-0.046591,-0.056134,0.068331,0.020506,0.048682,-0.002129,-0.021636,0.026392,0.195427,0.070956,0.053911,0.067292,0.170824,1.000000,0.116519,0.156013,0.024472,0.134965,0.039687,0.219921
0.046542,0.081640,-0.012866,0.116222,-0.012140,-0.004957,-0.026047,0.007096,-0.025733,-0.035145,0.020430,-0.022383,0.017322,0.044072,0.069925,-0.002823,0.005133,0.111882,0.076433,0.148941,0.041243,0.070428,-0.019499,0.037027,0.000680,0.090633,0.091117,0.032144,0.100833,0.016738,-0.019676,-0.036765,-0.012439,-0.012154,0.111401,0.103830,-0.051206,0.053498,0.200901,0.237532,0.093332,0.107592,0.223986,0.158584,0.065473,0.068170,0.094882,0.048025,0.011645,0.063195,0.139237,0.104247,0.226282,0.030171,0.104413,0.090810,0.249982,0.002147,0.258073,-0.028543,0.002596,0.116519,1.000000,0.266214,0.100855,0.158722,-0.012924,0.213851
