1.000000,0.300108,-0.027905,0.155459,0.192745,0.036265,0.153225,0.054286,0.102748,0.123297,0.032584,-0.006211,0.010768,0.034274,-0.043090,0.035231,0.106618,0.048178,0.075153,-0.062746,-0.050813,0.004558,0.013277,0.008808,0.016703,-0.074169,-0.046291,0.146109,0.075902,0.083729,0.068114,0.216682,0.032147,0.444993,0.017062,0.042045,0.061218,0.140191,0.043496,0.020277,0.034045,0.005131,0.028831,0.074272,0.028111,0.008746,0.036290,0.018194,-0.065584,0.095682,0.058425,0.006392,0.038260,-0.055220,0.049546,0.053541,0.043853,-0.006815,0.054771,-0.068339,-0.024532,-0.044728,0.050391,0.001235,0.048351,-0.083552,-0.037880,0.025404
0.300108,1.000000,-0.053107,0.048191,0.161446,0.092874,0.082329,0.064691,0.084903,0.028480,-0.115771,0.022267,-0.005837,-0.114820,-0.070107,0.001928,0.063557,-0.029605,0.025590,-0.115523,-0.035104,0.000014,0.052349,0.005341,0.018384,0.006045,-0.050448,0.035143,0.034921,0.048251,0.012984,0.098591,-0.009905,0.281555,-0.021237,0.014371,0.033288,0.104309,-0.009852,0.031246,0.068639,0.020547,0.021967,-0.072208,-0.111662,0.047334,-0.027477,-0.094636,-0.049518,-0.028215,0.012429,-0.044987,-0.059321,-0.058800,-0.002728,0.050245,-0.028757,0.025678,-0.046729,0.036573,0.043276,-0.032330,-0.070422,-0.030563,-0.008590,-0.048149,-0.047224,-0.025340
-0.027905,-0.053107,1.000000,0.027317,-0.011046,0.023541,-0.003133,0.003175,0.032989,-0.014807,-0.001848,0.027757,0.033315,-0.024232,-0.047414,0.005535,-0.008990,0.044731,0.049722,-0.031135,0.052367,0.000372,-0.056643,0.080706,0.059000,0.075862,0.000851,0.035937,0.087365,0.028495,-0.019084,-0.007135,-0.011347,0.028311,-0.024589,0.054943,0.083175,0.016392,0.012535,-0.029598,0.006668,-0.027207,-0.055749,-0.026641,-0.054994,0.006236,-0.023871,-0.077849,-0.026865,0.062026,0.044993,0.013718,0.035478,-0.027146,0.017360,-0.027573,-0.020781,-0.009024,0.006975,-0.020717,-0.021605,-0.056144,-0.014454,0.001484,-0.021727,0.017343,0.009029,-0.017498
0.155459,0.048191,0.027317,1.000000,-0.013966,0.166076,0.081295,0.127804,0.134986,-0.087111,-0.104033,0.579797,0.175523,-0.115969,-0.066474,-0.063652,0.050450,0.051682,0.119647,-0.002409,-0.054348,-0.013885,-0.020468,-0.000393,-0.026668,-0.053217,0.001721,-0.000293,0.050878,0.096984,0.071402,0.082764,0.053569,0.113627,0.040872,0.068498,0.228069,0.581057,0.059426,0.063062,0.147991,0.035434,0.030748,-0.117197,-0.147522,0.075564,-0.066305,-0.130661,0.065308,0.016709,0.005487,0.002220,0.026647,0.044786,0.040060,0.092579,0.024131,0.092522,0.012036,-0.038915,-0.032592,-0.047686,0.011288,0.030467,0.023040,0.020342,-0.007771,-0.007362
0.192745,0.161446,-0.011046,-0.013966,1.000000,0.267338,0.473115,0.329883,0.388073,0.378590,0.047366,-0.044173,0.204817,0.057777,0.043899,0.038294,0.330999,0.271840,0.165435,0.075052,0.054429,0.013331,0.156403,-0.007603,0.154025,-0.004513,-0.005339,0.136544,0.299920,0.058246,0.117088,0.204379,0.075580,0.307310,0.033289,0.140216,0.035837,0.153549,0.110128,0.060032,0.091413,0.230976,0.072404,0.123073,0.000450,0.112173,0.113293,0.011492,0.038833,0.172043,0.177671,0.096166,0.051350,0.029797,0.139831,0.144781,-0.005610,0.060216,0.006881,0.093505,0.075894,-0.035006,-0.011075,0.166605,0.028878,0.150063,0.054026,0.051196
0.036265,0.092874,0.023541,0.166076,0.267338,1.000000,0.422122,0.525416,0.652612,0.109018,-0.132714,0.130002,0.328096,-0.123157,0.039930,-0.029905,0.199068,0.197972,0.286010,0.099791,-0.045719,-0.006482,0.036322,-0.006258,0.000997,0.001142,0.019129,0.024168,0.218630,0.236946,0.132080,0.085992,0.082259,0.056107,0.025751,0.043595,0.031680,0.305055,0.271044,0.336796,0.257796,0.391177,0.171879,-0.115593,-0.077149,0.172954,0.082076,-0.044021,0.142429,0.085864,0.266601,0.126965,0.095773,0.090063,0.110958,0.162915,-0.004898,0.160486,-0.036681,-0.008692,0.000780,-0.029819,0.006667,0.268204,0.158314,0.122254,0.123749,0.091785
0.153225,0.082329,-0.003133,0.081295,0.473115,0.422122,1.000000,0.577960,0.646218,0.549607,0.054555,-0.011472,0.385732,0.061973,0.052821,0.080830,0.322810,0.317975,0.216542,0.099643,0.060835,0.030817,0.078122,0.045004,0.074906,-0.003734,0.051709,0.084269,0.300028,0.079717,0.078352,0.107432,0.047921,0.096410,0.025370,0.178075,0.090276,0.318750,0.360542,0.175534,0.190822,0.441129,0.186525,0.223804,-0.000503,0.114827,0.133882,0.025248,0.014563,0.220567,0.349255,0.120051,0.089670,0.023783,0.186958,0.148730,-0.000782,0.047296,-0.038160,-0.004776,0.004066,0.013000,0.010958,0.297870,0.069522,0.230880,0.052111,0.123047
0.054286,0.064691,0.003175,0.127804,0.329883,0.525416,0.577960,1.000000,0.582974,0.464613,0.154898,0.142105,0.783621,0.206734,0.236826,-0.000287,0.188102,0.370091,0.134435,0.365133,-0.008982,-0.024428,0.004839,-0.023336,0.067661,-0.069852,0.002127,0.062700,0.162536,0.077583,0.047045,0.096299,0.125335,0.054911,0.085943,0.119057,0.054759,0.386835,0.313214,0.313486,0.209613,0.846982,0.395476,0.330567,0.063620,0.310562,0.356697,0.159039,0.261936,0.255152,0.381463,0.264400,0.213838,0.240858,0.207508,0.180170,0.024993,0.122441,-0.030545,0.041508,-0.031917,-0.025650,0.094687,0.260614,0.068203,0.207744,0.090568,0.231492
0.102748,0.084903,0.032989,0.134986,0.388073,0.652612,0.646218,0.582974,1.000000,0.399751,-0.053089,0.021114,0.387656,-0.048635,0.061922,-0.001542,0.272049,0.274353,0.334994,0.128577,0.012390,0.014810,0.044733,0.026909,0.000880,-0.016580,0.017189,0.099653,0.267433,0.177888,0.111655,0.088018,0.040190,0.044952,0.033558,0.124275,0.045018,0.406959,0.246956,0.261666,0.160126,0.449328,0.185692,0.040313,-0.020904,0.218186,0.151540,0.029611,0.117635,0.092212,0.308313,0.112440,0.107578,0.084188,0.122933,0.152658,-0.017009,0.128932,-0.044507,-0.012231,-0.054029,-0.029950,0.043164,0.274298,0.109660,0.151469,0.065316,0.113050
0.123297,0.028480,-0.014807,-0.087111,0.378590,0.109018,0.549607,0.464613,0.399751,1.000000,0.270622,-0.143761,0.388844,0.329698,0.148838,0.256669,0.280714,0.288076,0.042862,0.149331,0.021405,-0.001805,0.023867,-0.000963,0.075579,-0.010520,0.015498,0.039873,0.205587,-0.017258,0.039649,0.073706,-0.008458,0.040979,-0.000354,0.078333,0.035506,0.067755,0.115518,-0.058561,-0.073102,0.319879,0.187807,0.615680,0.090721,-0.010539,0.135432,0.148342,-0.080882,0.365501,0.230051,0.054994,0.045902,-0.076749,0.119048,0.029384,-0.020244,0.039988,-0.033596,0.003548,-0.002124,0.008011,0.047043,0.173915,-0.030037,0.142467,0.088596,0.081368
0.032584,-0.115771,-0.001848,-0.104033,0.047366,-0.132714,0.054555,0.154898,-0.053089,0.270622,1.000000,0.043669,0.317465,0.964352,0.549175,0.119059,0.000105,0.046490,-0.148184,0.458477,0.005313,-0.035033,0.008059,-0.032454,0.035874,-0.052008,0.005602,-0.005806,-0.031388,-0.053012,0.026166,0.025676,0.007409,0.012207,0.049620,0.041908,-0.066725,-0.012175,-0.019333,-0.077058,-0.101561,0.174761,0.136658,0.623265,0.682132,0.090084,0.308828,0.604930,0.127589,0.196374,0.063505,0.130699,0.036832,0.195191,0.041868,-0.116171,-0.051287,-0.099073,-0.046609,-0.035447,-0.031957,0.016459,0.008921,0.037658,0.022579,0.016156,0.048063,0.066927
-0.006211,0.022267,0.027757,0.579797,-0.044173,0.130002,-0.011472,0.142105,0.021114,-0.143761,0.043669,1.000000,0.366396,0.030772,0.099669,-0.081840,-0.038613,0.096328,0.061189,0.172884,-0.016535,0.023827,-0.056847,0.033910,-0.003172,0.006206,0.004357,-0.019143,-0.000659,0.071592,0.036705,0.050333,0.050855,0.080490,0.047739,0.020325,0.106096,0.287787,-0.066065,0.002071,0.056591,0.042132,0.032477,-0.049027,0.012052,0.175994,0.092897,0.028227,0.176698,0.004945,0.082327,0.072156,-0.000184,0.165847,0.043391,0.026588,0.040449,0.079087,0.031232,0.006937,-0.028569,-0.063573,0.030230,0.030037,0.016702,-0.007364,-0.003152,-0.020917
0.010768,-0.005837,0.033315,0.175523,0.204817,0.328096,0.385732,0.783621,0.387656,0.388844,0.317465,0.366396,1.000000,0.373305,0.331175,-0.023410,0.131100,0.314062,0.136541,0.479360,0.029308,0.032242,0.005051,0.035170,-0.005888,-0.092038,0.002778,0.079994,0.122923,0.057691,0.062436,0.028858,0.115921,0.038868,0.109352,0.076822,0.075846,0.366111,0.139435,0.071101,0.039310,0.635585,0.239247,0.362027,0.178536,0.422474,0.469907,0.272769,0.284088,0.189784,0.276906,0.236420,0.145424,0.287634,0.149561,0.103276,0.009516,0.072448,0.000525,-0.045553,-0.098018,-0.052457,0.067701,0.123648,-0.005398,0.122073,0.123564,0.155824
0.034274,-0.114820,-0.024232,-0.115969,0.057777,-0.123157,0.061973,0.206734,-0.048635,0.329698,0.964352,0.030772,0.373305,1.000000,0.615663,0.116115,0.014618,0.073428,-0.145546,0.519999,-0.004261,-0.042450,-0.010727,-0.034883,0.031159,-0.059547,-0.007619,-0.006049,-0.025239,-0.065399,0.032135,0.043301,0.018525,0.014814,0.023919,0.015434,-0.054690,-0.019298,-0.030191,-0.098442,-0.122614,0.216623,0.149703,0.665636,0.664904,0.097236,0.344989,0.628130,0.160084,0.223536,0.067555,0.124940,0.029664,0.222467,0.032891,-0.133453,-0.052100,-0.109075,-0.078478,-0.025380,-0.032977,0.007338,0.015685,0.025260,0.013856,0.021173,0.070196,0.042201
-0.043090,-0.070107,-0.047414,-0.066474,0.043899,0.039930,0.052821,0.236826,0.061922,0.148838,0.549175,0.099669,0.331175,0.615663,1.000000,0.012301,0.046402,0.220586,-0.015198,0.769592,0.057248,0.000339,-0.010736,0.022859,-0.003696,0.107126,0.076769,0.008977,0.008008,-0.024243,0.074524,0.114541,0.014795,0.001518,0.008830,0.114965,-0.007943,0.086672,0.061592,0.086782,0.036201,0.265255,0.210691,0.374724,0.359261,0.211821,0.346385,0.399145,0.458676,0.170978,0.185016,0.256578,0.101266,0.458289,0.061184,0.001865,-0.008230,0.007658,-0.043764,0.003524,-0.029537,0.042069,0.059119,0.063685,0.108073,0.050705,0.036837,0.108605
0.035231,0.001928,0.005535,-0.063652,0.038294,-0.029905,0.080830,-0.000287,-0.001542,0.256669,0.119059,-0.081840,-0.023410,0.116115,0.012301,1.000000,0.221040,0.022365,-0.039588,-0.045198,-0.041700,-0.061254,-0.003620,-0.092702,-0.004991,0.033255,-0.034975,0.065521,0.028725,-0.016953,0.006098,0.008301,-0.041125,0.099397,-0.072033,0.038191,-0.039111,-0.082674,0.003230,-0.092423,-0.105059,-0.039171,0.015859,0.162767,0.028781,-0.067042,-0.049639,0.015649,-0.114880,0.106038,0.004168,-0.023396,-0.070546,-0.091223,0.084095,0.029043,0.019420,0.035565,0.032228,0.036869,0.002019,0.011584,0.004215,0.018888,0.023877,0.017537,0.025115,0.000545
0.106618,0.063557,-0.008990,0.050450,0.330999,0.199068,0.322810,0.188102,0.272049,0.280714,0.000105,-0.038613,0.131100,0.014618,0.046402,0.221040,1.000000,0.309766,0.351241,0.085919,-0.027531,-0.004438,0.147358,-0.003428,0.044559,-0.091602,-0.081416,0.104238,0.369318,0.182032,0.235646,0.133959,0.064994,0.184735,0.036182,0.115154,0.044457,0.132425,0.255909,0.054211,0.090089,0.174118,0.056195,0.068494,-0.026670,0.100146,0.099367,0.036658,0.086343,0.151642,0.178485,0.100522,0.049907,0.078367,0.177573,0.183314,0.019921,0.109948,0.039047,0.025896,-0.002559,-0.023020,-0.027383,0.170887,0.079367,0.182964,0.030647,0.087117
0.048178,-0.029605,0.044731,0.051682,0.271840,0.197972,0.317975,0.370091,0.274353,0.288076,0.046490,0.096328,0.314062,0.073428,0.220586,0.022365,0.309766,1.000000,0.312023,0.362826,0.076153,0.069341,0.060182,0.087862,0.041186,-0.024615,-0.017476,0.102321,0.240005,0.037147,0.043005,0.225319,0.074626,0.063726,0.092538,0.199893,0.039313,0.168310,0.212208,0.091767,0.146209,0.346426,0.168712,0.123173,0.040400,0.246497,0.262100,0.098229,0.310503,0.331892,0.383431,0.517979,0.244211,0.340714,0.320207,0.272792,0.084450,0.171002,0.025658,0.002978,-0.036487,0.063427,0.060419,0.236895,0.083967,0.287886,0.016490,0.169048
0.075153,0.025590,0.049722,0.119647,0.165435,0.286010,0.216542,0.134435,0.334994,0.042862,-0.148184,0.061189,0.136541,-0.145546,-0.015198,-0.039588,0.351241,0.312023,1.000000,0.060711,0.013793,0.029618,0.128775,-0.005224,0.004188,-0.051356,-0.000488,0.076456,0.424253,0.442170,0.179708,0.165893,0.132521,0.048365,0.011425,0.097487,0.117632,0.168395,0.131875,0.143290,0.079514,0.114858,0.030394,-0.162078,-0.125385,0.159584,0.057482,-0.052897,0.142348,0.038631,0.163386,0.069844,0.048760,0.139247,0.097066,0.169249,0.021557,0.044155,-0.029936,-0.048872,-0.016252,0.024043,0.050879,0.145424,0.064359,0.069451,-0.006209,0.035625
-0.062746,-0.115523,-0.031135,-0.002409,0.075052,0.099791,0.099643,0.365133,0.128577,0.149331,0.458477,0.172884,0.479360,0.519999,0.769592,-0.045198,0.085919,0.362826,0.060711,1.000000,0.078636,0.031241,-0.010949,0.025954,-0.030224,0.004547,0.031422,0.031425,0.055476,0.041556,0.124922,0.090981,0.022786,-0.039293,0.036666,0.134016,-0.015655,0.169168,0.098548,0.111691,0.041667,0.396165,0.265468,0.358362,0.356567,0.318815,0.481492,0.452561,0.598110,0.239552,0.276474,0.429144,0.209996,0.643258,0.120424,0.076729,0.044518,0.004752,-0.033179,-0.015788,-0.038499,0.046117,0.089767,0.093597,0.112036,0.110691,0.075863,0.188951
-0.050813,-0.035104,0.052367,-0.054348,0.054429,-0.045719,0.060835,-0.008982,0.012390,0.021405,0.005313,-0.016535,0.029308,-0.004261,0.057248,-0.041700,-0.027531,0.076153,0.013793,0.078636,1.000000,0.814516,-0.009810,0.563530,-0.070879,0.094335,0.057456,-0.062489,0.092987,0.095557,0.016770,0.019978,0.041888,-0.028105,0.011817,0.025092,0.056379,-0.047445,-0.014540,-0.025805,-0.007728,-0.013441,-0.015543,-0.002905,0.012462,-0.038898,0.008746,0.010836,-0.019356,0.031182,-0.017756,0.076600,0.037089,0.006247,-0.009356,0.098194,-0.026818,-0.010471,-0.056098,-0.000890,0.019621,-0.029481,0.032453,-0.024211,0.040547,0.003911,0.004409,-0.016480
0.004558,0.000014,0.000372,-0.013885,0.013331,-0.006482,0.030817,-0.024428,0.014810,-0.001805,-0.035033,0.023827,0.032242,-0.042450,0.000339,-0.061254,-0.004438,0.069341,0.029618,0.031241,0.814516,1.000000,-0.046096,0.679366,-0.076164,0.080084,0.080931,-0.034800,0.070344,0.062039,-0.016078,0.022129,0.019507,-0.004437,0.017065,-0.038517,0.052884,-0.033027,-0.052693,-0.003254,-0.033122,-0.024493,0.001238,-0.017099,-0.001228,-0.034708,0.009739,0.004524,-0.006535,0.020122,-0.051622,0.047443,0.053424,-0.004480,0.023989,0.114450,-0.008935,0.017128,-0.015283,-0.019867,0.019139,-0.024423,0.090473,-0.024689,0.065572,-0.017431,0.039854,-0.023845
0.013277,0.052349,-0.056643,-0.020468,0.156403,0.036322,0.078122,0.004839,0.044733,0.023867,0.008059,-0.056847,0.005051,-0.010727,-0.010736,-0.003620,0.147358,0.060182,0.128775,-0.010949,-0.009810,-0.046096,1.000000,-0.055251,0.140282,-0.027213,0.022926,0.060557,0.151348,0.009520,0.074389,0.061227,0.015554,0.083152,0.035908,0.003088,-0.093638,-0.013234,0.102103,0.003949,0.031112,0.017842,-0.093744,-0.058077,-0.006259,-0.047503,-0.094145,-0.031779,0.018402,0.020443,0.007813,-0.039023,-0.150452,0.007593,0.041518,0.074823,-0.032430,0.025862,-0.067955,0.014137,-0.011954,-0.088922,-0.102577,0.022966,0.004656,-0.011118,-0.052432,0.008245
0.008808,0.005341,0.080706,-0.000393,-0.007603,-0.006258,0.045004,-0.023336,0.026909,-0.000963,-0.032454,0.033910,0.035170,-0.034883,0.022859,-0.092702,-0.003428,0.087862,-0.005224,0.025954,0.563530,0.679366,-0.055251,1.000000,-0.053094,0.179004,0.087065,-0.007692,0.063864,0.071324,-0.011151,0.091887,0.043958,0.042161,0.042673,0.010815,0.093200,0.010236,0.006325,-0.001406,-0.007423,-0.031549,0.020998,-0.020408,-0.018573,-0.029597,-0.009359,-0.019509,-0.000247,-0.001509,-0.040815,0.045728,0.060748,-0.005241,0.032096,0.074619,-0.034588,0.026348,-0.064010,-0.117431,-0.076308,-0.058517,0.036467,-0.035883,0.010861,-0.033630,0.039363,0.004504
0.016703,0.018384,0.059000,-0.026668,0.154025,0.000997,0.074906,0.067661,0.000880,0.075579,0.035874,-0.003172,-0.005888,0.031159,-0.003696,-0.004991,0.044559,0.041186,0.004188,-0.030224,-0.070879,-0.076164,0.140282,-0.053094,1.000000,0.024620,-0.029958,0.063393,0.188520,-0.070765,0.053651,0.072729,-0.018537,0.032342,-0.009530,0.006126,-0.021776,-0.010467,-0.008214,-0.001147,-0.005782,0.031088,0.011428,0.087651,-0.018870,-0.017288,-0.054009,-0.026454,-0.015975,0.085194,-0.026942,-0.020847,-0.022235,-0.021643,0.048433,0.020368,-0.120940,0.011590,-0.001432,0.045766,-0.042455,0.009191,-0.001000,0.002573,-0.156186,0.057659,-0.018657,-0.008591
-0.074169,0.006045,0.075862,-0.053217,-0.004513,0.001142,-0.003734,-0.069852,-0.016580,-0.010520,-0.052008,0.006206,-0.092038,-0.059547,0.107126,0.033255,-0.091602,-0.024615,-0.051356,0.004547,0.094335,0.080084,-0.027213,0.179004,0.024620,1.000000,0.566756,-0.091881,-0.006405,-0.053628,-0.019590,0.044804,0.105110,-0.049890,-0.035866,-0.015050,-0.012194,-0.065631,-0.093475,-0.034141,0.021621,-0.104922,-0.031881,-0.074226,-0.102650,-0.044211,-0.081081,-0.132356,0.020561,-0.030408,-0.034060,-0.021162,-0.025757,-0.021105,-0.019005,0.007202,-0.008061,0.050599,0.003745,-0.021062,-0.029956,0.020026,0.053109,-0.047090,-0.040358,0.050789,-0.068657,-0.047059
-0.046291,-0.050448,0.000851,0.001721,-0.005339,0.019129,0.051709,0.002127,0.017189,0.015498,0.005602,0.004357,0.002778,-0.007619,0.076769,-0.034975,-0.081416,-0.017476,-0.000488,0.031422,0.057456,0.080931,0.022926,0.087065,-0.029958,0.566756,1.000000,-0.013586,0.025538,-0.078836,0.008611,0.012785,0.044866,-0.072643,-0.028848,0.028504,0.017663,-0.008093,-0.057117,0.027283,0.012780,-0.007559,0.023840,0.003425,-0.007558,-0.014559,-0.013511,-0.046308,0.049533,-0.001701,-0.020535,0.011124,0.025020,0.009412,-0.015358,-0.011652,0.072178,0.004032,0.034234,-0.000036,-0.000408,0.005144,0.055563,0.032821,0.028852,0.022276,-0.022839,-0.027161
0.146109,0.035143,0.035937,-0.000293,0.136544,0.024168,0.084269,0.062700,0.099653,0.039873,-0.005806,-0.019143,0.079994,-0.006049,0.008977,0.065521,0.104238,0.102321,0.076456,0.031425,-0.062489,-0.034800,0.060557,-0.007692,0.063393,-0.091881,-0.013586,1.000000,0.044671,-0.012043,0.061350,0.122250,0.047966,0.196117,-0.058244,0.032621,-0.061449,0.060399,0.042612,0.049188,0.037699,0.028666,0.020042,-0.013882,0.016263,0.091684,0.040724,0.009489,0.049812,0.052113,-0.023057,0.010514,-0.005032,0.041312,0.048310,0.062832,0.063830,0.043476,0.046885,-0.015897,-0.042391,-0.057107,0.049715,0.062314,0.025517,-0.005217,-0.003376,0.071367
0.075902,0.034921,0.087365,0.050878,0.299920,0.218630,0.300028,0.162536,0.267433,0.205587,-0.031388,-0.000659,0.122923,-0.025239,0.008008,0.028725,0.369318,0.240005,0.424253,0.055476,0.092987,0.070344,0.151348,0.063864,0.188520,-0.006405,0.025538,0.044671,1.000000,0.368961,0.209156,0.150321,-0.002389,0.091375,0.008833,0.041860,0.033987,0.063245,0.117492,0.058024,0.025289,0.132296,0.035749,0.045822,-0.033089,0.073363,0.022769,0.009497,0.058178,0.120693,0.102748,0.051985,0.060444,0.049183,0.155901,0.168588,0.006354,0.055535,-0.001271,-0.009273,0.060785,0.033867,0.013994,0.081126,0.002114,0.081450,-0.008381,0.020683
0.083729,0.048251,0.028495,0.096984,0.058246,0.236946,0.079717,0.077583,0.177888,-0.017258,-0.053012,0.071592,0.057691,-0.065399,-0.024243,-0.016953,0.182032,0.037147,0.442170,0.041556,0.095557,0.062039,0.009520,0.071324,-0.070765,-0.053628,-0.078836,-0.012043,0.368961,1.000000,0.202379,0.093635,0.071977,0.081064,-0.017922,-0.008105,0.007627,0.034926,0.105351,0.182518,0.111391,0.096442,0.092870,-0.102345,-0.016020,0.031836,0.008153,-0.003102,0.056557,0.022074,0.150241,0.005951,0.057070,0.091390,-0.060667,0.131031,-0.017763,0.062544,-0.006269,-0.036281,0.019502,-0.024574,0.093146,0.085222,0.045895,-0.004788,0.014349,0.009485
0.068114,0.012984,-0.019084,0.071402,0.117088,0.132080,0.078352,0.047045,0.111655,0.039649,0.026166,0.036705,0.062436,0.032135,0.074524,0.006098,0.235646,0.043005,0.179708,0.124922,0.016770,-0.016078,0.074389,-0.011151,0.053651,-0.019590,0.008611,0.061350,0.209156,0.202379,1.000000,0.109338,-0.007423,0.040725,0.032873,0.109509,-0.048025,0.046231,0.061842,0.016750,-0.004240,0.029570,0.053441,0.002254,-0.007433,0.117698,0.056847,0.001189,0.078608,0.056643,0.099880,0.020215,0.068471,0.109270,0.052429,0.081091,0.060301,0.052035,0.008196,0.045468,0.098470,0.022238,0.031174,0.111202,0.000518,0.078309,0.014824,0.044993
0.216682,0.098591,-0.007135,0.082764,0.204379,0.085992,0.107432,0.096299,0.088018,0.073706,0.025676,0.050333,0.028858,0.043301,0.114541,0.008301,0.133959,0.225319,0.165893,0.090981,0.019978,0.022129,0.061227,0.091887,0.072729,0.044804,0.012785,0.122250,0.150321,0.093635,0.109338,1.000000,0.052954,0.219478,0.002692,0.021195,-0.001756,0.036957,0.070543,0.063871,0.108855,0.056643,0.108320,0.065932,0.003242,-0.000768,0.004227,0.012672,0.109630,0.119329,0.073578,0.093434,0.045935,0.074183,0.133704,0.087662,-0.031409,0.008792,-0.051193,-0.022023,0.001880,-0.046424,-0.005436,0.070812,0.074472,0.046412,-0.069176,0.050321
0.032147,-0.009905,-0.011347,0.053569,0.075580,0.082259,0.047921,0.125335,0.040190,-0.008458,0.007409,0.050855,0.115921,0.018525,0.014795,-0.041125,0.064994,0.074626,0.132521,0.022786,0.041888,0.019507,0.015554,0.043958,-0.018537,0.105110,0.044866,0.047966,-0.002389,0.071977,-0.007423,0.052954,1.000000,0.040538,0.017867,-0.013807,0.063854,0.071517,0.014781,-0.091429,-0.021158,0.096896,-0.045250,-0.022813,0.007006,0.123251,0.097396,0.034664,0.151343,0.021114,0.012979,0.106132,0.038266,0.116686,0.008104,0.084554,0.009735,0.071652,-0.001890,0.005566,-0.002046,-0.004798,0.024314,-0.026760,-0.053948,0.120608,0.003052,0.000154
0.444993,0.281555,0.028311,0.113627,0.307310,0.056107,0.096410,0.054911,0.044952,0.040979,0.012207,0.080490,0.038868,0.014814,0.001518,0.099397,0.184735,0.063726,0.048365,-0.039293,-0.028105,-0.004437,0.083152,0.042161,0.032342,-0.049890,-0.072643,0.196117,0.091375,0.081064,0.040725,0.219478,0.040538,1.000000,-0.046860,0.049129,0.042187,0.086493,0.024889,0.042478,0.058366,0.018042,0.019204,0.020198,-0.016269,0.021358,0.016512,-0.016906,-0.016524,0.058572,0.042271,0.005769,-0.015376,-0.007112,0.055139,0.056522,0.025269,-0.023182,0.037406,-0.003618,0.006899,-0.076222,-0.004700,0.043499,0.016106,-0.048006,-0.097837,-0.033638
0.017062,-0.021237,-0.024589,0.040872,0.033289,0.025751,0.025370,0.085943,0.033558,-0.000354,0.049620,0.047739,0.109352,0.023919,0.008830,-0.072033,0.036182,0.092538,0.011425,0.036666,0.011817,0.017065,0.035908,0.042673,-0.009530,-0.035866,-0.028848,-0.058244,0.008833,-0.017922,0.032873,0.002692,0.017867,-0.046860,1.000000,0.305261,-0.060391,0.124180,0.174288,0.088303,0.185822,0.110146,0.110024,0.027246,0.043303,0.109702,0.117565,0.045379,0.086169,-0.023214,0.073094,0.148858,0.140830,0.107115,0.100895,0.104690,0.074836,0.096137,0.060597,-0.027753,-0.023786,0.021524,0.027211,0.097869,0.024423,0.041373,0.005599,0.562026
0.042045,0.014371,0.054943,0.068498,0.140216,0.043595,0.178075,0.119057,0.124275,0.078333,0.041908,0.020325,0.076822,0.015434,0.114965,0.038191,0.115154,0.199893,0.097487,0.134016,0.025092,-0.038517,0.003088,0.010815,0.006126,-0.015050,0.028504,0.032621,0.041860,-0.008105,0.109509,0.021195,-0.013807,0.049129,0.305261,1.000000,0.015160,0.171376,0.276774,0.107099,0.210337,0.149551,0.120693,0.045577,-0.004385,0.108307,0.125169,0.009081,0.090171,0.021164,0.177845,0.099734,0.106923,0.107707,0.102118,0.157194,0.051342,0.100410,0.049112,-0.057246,-0.063648,0.004339,0.002103,0.140306,0.062348,0.142108,0.015390,0.267050
0.061218,0.033288,0.083175,0.228069,0.035837,0.031680,0.090276,0.054759,0.045018,0.035506,-0.066725,0.106096,0.075846,-0.054690,-0.007943,-0.039111,0.044457,0.039313,0.117632,-0.015655,0.056379,0.052884,-0.093638,0.093200,-0.021776,-0.012194,0.017663,-0.061449,0.033987,0.007627,-0.048025,-0.001756,0.063854,0.042187,-0.060391,0.015160,1.000000,0.223295,-0.053003,-0.003691,0.038747,-0.013047,-0.012164,0.012465,-0.141037,-0.024447,-0.070359,-0.130484,-0.063395,0.056641,0.066703,-0.014182,0.016913,-0.074479,-0.037048,-0.004173,-0.033143,-0.032378,0.006661,0.025369,0.042432,0.051223,0.008222,0.002783,0.042510,0.041054,-0.072183,-0.015474
0.140191,0.104309,0.016392,0.581057,0.153549,0.305055,0.318750,0.386835,0.406959,0.067755,-0.012175,0.287787,0.366111,-0.019298,0.086672,-0.082674,0.132425,0.168310,0.168395,0.169168,-0.047445,-0.033027,-0.013234,0.010236,-0.010467,-0.065631,-0.008093,0.060399,0.063245,0.034926,0.046231,0.036957,0.071517,0.086493,0.124180,0.171376,0.223295,1.000000,0.169653,0.168668,0.237321,0.329811,0.121853,-0.023365,-0.041009,0.402396,0.229738,0.021454,0.209863,0.055329,0.153870,0.129448,0.123128,0.214970,0.124243,0.115014,-0.008863,0.135789,-0.001830,-0.000380,-0.009145,0.025393,-0.022954,0.083487,0.055531,0.058296,0.054515,0.172384
0.043496,-0.009852,0.012535,0.059426,0.110128,0.271044,0.360542,0.313214,0.246956,0.115518,-0.019333,-0.066065,0.139435,-0.030191,0.061592,0.003230,0.255909,0.212208,0.131875,0.098548,-0.014540,-0.052693,0.102103,0.006325,-0.008214,-0.093475,-0.057117,0.042612,0.117492,0.105351,0.061842,0.070543,0.014781,0.024889,0.174288,0.276774,-0.053003,0.169653,1.000000,0.332598,0.351408,0.323338,0.261572,0.015609,0.002108,0.004005,-0.002936,0.005076,0.063364,0.094249,0.296815,0.226191,0.160823,0.062936,0.174598,0.225717,0.066188,0.158064,0.041383,-0.038925,-0.008339,-0.008320,0.068528,0.334785,0.204031,0.228219,0.005846,0.324397
0.020277,0.031246,-0.029598,0.063062,0.060032,0.336796,0.175534,0.313486,0.261666,-0.058561,-0.077058,0.002071,0.071101,-0.098442,0.086782,-0.092423,0.054211,0.091767,0.143290,0.111691,-0.025805,-0.003254,0.003949,-0.001406,-0.001147,-0.034141,0.027283,0.049188,0.058024,0.182518,0.016750,0.063871,-0.091429,0.042478,0.088303,0.107099,-0.003691,0.168668,0.332598,1.000000,0.510263,0.472876,0.674222,0.012894,-0.037171,0.026614,0.011319,-0.009894,0.203370,0.016682,0.305065,0.216634,0.265874,0.165010,0.038655,0.148217,0.122728,0.089293,0.026966,0.026129,0.020430,-0.028026,0.269119,0.388111,0.218223,0.088917,-0.036003,0.284076
0.034045,0.068639,0.006668,0.147991,0.091413,0.257796,0.190822,0.209613,0.160126,-0.073102,-0.101561,0.056591,0.039310,-0.122614,0.036201,-0.105059,0.090089,0.146209,0.079514,0.041667,-0.007728,-0.033122,0.031112,-0.007423,-0.005782,0.021621,0.012780,0.037699,0.025289,0.111391,-0.004240,0.108855,-0.021158,0.058366,0.185822,0.210337,0.038747,0.237321,0.351408,0.510263,1.000000,0.252308,0.411881,-0.121677,-0.088907,0.016955,-0.057941,-0.083625,0.144768,0.054540,0.211103,0.180662,0.172564,0.097895,0.064589,0.129220,0.036987,0.125140,0.067648,-0.000380,-0.019069,-0.055854,0.157737,0.242085,0.145405,0.045977,-0.062724,0.233962
0.005131,0.020547,-0.027207,0.035434,0.230976,0.391177,0.441129,0.846982,0.449328,0.319879,0.174761,0.042132,0.635585,0.216623,0.265255,-0.039171,0.174118,0.346426,0.114858,0.396165,-0.013441,-0.024493,0.017842,-0.031549,0.031088,-0.104922,-0.007559,0.028666,0.132296,0.096442,0.029570,0.056643,0.096896,0.018042,0.110146,0.149551,-0.013047,0.329811,0.323338,0.472876,0.252308,1.000000,0.474609,0.305951,0.202471,0.355353,0.488974,0.301444,0.368314,0.176567,0.361511,0.305606,0.256626,0.363488,0.193763,0.174872,0.088155,0.095326,0.003186,0.081173,-0.017115,-0.026549,0.148936,0.293101,0.094579,0.203948,0.031341,0.272483
0.028831,0.021967,-0.055749,0.030748,0.072404,0.171879,0.186525,0.395476,0.185692,0.187807,0.136658,0.032477,0.239247,0.149703,0.210691,0.015859,0.056195,0.168712,0.030394,0.265468,-0.015543,0.001238,-0.093744,0.020998,0.011428,-0.031881,0.023840,0.020042,0.035749,0.092870,0.053441,0.108320,-0.045250,0.019204,0.110024,0.120693,-0.012164,0.121853,0.261572,0.674222,0.411881,0.474609,1.000000,0.357786,0.045054,0.082086,0.126743,0.107537,0.187102,0.153526,0.316881,0.256931,0.350845,0.161459,0.094270,0.125107,0.066440,0.053750,-0.006020,-0.014144,-0.056339,-0.011108,0.287730,0.309510,0.160046,0.093291,0.023888,0.312781
0.074272,-0.072208,-0.026641,-0.117197,0.123073,-0.115593,0.223804,0.330567,0.040313,0.615680,0.623265,-0.049027,0.362027,0.665636,0.374724,0.162767,0.068494,0.123173,-0.162078,0.358362,-0.002905,-0.017099,-0.058077,-0.020408,0.087651,-0.074226,0.003425,-0.013882,0.045822,-0.102345,0.002254,0.065932,-0.022813,0.020198,0.027246,0.045577,0.012465,-0.023365,0.015609,0.012894,-0.121677,0.305951,0.357786,1.000000,0.363250,0.042465,0.283670,0.393719,0.026322,0.371694,0.166324,0.097239,0.113488,0.078254,0.080092,-0.083083,-0.020779,-0.084867,-0.057482,-0.007922,0.011760,0.042916,0.049503,0.065158,-0.030438,0.081584,0.057053,0.132121
0.028111,-0.111662,-0.054994,-0.147522,0.000450,-0.077149,-0.000503,0.063620,-0.020904,0.090721,0.682132,0.012052,0.178536,0.664904,0.359261,0.028781,-0.026670,0.040400,-0.125385,0.356567,0.012462,-0.001228,-0.006259,-0.018573,-0.018870,-0.102650,-0.007558,0.016263,-0.033089,-0.016020,-0.007433,0.003242,0.007006,-0.016269,0.043303,-0.004385,-0.141037,-0.041009,0.002108,-0.037171,-0.088907,0.202471,0.045054,0.363250,1.000000,0.168907,0.501806,0.917848,0.258393,0.049663,-0.012579,0.069020,0.024571,0.326881,0.000111,-0.104408,0.015600,-0.062208,-0.000854,-0.034105,-0.013012,0.007318,0.014086,0.065132,0.049116,-0.017756,0.047656,0.051186
0.008746,0.047334,0.006236,0.075564,0.112173,0.172954,0.114827,0.310562,0.218186,-0.010539,0.090084,0.175994,0.422474,0.097236,0.211821,-0.067042,0.100146,0.246497,0.159584,0.318815,-0.038898,-0.034708,-0.047503,-0.029597,-0.017288,-0.044211,-0.014559,0.091684,0.073363,0.031836,0.117698,-0.000768,0.123251,0.021358,0.109702,0.108307,-0.024447,0.402396,0.004005,0.026614,0.016955,0.355353,0.082086,0.042465,0.168907,1.000000,0.674738,0.253006,0.488915,0.049164,0.118800,0.188783,0.099160,0.477985,0.137183,0.078237,0.068198,0.024051,0.073061,0.098515,0.020322,0.010313,0.049444,-0.002902,-0.010459,0.100578,0.053561,0.079801
0.036290,-0.027477,-0.023871,-0.066305,0.113293,0.082076,0.133882,0.356697,0.151540,0.135432,0.308828,0.092897,0.469907,0.344989,0.346385,-0.049639,0.099367,0.262100,0.057482,0.481492,0.008746,0.009739,-0.094145,-0.009359,-0.054009,-0.081081,-0.013511,0.040724,0.022769,0.008153,0.056847,0.004227,0.097396,0.016512,0.117565,0.125169,-0.070359,0.229738,-0.002936,0.011319,-0.057941,0.488974,0.126743,0.283670,0.501806,0.674738,1.000000,0.635498,0.584330,0.093279,0.145279,0.215069,0.137589,0.607875,0.124409,0.018497,0.081819,-0.027624,0.022738,0.043553,0.008334,0.041737,0.049747,0.052766,0.024383,0.095767,0.095276,0.118352
0.018194,-0.094636,-0.077849,-0.130661,0.011492,-0.044021,0.025248,0.159039,0.029611,0.148342,0.604930,0.028227,0.272769,0.628130,0.399145,0.015649,0.036658,0.098229,-0.052897,0.452561,0.010836,0.004524,-0.031779,-0.019509,-0.026454,-0.132356,-0.046308,0.009489,0.009497,-0.003102,0.001189,0.012672,0.034664,-0.016906,0.045379,0.009081,-0.130484,0.021454,0.005076,-0.009894,-0.083625,0.301444,0.107537,0.393719,0.917848,0.253006,0.635498,1.000000,0.400452,0.065243,0.031798,0.109407,0.054191,0.451244,0.028936,-0.080525,0.033164,-0.051028,-0.038175,-0.024892,-0.016832,0.012895,0.029261,0.055285,0.048557,0.009666,0.067493,0.072585
-0.065584,-0.049518,-0.026865,0.065308,0.038833,0.142429,0.014563,0.261936,0.117635,-0.080882,0.127589,0.176698,0.284088,0.160084,0.458676,-0.114880,0.086343,0.310503,0.142348,0.598110,-0.019356,-0.006535,0.018402,-0.000247,-0.015975,0.020561,0.049533,0.049812,0.058178,0.056557,0.078608,0.109630,0.151343,-0.016524,0.086169,0.090171,-0.063395,0.209863,0.063364,0.203370,0.144768,0.368314,0.187102,0.026322,0.258393,0.488915,0.584330,0.400452,1.000000,0.051633,0.200770,0.355677,0.178753,0.908089,0.114307,0.097464,0.124554,0.039211,0.046582,0.107437,0.036680,0.065543,0.121351,0.113190,0.137172,0.073592,0.021079,0.162728
0.095682,-0.028215,0.062026,0.016709,0.172043,0.085864,0.220567,0.255152,0.092212,0.365501,0.196374,0.004945,0.189784,0.223536,0.170978,0.106038,0.151642,0.331892,0.038631,0.239552,0.031182,0.020122,0.020443,-0.001509,0.085194,-0.030408,-0.001701,0.052113,0.120693,0.022074,0.056643,0.119329,0.021114,0.058572,-0.023214,0.021164,0.056641,0.055329,0.094249,0.016682,0.054540,0.176567,0.153526,0.371694,0.049663,0.049164,0.093279,0.065243,0.051633,1.000000,0.327852,0.277769,0.142466,0.067834,0.212300,0.046186,-0.006758,-0.031398,0.010059,-0.076146,-0.019623,0.064381,-0.009600,0.151995,0.032018,0.255429,-0.000532,0.085571
0.058425,0.012429,0.044993,0.005487,0.177671,0.266601,0.349255,0.381463,0.308313,0.230051,0.063505,0.082327,0.276906,0.067555,0.185016,0.004168,0.178485,0.383431,0.163386,0.276474,-0.017756,-0.051622,0.007813,-0.040815,-0.026942,-0.034060,-0.020535,-0.023057,0.102748,0.150241,0.099880,0.073578,0.012979,0.042271,0.073094,0.177845,0.066703,0.153870,0.296815,0.305065,0.211103,0.361511,0.316881,0.166324,-0.012579,0.118800,0.145279,0.031798,0.200770,0.327852,1.000000,0.419647,0.267767,0.199622,0.214162,0.245118,0.036813,0.202539,-0.021375,0.000752,-0.064329,0.055361,0.182989,0.493024,0.360086,0.353210,0.013269,0.251607
0.006392,-0.044987,0.013718,0.002220,0.096166,0.126965,0.120051,0.264400,0.112440,0.054994,0.130699,0.072156,0.236420,0.124940,0.256578,-0.023396,0.100522,0.517979,0.069844,0.429144,0.076600,0.047443,-0.039023,0.045728,-0.020847,-0.021162,0.011124,0.010514,0.051985,0.005951,0.020215,0.093434,0.106132,0.005769,0.148858,0.099734,-0.014182,0.129448,0.226191,0.216634,0.180662,0.305606,0.256931,0.097239,0.069020,0.188783,0.215069,0.109407,0.355677,0.277769,0.419647,1.000000,0.594592,0.358314,0.253246,0.299716,0.303001,0.173496,0.150872,0.094237,0.048556,0.104331,0.204889,0.248528,0.197418,0.237995,0.000495,0.307904
0.038260,-0.059321,0.035478,0.026647,0.051350,0.095773,0.089670,0.213838,0.107578,0.045902,0.036832,-0.000184,0.145424,0.029664,0.101266,-0.070546,0.049907,0.244211,0.048760,0.209996,0.037089,0.053424,-0.150452,0.060748,-0.022235,-0.025757,0.025020,-0.005032,0.060444,0.057070,0.068471,0.045935,0.038266,-0.015376,0.140830,0.106923,0.016913,0.123128,0.160823,0.265874,0.172564,0.256626,0.350845,0.113488,0.024571,0.099160,0.137589,0.054191,0.178753,0.142466,0.267767,0.594592,1.000000,0.165244,0.117747,0.195791,0.390351,0.172044,0.254356,0.108073,0.031974,0.109175,0.337774,0.268208,0.252394,0.161902,0.042267,0.325412
-0.055220,-0.058800,-0.027146,0.044786,0.029797,0.090063,0.023783,0.240858,0.084188,-0.076749,0.195191,0.165847,0.287634,0.222467,0.458289,-0.091223,0.078367,0.340714,0.139247,0.643258,0.006247,-0.004480,0.007593,-0.005241,-0.021643,-0.021105,0.009412,0.041312,0.049183,0.091390,0.109270,0.074183,0.116686,-0.007112,0.107115,0.107707,-0.074479,0.214970,0.062936,0.165010,0.097895,0.363488,0.161459,0.078254,0.326881,0.477985,0.607875,0.451244,0.908089,0.067834,0.199622,0.358314,0.165244,1.000000,0.127113,0.100879,0.096236,0.005981,0.002190,0.066766,0.038247,0.063801,0.076554,0.107207,0.105745,0.064528,0.016131,0.160426
0.049546,-0.002728,0.017360,0.040060,0.139831,0.110958,0.186958,0.207508,0.122933,0.119048,0.041868,0.043391,0.149561,0.032891,0.061184,0.084095,0.177573,0.320207,0.097066,0.120424,-0.009356,0.023989,0.041518,0.032096,0.048433,-0.019005,-0.015358,0.048310,0.155901,-0.060667,0.052429,0.133704,0.008104,0.055139,0.100895,0.102118,-0.037048,0.124243,0.174598,0.038655,0.064589,0.193763,0.094270,0.080092,0.000111,0.137183,0.124409,0.028936,0.114307,0.212300,0.214162,0.253246,0.117747,0.127113,1.000000,0.620127,0.086926,0.373269,-0.033443,0.026458,-0.002681,0.022675,0.077788,0.242979,0.043713,0.238983,0.054144,0.172292
0.053541,0.050245,-0.027573,0.092579,0.144781,0.162915,0.148730,0.180170,0.152658,0.029384,-0.116171,0.026588,0.103276,-0.133453,0.001865,0.029043,0.183314,0.272792,0.169249,0.076729,0.098194,0.114450,0.074823,0.074619,0.020368,0.007202,-0.011652,0.062832,0.168588,0.131031,0.081091,0.087662,0.084554,0.056522,0.104690,0.157194,-0.004173,0.115014,0.225717,0.148217,0.129220,0.174872,0.125107,-0.083083,-0.104408,0.078237,0.018497,-0.080525,0.097464,0.046186,0.245118,0.299716,0.195791,0.100879,0.620127,1.000000,0.127244,0.556164,0.053742,0.052615,0.028807,0.018490,0.099775,0.237142,0.029101,0.201922,0.114456,0.247394
0.043853,-0.028757,-0.020781,0.024131,-0.005610,-0.004898,-0.000782,0.024993,-0.017009,-0.020244,-0.051287,0.040449,0.009516,-0.052100,-0.008230,0.019420,0.019921,0.084450,0.021557,0.044518,-0.026818,-0.008935,-0.032430,-0.034588,-0.120940,-0.008061,0.072178,0.063830,0.006354,-0.017763,0.060301,-0.031409,0.009735,0.025269,0.074836,0.051342,-0.033143,-0.008863,0.066188,0.122728,0.036987,0.088155,0.066440,-0.020779,0.015600,0.068198,0.081819,0.033164,0.124554,-0.006758,0.036813,0.303001,0.390351,0.096236,0.086926,0.127244,1.000000,0.112222,0.363533,0.171853,0.119060,0.066739,0.343945,0.150807,0.123343,0.142447,0.000740,0.178164
-0.006815,0.025678,-0.009024,0.092522,0.060216,0.160486,0.047296,0.122441,0.128932,0.039988,-0.099073,0.079087,0.072448,-0.109075,0.007658,0.035565,0.109948,0.171002,0.044155,0.004752,-0.010471,0.017128,0.025862,0.026348,0.011590,0.050599,0.004032,0.043476,0.055535,0.062544,0.052035,0.008792,0.071652,-0.023182,0.096137,0.100410,-0.032378,0.135789,0.158064,0.089293,0.125140,0.095326,0.053750,-0.084867,-0.062208,0.024051,-0.027624,-0.051028,0.039211,-0.031398,0.202539,0.173496,0.172044,0.005981,0.373269,0.556164,0.112222,1.000000,0.047195,0.030338,-0.017670,-0.043666,0.099080,0.208686,-0.025032,0.224046,0.093969,0.157897
0.054771,-0.046729,0.006975,0.012036,0.006881,-0.036681,-0.038160,-0.030545,-0.044507,-0.033596,-0.046609,0.031232,0.000525,-0.078478,-0.043764,0.032228,0.039047,0.025658,-0.029936,-0.033179,-0.056098,-0.015283,-0.067955,-0.064010,-0.001432,0.003745,0.034234,0.046885,-0.001271,-0.006269,0.008196,-0.051193,-0.001890,0.037406,0.060597,0.049112,0.006661,-0.001830,0.041383,0.026966,0.067648,0.003186,-0.006020,-0.057482,-0.000854,0.073061,0.022738,-0.038175,0.046582,0.010059,-0.021375,0.150872,0.254356,0.002190,-0.033443,0.053742,0.363533,0.047195,1.000000,0.233494,0.126809,0.124398,0.290619,0.032856,0.028794,0.024281,0.019015,0.099982
-0.068339,0.036573,-0.020717,-0.038915,0.093505,-0.008692,-0.004776,0.041508,-0.012231,0.003548,-0.035447,0.006937,-0.045553,-0.025380,0.003524,0.036869,0.025896,0.002978,-0.048872,-0.015788,-0.000890,-0.019867,0.014137,-0.117431,0.045766,-0.021062,-0.000036,-0.015897,-0.009273,-0.036281,0.045468,-0.022023,0.005566,-0.003618,-0.027753,-0.057246,0.025369,-0.000380,-0.038925,0.026129,-0.000380,0.081173,-0.014144,-0.007922,-0.034105,0.098515,0.043553,-0.024892,0.107437,-0.076146,0.000752,0.094237,0.108073,0.066766,0.026458,0.052615,0.171853,0.030338,0.233494,1.000000,0.657726,0.226527,0.093409,-0.022933,0.077033,0.031058,-0.047583,-0.033234
-0.024532,0.043276,-0.021605,-0.032592,0.075894,0.000780,0.004066,-0.031917,-0.054029,-0.002124,-0.031957,-0.028569,-0.098018,-0.032977,-0.029537,0.002019,-0.002559,-0.036487,-0.016252,-0.038499,0.019621,0.019139,-0.011954,-0.076308,-0.042455,-0.029956,-0.000408,-0.042391,0.060785,0.019502,0.098470,0.001880,-0.002046,0.006899,-0.023786,-0.063648,0.042432,-0.009145,-0.008339,0.020430,-0.019069,-0.017115,-0.056339,0.011760,-0.013012,0.020322,0.008334,-0.016832,0.036680,-0.019623,-0.064329,0.048556,0.031974,0.038247,-0.002681,0.028807,0.119060,-0.017670,0.126809,0.657726,1.000000,0.265698,0.069359,0.040334,0.059279,-0.009725,-0.015260,-0.040574
-0.044728,-0.032330,-0.056144,-0.047686,-0.035006,-0.029819,0.013000,-0.025650,-0.029950,0.008011,0.016459,-0.063573,-0.052457,0.007338,0.042069,0.011584,-0.023020,0.063427,0.024043,0.046117,-0.029481,-0.024423,-0.088922,-0.058517,0.009191,0.020026,0.005144,-0.057107,0.033867,-0.024574,0.022238,-0.046424,-0.004798,-0.076222,0.021524,0.004339,0.051223,0.025393,-0.008320,-0.028026,-0.055854,-0.026549,-0.011108,0.042916,0.007318,0.010313,0.041737,0.012895,0.065543,0.064381,0.055361,0.104331,0.109175,0.063801,0.022675,0.018490,0.066739,-0.043666,0.124398,0.226527,0.265698,1.000000,-0.003583,0.003289,0.055455,0.037863,-0.062647,0.183000
0.050391,-0.070422,-0.014454,0.011288,-0.011075,0.006667,0.010958,0.094687,0.043164,0.047043,0.008921,0.030230,0.067701,0.015685,0.059119,0.004215,-0.027383,0.060419,0.050879,0.089767,0.032453,0.090473,-0.102577,0.036467,-0.001000,0.053109,0.055563,0.049715,0.013994,0.093146,0.031174,-0.005436,0.024314,-0.004700,0.027211,0.002103,0.008222,-0.022954,0.068528,0.269119,0.157737,0.148936,0.287730,0.049503,0.014086,0.049444,0.049747,0.029261,0.121351,-0.009600,0.182989,0.204889,0.337774,0.076554,0.077788,0.099775,0.343945,0.099080,0.290619,0.093409,0.069359,-0.003583,1.000000,0.364594,0.198893,0.138896,0.066417,0.118146
