1.000000,0.136933,-0.011708,0.142649,0.148940,0.017529,-0.006731,-0.003000,0.020606,-0.018394,-0.035196,-0.121053,-0.027229,-0.081167,0.001272,-0.002213,0.023498,0.086696,-0.009816,-0.005481,0.084282,0.086457,-0.012708,-0.003548,-0.048237,0.001605,0.022525,-0.027611,0.040291,-0.073002,-0.048009,0.064581,0.077999,0.528062,0.087859,0.058219,0.023027,0.098945,0.041152,0.131054,-0.054655,0.006861,0.003810,0.013169,-0.030268,0.013485,0.021223,-0.000985,-0.026054,-0.046758,0.019781,-0.013008,-0.076619,0.042116,0.004659,-0.071515,-0.051833,-0.096890,-0.104917,0.004600,0.000951,-0.006749,-0.004211,-0.108996,0.031521,-0.119645,-0.023397,-0.006671
0.136933,1.000000,0.133262,0.125211,0.103435,0.041603,0.084983,0.048927,0.092086,-0.025646,0.038893,0.052348,0.136173,0.053018,0.049251,-0.095186,0.053694,0.026742,-0.010055,0.065872,-0.022524,0.004881,0.017479,0.024743,0.096318,-0.000050,0.003364,0.107166,-0.026102,-0.011505,0.021707,0.040713,0.017508,0.108239,0.008835,0.006793,0.051489,0.095363,0.053284,0.037011,-0.002179,-0.025158,0.034318,0.001483,-0.025257,0.044158,0.003110,-0.044261,0.015290,-0.041985,0.092350,-0.049144,0.046564,0.041864,0.034111,-0.049271,0.015595,-0.020544,-0.040229,-0.046062,0.000487,-0.042323,0.073899,-0.065651,0.020671,-0.013575,-0.006290,-0.058663
-0.011708,0.133262,1.000000,0.058219,0.055768,-0.051461,-0.002321,0.018786,-0.086593,-0.026010,-0.033305,-0.021975,-0.008773,-0.054766,-0.048806,0.048685,0.041461,-0.030867,-0.043494,-0.051557,-0.035749,0.017279,0.004401,0.044211,0.083418,-0.105020,0.009256,0.023048,0.004140,0.027867,-0.038313,0.011383,-0.020913,-0.017941,-0.075515,-0.053617,0.117112,0.108418,-0.053061,-0.003193,0.014225,0.017295,0.007670,0.045458,0.036693,0.108412,0.049708,0.019078,0.048121,-0.046454,-0.128146,-0.011356,-0.067129,0.081554,-0.025017,-0.008639,0.062797,0.055378,0.118986,0.038401,-0.035284,-0.020682,0.076896,0.031717,0.057920,0.029890,0.040953,-0.016246
0.142649,0.125211,0.058219,1.000000,0.077616,0.061320,0.139729,0.138097,0.093213,0.021429,0.125314,0.142342,0.255457,0.076555,0.086007,-0.048164,0.003160,0.049433,0.102726,0.120504,0.003090,-0.000459,0.045986,0.059904,0.070123,-0.000341,-0.009406,-0.045799,0.025693,0.022453,0.016113,0.011462,-0.051577,0.074932,0.010947,0.063272,0.116341,0.386962,-0.041240,0.164211,0.190182,0.114639,0.134387,0.100758,0.160172,0.212626,0.177273,0.165861,0.102725,0.008952,0.048626,0.016008,0.069055,0.027221,0.044315,-0.011642,0.040872,0.031928,-0.010460,0.129349,0.066835,0.083109,-0.005075,0.013197,0.064746,-0.012308,-0.035802,0.006217
0.148940,0.103435,0.055768,0.077616,1.000000,0.121492,0.174591,0.198809,0.018726,0.055468,0.137935,0.000923,0.084313,0.165872,0.002833,0.071129,0.154411,0.024780,0.056570,-0.022540,0.141355,0.123777,-0.008948,0.019663,0.045388,0.026815,0.097824,0.012646,0.080182,0.067104,0.002467,0.128198,0.120609,0.217579,-0.012326,-0.054699,0.002710,0.135861,-0.008706,0.122685,0.104131,0.186566,0.054178,0.043806,0.195221,0.090416,0.082764,0.153988,0.015975,0.046443,0.052239,-0.064896,-0.043665,0.049263,0.066646,-0.069332,-0.051060,-0.030521,0.096635,0.035196,0.052022,-0.009645,0.074908,-0.033066,-0.030363,0.048710,0.126279,0.006079
0.017529,0.041603,-0.051461,0.061320,0.121492,1.000000,0.125969,0.544557,0.347457,0.101710,0.037403,0.061430,0.270540,0.098348,0.115293,0.026118,-0.000212,0.119006,0.038764,0.038937,0.073758,0.021862,-0.010133,0.012713,0.015130,-0.015090,-0.077232,-0.008051,0.059506,-0.050883,-0.015958,0.011286,0.001479,0.063596,0.015834,0.052801,-0.094294,0.042641,0.026156,0.171194,0.146758,0.377379,0.060111,-0.030306,0.060983,-0.033348,0.123230,0.085261,0.016534,0.017429,0.086467,0.006233,0.060174,0.008649,0.053954,-0.019582,0.129208,-0.005597,0.063468,0.061142,0.038695,0.009451,0.042058,0.072698,0.062683,0.146680,-0.005137,0.014295
-0.006731,0.084983,-0.002321,0.139729,0.174591,0.125969,1.000000,0.258634,0.276569,0.002975,0.185303,0.032596,0.298539,0.171228,0.150931,0.001435,0.081293,0.118951,0.025374,0.110813,0.021120,-0.006120,-0.013532,0.009886,0.059214,0.063732,0.070772,0.062521,-0.019153,0.007924,0.001042,0.093704,0.106422,0.029576,-0.105018,-0.114736,0.002815,0.145735,0.004092,0.194712,0.274901,0.231413,0.290160,0.029120,0.180741,0.243063,0.207263,0.173439,0.119443,-0.001086,-0.072711,-0.016877,-0.042223,0.063991,0.063157,0.016416,0.027577,0.002350,0.142306,-0.006423,0.038812,-0.010427,0.060766,0.015132,-0.044416,0.042630,-0.044279,0.054222
-0.003000,0.048927,0.018786,0.138097,0.198809,0.544557,0.258634,1.000000,0.321164,0.289548,0.121500,0.145062,0.552440,0.270705,0.112678,0.013807,-0.005412,0.058618,0.065726,0.015117,0.046454,-0.012645,-0.048349,-0.000400,-0.065510,0.037149,-0.012287,-0.010227,0.064973,0.016340,-0.053989,0.051296,0.013506,0.044955,-0.006278,-0.031652,-0.014383,0.152587,0.019948,0.284850,0.257159,0.863597,0.264412,0.136946,0.150454,0.126839,0.361320,0.154062,-0.010639,0.017401,0.054532,0.039395,0.083423,-0.048336,0.098951,0.039237,0.045346,0.014683,0.025465,-0.011896,0.108054,0.075011,0.002070,0.001158,0.071426,0.103769,0.014078,0.062945
0.020606,0.092086,-0.086593,0.093213,0.018726,0.347457,0.276569,0.321164,1.000000,-0.016999,0.094920,0.181562,0.410106,0.089205,0.139857,0.078383,-0.010649,0.065302,0.124048,0.100536,0.033561,-0.003642,-0.001125,0.044855,0.064150,-0.057060,-0.101952,-0.007877,-0.006819,-0.045605,-0.011138,0.024477,-0.013073,0.010010,-0.017173,-0.010027,0.007481,0.067964,-0.005664,0.146863,0.182515,0.208723,0.250512,-0.132917,-0.007171,0.064003,0.214208,0.075938,0.052760,0.006796,-0.000716,-0.092630,-0.028311,0.041811,0.093505,-0.027364,0.074866,-0.052860,0.048215,-0.004932,0.113839,0.125395,-0.057312,-0.047805,0.032210,0.076177,-0.075303,0.053750
-0.018394,-0.025646,-0.026010,0.021429,0.055468,0.101710,0.002975,0.289548,-0.016999,1.000000,0.093294,-0.049992,0.042630,0.178269,-0.016765,0.113041,0.067150,0.000412,-0.029646,-0.041215,-0.067077,-0.091792,-0.004028,-0.039613,-0.047417,0.039137,0.037156,-0.004829,0.019705,0.089034,0.029022,0.066445,0.020450,0.003029,-0.083178,0.032550,0.055820,-0.021270,-0.005146,0.063412,0.024261,0.312094,0.042284,0.443702,0.117097,0.017393,0.056038,0.093739,-0.049173,0.060573,0.019378,0.101679,0.023992,-0.022582,0.030991,0.015739,-0.019018,0.031283,-0.011960,-0.050068,0.038488,0.041208,-0.030818,-0.014930,-0.014676,0.039778,-0.007279,0.004602
-0.035196,0.038893,-0.033305,0.125314,0.137935,0.037403,0.185303,0.121500,0.094920,0.093294,1.000000,0.027153,0.245413,0.758328,0.124752,0.087302,0.022242,0.026538,0.071684,0.110906,0.006415,-0.083103,0.012010,0.044634,0.059549,-0.056138,0.070186,0.059302,-0.023845,0.079652,0.017267,0.101470,0.159777,0.087418,-0.030003,-0.012938,0.022239,0.087655,0.102959,0.203192,0.257793,0.168746,0.251346,0.174242,0.539087,0.351853,0.237895,0.301929,0.031003,0.116474,0.136521,0.029272,-0.028778,-0.066206,-0.021107,0.029554,-0.046229,0.005032,0.121467,0.112166,0.054258,0.022613,0.077684,0.030132,0.033789,0.035086,0.061189,0.123442
-0.121053,0.052348,-0.021975,0.142342,0.000923,0.061430,0.032596,0.145062,0.181562,-0.049992,0.027153,1.000000,0.439866,0.061394,0.084149,0.002400,-0.045203,0.032927,0.057120,0.086585,0.008045,-0.056270,-0.000960,-0.043061,0.050251,0.021987,-0.038868,-0.049673,-0.007106,-0.007444,-0.009136,-0.028299,-0.026328,-0.110284,0.085740,0.029290,0.008158,0.090160,0.013929,0.103387,0.023209,0.062679,0.111258,-0.008490,0.014912,-0.003000,0.081643,0.048270,0.022576,-0.014317,0.040331,-0.051395,-0.036033,-0.058048,0.012722,-0.055623,0.002828,-0.019037,-0.055528,0.030898,0.004510,-0.047883,-0.020175,-0.059100,-0.067446,-0.000593,-0.032041,0.070243
-0.027229,0.136173,-0.008773,0.255457,0.084313,0.270540,0.298539,0.552440,0.410106,0.042630,0.245413,0.439866,1.000000,0.328123,0.268098,-0.043814,-0.037069,0.112667,0.126541,0.184729,0.074661,0.016549,-0.076662,0.043652,-0.003091,0.022588,-0.000335,-0.012738,0.031531,-0.025697,-0.056863,0.029989,0.008712,0.027375,0.024560,-0.024485,0.013262,0.194810,0.041487,0.255379,0.233575,0.420925,0.309239,0.015126,0.183696,0.283995,0.490620,0.253419,0.106252,0.023493,-0.000423,0.010475,-0.034261,0.038867,0.017508,0.000725,0.061331,-0.033259,0.042070,0.055200,0.068777,0.043564,-0.030884,-0.061515,0.067963,0.038927,0.027620,0.122806
-0.081167,0.053018,-0.054766,0.076555,0.165872,0.098348,0.171228,0.270705,0.089205,0.178269,0.758328,0.061394,0.328123,1.000000,0.282691,0.047607,0.022233,0.022104,0.033470,0.212110,0.017021,-0.055362,-0.018347,0.042467,0.016291,-0.037711,0.023103,0.045504,0.012664,0.101323,-0.005916,0.075804,0.066950,0.078203,-0.053357,-0.009407,0.010160,0.075864,0.065972,0.166124,0.242736,0.327304,0.218042,0.165386,0.435650,0.261809,0.291299,0.348210,0.024124,0.079603,0.110781,0.014871,-0.100890,-0.041397,-0.040625,-0.040461,-0.070550,-0.009200,0.097039,0.024590,0.044166,0.044118,0.030811,-0.070776,0.040200,0.041161,0.089845,0.097505
0.001272,0.049251,-0.048806,0.086007,0.002833,0.115293,0.150931,0.112678,0.139857,-0.016765,0.124752,0.084149,0.268098,0.282691,1.000000,0.000916,-0.020710,0.236126,0.046869,0.635449,0.092747,0.019397,0.003441,0.070133,0.075513,0.032474,-0.012881,-0.013549,0.024657,0.025239,-0.044119,0.007207,-0.054326,0.090248,0.019690,0.048941,0.021798,0.087562,-0.053069,0.002266,0.059059,0.062027,0.067839,-0.052156,0.054616,0.022753,0.142805,0.201948,0.294897,0.031979,-0.085689,0.010553,-0.045163,0.241929,0.029795,-0.008732,0.026542,0.024200,-0.045268,0.042152,-0.008398,0.005289,-0.017206,-0.049844,-0.021895,0.042520,0.008288,0.019323
-0.002213,-0.095186,0.048685,-0.048164,0.071129,0.026118,0.001435,0.013807,0.078383,0.113041,0.087302,0.002400,-0.043814,0.047607,0.000916,1.000000,0.134578,0.084009,0.072491,-0.050300,-0.018069,-0.028972,0.063510,0.014838,0.050335,-0.063215,-0.096099,-0.003313,0.069810,0.068237,-0.015542,0.079625,0.027368,0.034843,-0.001982,0.089308,-0.075556,-0.039695,-0.052456,-0.012791,-0.008815,-0.006755,-0.052922,-0.001487,0.053785,-0.034605,-0.023936,0.024085,-0.049741,-0.004696,0.007883,0.028492,0.002458,-0.115125,-0.023614,0.009095,-0.003004,0.006596,0.033254,0.070493,0.001086,0.030080,-0.056460,-0.032843,-0.027130,0.009151,0.044429,-0.015035
0.023498,0.053694,0.041461,0.003160,0.154411,-0.000212,0.081293,-0.005412,-0.010649,0.067150,0.022242,-0.045203,-0.037069,0.022233,-0.020710,0.134578,1.000000,-0.040424,0.057711,-0.038170,0.062417,0.059348,0.123996,0.021249,-0.020862,0.015436,0.041818,0.037072,0.035780,0.134108,0.094176,0.016054,-0.077678,0.040616,0.027347,-0.094767,-0.075012,0.050392,0.028199,-0.050008,-0.006916,0.000949,-0.057219,-0.022212,0.080494,0.019124,-0.009669,0.057816,0.035685,-0.030420,-0.029803,0.028382,0.006122,-0.012160,0.061909,0.018637,-0.059934,-0.017207,0.024947,-0.002627,-0.035517,0.066614,0.022871,0.015066,0.021810,-0.003177,0.039210,-0.001190
0.086696,0.026742,-0.030867,0.049433,0.024780,0.119006,0.118951,0.058618,0.065302,0.000412,0.026538,0.032927,0.112667,0.022104,0.236126,0.084009,-0.040424,1.000000,0.215935,0.282014,0.065552,0.026163,0.040243,0.085263,0.056633,0.035032,-0.018694,-0.023559,0.041143,-0.017130,0.018181,0.117139,0.033728,0.091006,0.034331,0.069821,0.013197,0.082808,-0.000664,0.043972,0.001015,0.018893,-0.017745,-0.018264,0.056609,0.078473,0.044506,0.057248,0.108142,0.031199,-0.070584,0.101131,-0.012017,0.125222,0.063045,-0.048027,0.013816,0.097412,0.000747,0.081533,-0.045832,-0.054235,0.006150,-0.002243,-0.009284,0.010788,-0.084075,0.055867
-0.009816,-0.010055,-0.043494,0.102726,0.056570,0.038764,0.025374,0.065726,0.124048,-0.029646,0.071684,0.057120,0.126541,0.033470,0.046869,0.072491,0.057711,0.215935,1.000000,0.071428,0.111622,0.027052,0.045911,0.088687,0.068357,-0.149634,-0.054172,-0.091099,0.052516,0.207961,0.038938,-0.066270,-0.041519,0.023866,0.078781,0.049130,0.037691,0.064846,0.048463,0.097474,0.082412,0.057644,0.075744,0.035821,0.140811,0.111416,0.019328,0.090819,0.003860,0.033228,-0.035308,0.041331,0.021136,0.040706,0.140465,0.035830,0.103977,0.058372,0.067109,0.063592,0.061276,0.051494,-0.091428,-0.030312,0.082820,0.011525,-0.041237,0.065745
-0.005481,0.065872,-0.051557,0.120504,-0.022540,0.038937,0.110813,0.015117,0.100536,-0.041215,0.110906,0.086585,0.184729,0.212110,0.635449,-0.050300,-0.038170,0.282014,0.071428,1.000000,0.070106,0.001128,-0.013074,-0.002612,0.021846,0.066465,-0.008902,-0.057001,0.025910,0.009891,0.001309,0.042336,-0.059010,0.088254,-0.004872,0.059472,0.030731,0.079845,-0.066226,-0.035795,-0.006306,-0.042197,0.047880,-0.057168,0.076725,0.052123,0.106187,0.166636,0.281928,0.057898,-0.128642,0.097147,-0.024735,0.277430,0.004402,-0.011068,-0.000691,0.066796,-0.043480,0.053589,-0.005574,0.001221,-0.067039,-0.082005,-0.035352,-0.008363,-0.044551,0.036558
0.084282,-0.022524,-0.035749,0.003090,0.141355,0.073758,0.021120,0.046454,0.033561,-0.067077,0.006415,0.008045,0.074661,0.017021,0.092747,-0.018069,0.062417,0.065552,0.111622,0.070106,1.000000,0.514673,-0.018262,0.103430,-0.011498,0.040197,0.007142,-0.053967,0.040817,-0.004568,-0.047645,0.032494,-0.031860,0.074859,0.009603,0.004249,-0.024586,0.036683,-0.035839,0.076471,0.003031,0.030950,0.010220,-0.071180,0.011302,0.018371,0.084809,0.118313,0.075887,0.001396,-0.076002,0.052842,-0.004081,0.007245,0.070828,0.001573,0.110953,-0.065426,0.039476,0.052471,0.032412,-0.001652,0.150003,-0.002738,-0.018523,0.042656,0.056331,0.022149
0.086457,0.004881,0.017279,-0.000459,0.123777,0.021862,-0.006120,-0.012645,-0.003642,-0.091792,-0.083103,-0.056270,0.016549,-0.055362,0.019397,-0.028972,0.059348,0.026163,0.027052,0.001128,0.514673,1.000000,-0.008796,0.270399,0.030478,0.063876,0.018070,-0.016733,0.062033,-0.048752,-0.017389,-0.018718,0.027725,0.027200,0.011743,0.020835,-0.042419,0.023763,-0.049922,0.012219,-0.046697,-0.007377,-0.034903,-0.079331,-0.099862,-0.027170,0.045058,0.055800,0.090230,-0.027104,-0.047280,0.010525,-0.023918,0.070224,0.098542,-0.007130,0.043798,-0.089744,0.028226,-0.016926,-0.025537,-0.051620,0.123673,-0.022992,-0.025751,-0.046572,0.078950,0.019424
-0.012708,0.017479,0.004401,0.045986,-0.008948,-0.010133,-0.013532,-0.048349,-0.001125,-0.004028,0.012010,-0.000960,-0.076662,-0.018347,0.003441,0.063510,0.123996,0.040243,0.045911,-0.013074,-0.018262,-0.008796,1.000000,0.053263,0.191861,0.038637,-0.000959,0.017459,0.030319,0.048913,0.074144,0.063047,-0.007351,-0.111850,-0.013336,0.041291,0.021499,-0.022931,0.071427,0.018416,-0.012832,-0.046338,0.024592,-0.031720,-0.000196,-0.054725,-0.047929,-0.008794,-0.037421,0.045154,0.026316,-0.004115,0.001980,-0.030996,-0.022081,0.014341,-0.036588,0.011538,-0.013239,0.036137,0.006771,-0.008531,-0.084256,-0.091235,0.015291,-0.089095,-0.071036,-0.012965
-0.003548,0.024743,0.044211,0.059904,0.019663,0.012713,0.009886,-0.000400,0.044855,-0.039613,0.044634,-0.043061,0.043652,0.042467,0.070133,0.014838,0.021249,0.085263,0.088687,-0.002612,0.103430,0.270399,0.053263,1.000000,0.089183,-0.008750,-0.051854,0.012477,0.048175,0.019145,-0.080211,-0.033169,0.021714,-0.067088,-0.044709,0.066550,0.019378,0.046459,-0.027356,0.043250,-0.036483,-0.008926,-0.037724,-0.082165,0.031494,-0.022276,0.060609,0.085878,0.122463,-0.024353,0.037089,0.014591,-0.034027,0.137230,0.146097,0.080950,0.074362,0.095042,0.084371,-0.074493,0.033061,0.038327,0.098977,-0.029584,0.073365,-0.081218,0.024712,0.056828
-0.048237,0.096318,0.083418,0.070123,0.045388,0.015130,0.059214,-0.065510,0.064150,-0.047417,0.059549,0.050251,-0.003091,0.016291,0.075513,0.050335,-0.020862,0.056633,0.068357,0.021846,-0.011498,0.030478,0.191861,0.089183,1.000000,-0.053030,-0.081416,0.018574,0.035689,0.012598,0.032912,-0.017338,0.052104,-0.082102,-0.000018,0.057815,-0.047797,0.084421,-0.056403,-0.079875,-0.032928,-0.076951,-0.049321,-0.093460,0.086902,-0.046286,-0.031490,0.055188,0.044728,-0.012990,0.062080,-0.058549,-0.040153,0.008657,-0.034378,-0.019834,0.006910,-0.036247,-0.010429,-0.026019,-0.042027,-0.091905,-0.071073,-0.063422,0.021641,-0.059768,-0.012652,-0.024126
0.001605,-0.000050,-0.105020,-0.000341,0.026815,-0.015090,0.063732,0.037149,-0.057060,0.039137,-0.056138,0.021987,0.022588,-0.037711,0.032474,-0.063215,0.015436,0.035032,-0.149634,0.066465,0.040197,0.063876,0.038637,-0.008750,-0.053030,1.000000,0.379236,0.014234,0.027195,-0.020571,0.026365,0.059790,0.070060,0.067116,0.011066,0.024647,-0.040845,-0.000349,0.032245,-0.055312,-0.031972,0.036681,-0.045169,0.058853,-0.045421,0.012434,0.066013,-0.053732,-0.066317,0.104428,0.019789,-0.010108,0.061806,0.019408,0.021780,0.004601,0.001498,0.036841,-0.042080,-0.013766,-0.056675,-0.011378,0.046944,0.028665,-0.055098,0.010094,0.001044,-0.078120
0.022525,0.003364,0.009256,-0.009406,0.097824,-0.077232,0.070772,-0.012287,-0.101952,0.037156,0.070186,-0.038868,-0.000335,0.023103,-0.012881,-0.096099,0.041818,-0.018694,-0.054172,-0.008902,0.007142,0.018070,-0.000959,-0.051854,-0.081416,0.379236,1.000000,0.115307,0.008401,-0.040088,0.090116,0.070334,-0.011427,0.012385,-0.004233,-0.019610,0.006330,-0.042293,0.029510,-0.049458,0.053243,0.006066,0.074346,0.042390,0.007649,0.047153,0.017674,0.002796,-0.047357,0.031110,-0.006587,-0.022521,0.021876,0.008059,0.041040,0.026686,-0.039691,0.013062,-0.016226,0.018245,-0.012102,-0.016471,0.126123,0.042477,-0.025516,0.069965,0.086021,0.025127
-0.027611,0.107166,0.023048,-0.045799,0.012646,-0.008051,0.062521,-0.010227,-0.007877,-0.004829,0.059302,-0.049673,-0.012738,0.045504,-0.013549,-0.003313,0.037072,-0.023559,-0.091099,-0.057001,-0.053967,-0.016733,0.017459,0.012477,0.018574,0.014234,0.115307,1.000000,-0.016383,0.044112,-0.040791,-0.018997,0.016491,-0.047733,0.011274,-0.007824,0.020978,-0.031675,0.013327,-0.033255,-0.041375,-0.009909,-0.062252,-0.065694,0.018025,-0.018923,-0.064339,-0.023808,-0.057234,0.054253,0.027257,0.033596,-0.037142,-0.047338,-0.036873,-0.036755,-0.027426,-0.005348,0.031055,-0.075131,-0.072129,-0.084446,0.082973,-0.041722,-0.025456,-0.017961,0.059417,0.070653
0.040291,-0.026102,0.004140,0.025693,0.080182,0.059506,-0.019153,0.064973,-0.006819,0.019705,-0.023845,-0.007106,0.031531,0.012664,0.024657,0.069810,0.035780,0.041143,0.052516,0.025910,0.040817,0.062033,0.030319,0.048175,0.035689,0.027195,0.008401,-0.016383,1.000000,0.111038,0.002578,0.041351,-0.029195,0.053995,0.028416,0.001912,-0.080303,0.012723,-0.057171,0.016249,0.001859,0.058793,0.044243,0.002699,0.049931,-0.009263,0.010068,0.059640,0.030510,0.067203,-0.028825,-0.032527,-0.001710,0.009816,-0.044556,-0.052239,-0.019854,0.000368,0.034900,0.039371,0.005438,0.016705,-0.016321,0.006402,-0.017142,0.024923,-0.004632,0.006246
-0.073002,-0.011505,0.027867,0.022453,0.067104,-0.050883,0.007924,0.016340,-0.045605,0.089034,0.079652,-0.007444,-0.025697,0.101323,0.025239,0.068237,0.134108,-0.017130,0.207961,0.009891,-0.004568,-0.048752,0.048913,0.019145,0.012598,-0.020571,-0.040088,0.044112,0.111038,1.000000,0.124926,0.093793,0.015516,-0.055914,-0.031445,-0.019973,-0.003036,0.005609,0.017711,0.118867,0.103621,0.043533,0.106757,0.084842,0.079958,0.026989,-0.033477,0.083375,0.031735,0.027307,-0.008701,0.013483,0.049481,0.092843,-0.021540,-0.028456,0.026707,-0.017864,0.041942,0.020773,0.038305,0.043593,-0.004429,0.023057,-0.012262,0.098922,0.025824,-0.024000
-0.048009,0.021707,-0.038313,0.016113,0.002467,-0.015958,0.001042,-0.053989,-0.011138,0.029022,0.017267,-0.009136,-0.056863,-0.005916,-0.044119,-0.015542,0.094176,0.018181,0.038938,0.001309,-0.047645,-0.017389,0.074144,-0.080211,0.032912,0.026365,0.090116,-0.040791,0.002578,0.124926,1.000000,0.077176,0.045839,-0.003476,0.009948,0.002028,-0.067867,-0.066412,0.011685,-0.075469,0.036397,-0.039889,0.073575,-0.003270,-0.054805,-0.048368,-0.057579,-0.075599,0.040881,0.102757,0.027294,0.048086,0.004219,0.054233,0.026187,-0.007159,-0.045557,-0.066603,0.044084,0.030766,-0.005849,0.035364,0.090097,-0.006000,-0.110395,0.022600,-0.004614,0.029950
0.064581,0.040713,0.011383,0.011462,0.128198,0.011286,0.093704,0.051296,0.024477,0.066445,0.101470,-0.028299,0.029989,0.075804,0.007207,0.079625,0.016054,0.117139,-0.066270,0.042336,0.032494,-0.018718,0.063047,-0.033169,-0.017338,0.059790,0.070334,-0.018997,0.041351,0.093793,0.077176,1.000000,0.039624,0.088509,-0.046735,-0.079338,-0.022772,0.040944,-0.024759,-0.053883,0.068124,0.064595,0.022537,0.038559,0.066636,0.081285,0.026267,0.012581,0.024903,0.018891,-0.039431,-0.046161,-0.030937,0.043791,-0.085557,-0.078476,0.010090,-0.023581,0.031491,0.063688,0.015792,-0.016186,0.052425,0.031614,-0.054347,0.047732,0.073098,-0.017758
0.077999,0.017508,-0.020913,-0.051577,0.120609,0.001479,0.106422,0.013506,-0.013073,0.020450,0.159777,-0.026328,0.008712,0.066950,-0.054326,0.027368,-0.077678,0.033728,-0.041519,-0.059010,-0.031860,0.027725,-0.007351,0.021714,0.052104,0.070060,-0.011427,0.016491,-0.029195,0.015516,0.045839,0.039624,1.000000,0.051701,0.009968,-0.004731,0.000135,-0.039096,-0.005328,0.093466,0.075755,0.068209,0.030839,-0.003700,0.104414,0.010689,0.068465,-0.000804,-0.034437,0.013363,0.012192,-0.028551,-0.093457,-0.024617,-0.043900,-0.000762,-0.074962,-0.005078,0.093724,0.009587,-0.005083,-0.026466,0.086677,0.019524,-0.079326,0.004506,-0.040702,0.006041
0.528062,0.108239,-0.017941,0.074932,0.217579,0.063596,0.029576,0.044955,0.010010,0.003029,0.087418,-0.110284,0.027375,0.078203,0.090248,0.034843,0.040616,0.091006,0.023866,0.088254,0.074859,0.027200,-0.111850,-0.067088,-0.082102,0.067116,0.012385,-0.047733,0.053995,-0.055914,-0.003476,0.088509,0.051701,1.000000,0.032292,-0.014094,-0.039484,0.098530,0.011270,0.082158,-0.063252,0.024900,-0.006463,0.011440,0.048359,0.096243,0.054491,0.066265,0.025648,-0.022474,0.002707,-0.021102,-0.044423,0.096591,-0.047639,-0.100093,0.038353,-0.025630,-0.073861,0.009597,-0.004561,-0.023170,0.018855,0.031334,0.012559,-0.058118,-0.067627,0.024717
0.087859,0.008835,-0.075515,0.010947,-0.012326,0.015834,-0.105018,-0.006278,-0.017173,-0.083178,-0.030003,0.085740,0.024560,-0.053357,0.019690,-0.001982,0.027347,0.034331,0.078781,-0.004872,0.009603,0.011743,-0.013336,-0.044709,-0.000018,0.011066,-0.004233,0.011274,0.028416,-0.031445,0.009948,-0.046735,0.009968,0.032292,1.000000,0.199234,-0.099232,0.083515,0.067327,-0.061787,-0.015037,-0.031225,-0.024705,0.046275,-0.013253,-0.090147,-0.038881,0.021117,0.008890,0.016942,0.015220,-0.050725,0.008061,-0.046544,0.023156,0.012472,-0.027901,-0.029126,-0.146488,0.031709,0.045052,0.007996,-0.039459,0.015529,0.085615,0.038204,-0.023029,0.202778
0.058219,0.006793,-0.053617,0.063272,-0.054699,0.052801,-0.114736,-0.031652,-0.010027,0.032550,-0.012938,0.029290,-0.024485,-0.009407,0.048941,0.089308,-0.094767,0.069821,0.049130,0.059472,0.004249,0.020835,0.041291,0.066550,0.057815,0.024647,-0.019610,-0.007824,0.001912,-0.019973,0.002028,-0.079338,-0.004731,-0.014094,0.199234,1.000000,-0.073522,-0.059837,0.049350,0.007035,-0.123622,-0.058884,-0.054620,0.018897,-0.022179,-0.089964,-0.056098,0.018094,0.071591,-0.018181,-0.001843,0.086841,0.013993,0.037403,0.122699,0.095302,0.059220,0.064024,-0.039633,-0.056561,-0.000216,-0.039174,-0.010563,-0.058242,-0.018524,0.004358,0.018310,0.098234
0.023027,0.051489,0.117112,0.116341,0.002710,-0.094294,0.002815,-0.014383,0.007481,0.055820,0.022239,0.008158,0.013262,0.010160,0.021798,-0.075556,-0.075012,0.013197,0.037691,0.030731,-0.024586,-0.042419,0.021499,0.019378,-0.047797,-0.040845,0.006330,0.020978,-0.080303,-0.003036,-0.067867,-0.022772,0.000135,-0.039484,-0.099232,-0.073522,1.000000,0.056771,-0.060650,0.050261,0.063643,-0.018116,0.033423,0.006839,0.069200,0.066165,0.002639,0.048170,0.064502,-0.050917,0.046852,-0.019983,-0.031461,0.093070,0.053275,-0.047966,0.015573,-0.025436,-0.013821,0.042332,0.031430,0.067643,-0.012051,-0.026935,-0.000564,-0.123114,-0.028762,-0.042292
0.098945,0.095363,0.108418,0.386962,0.135861,0.042641,0.145735,0.152587,0.067964,-0.021270,0.087655,0.090160,0.194810,0.075864,0.087562,-0.039695,0.050392,0.082808,0.064846,0.079845,0.036683,0.023763,-0.022931,0.046459,0.084421,-0.000349,-0.042293,-0.031675,0.012723,0.005609,-0.066412,0.040944,-0.039096,0.098530,0.083515,-0.059837,0.056771,1.000000,-0.003116,0.144234,0.137506,0.167130,0.088413,0.120169,0.162126,0.276928,0.211286,0.186094,0.135115,0.038939,0.057238,0.052389,0.080895,0.046779,0.048429,-0.008456,0.018937,0.006151,-0.006671,0.136432,0.048694,-0.006283,-0.004104,0.086717,0.061679,0.033196,-0.039607,0.051340
0.041152,0.053284,-0.053061,-0.041240,-0.008706,0.026156,0.004092,0.019948,-0.005664,-0.005146,0.102959,0.013929,0.041487,0.065972,-0.053069,-0.052456,0.028199,-0.000664,0.048463,-0.066226,-0.035839,-0.049922,0.071427,-0.027356,-0.056403,0.032245,0.029510,0.013327,-0.057171,0.017711,0.011685,-0.024759,-0.005328,0.011270,0.067327,0.049350,-0.060650,-0.003116,1.000000,0.079957,0.079570,0.030049,0.009820,-0.011413,0.097984,0.067926,-0.036085,0.049953,-0.017544,0.047378,0.097312,0.085981,-0.018133,-0.025253,-0.034594,0.069770,-0.015685,0.081637,0.003736,0.024745,-0.048251,-0.042820,0.066186,0.035178,0.119975,0.045615,0.025886,0.223552
0.131054,0.037011,-0.003193,0.164211,0.122685,0.171194,0.194712,0.284850,0.146863,0.063412,0.203192,0.103387,0.255379,0.166124,0.002266,-0.012791,-0.050008,0.043972,0.097474,-0.035795,0.076471,0.012219,0.018416,0.043250,-0.079875,-0.055312,-0.049458,-0.033255,0.016249,0.118867,-0.075469,-0.053883,0.093466,0.082158,-0.061787,0.007035,0.050261,0.144234,0.079957,1.000000,0.332851,0.356132,0.415263,0.147402,0.184733,0.165938,0.249426,0.180672,0.010552,0.063359,0.133653,0.072689,0.157519,-0.013055,0.134448,0.094482,0.085660,0.080865,0.091832,0.146692,0.138033,0.039230,0.081932,0.122034,0.136914,0.098249,-0.040538,0.139644
-0.054655,-0.002179,0.014225,0.190182,0.104131,0.146758,0.274901,0.257159,0.182515,0.024261,0.257793,0.023209,0.233575,0.242736,0.059059,-0.008815,-0.006916,0.001015,0.082412,-0.006306,0.003031,-0.046697,-0.012832,-0.036483,-0.032928,-0.031972,0.053243,-0.041375,0.001859,0.103621,0.036397,0.068124,0.075755,-0.063252,-0.015037,-0.123622,0.063643,0.137506,0.079570,0.332851,1.000000,0.279867,0.407473,0.070947,0.254681,0.173340,0.211041,0.207293,0.072912,0.064894,0.019634,0.079992,0.160416,0.018251,0.057703,0.067442,0.091761,-0.013069,0.134467,0.098305,0.031306,0.049687,0.092284,0.027286,0.051327,0.218889,-0.038538,0.135627
0.006861,-0.025158,0.017295,0.114639,0.186566,0.377379,0.231413,0.863597,0.208723,0.312094,0.168746,0.062679,0.420925,0.327304,0.062027,-0.006755,0.000949,0.018893,0.057644,-0.042197,0.030950,-0.007377,-0.046338,-0.008926,-0.076951,0.036681,0.006066,-0.009909,0.058793,0.043533,-0.039889,0.064595,0.068209,0.024900,-0.031225,-0.058884,-0.018116,0.167130,0.030049,0.356132,0.279867,1.000000,0.292687,0.251040,0.189002,0.175979,0.406598,0.232537,0.003093,0.025943,0.042188,0.063750,0.060923,-0.062378,0.095413,0.062609,0.024211,0.019245,0.046790,0.045542,0.092559,0.039783,0.016606,0.018874,0.081402,0.072545,0.016563,0.106949
0.003810,0.034318,0.007670,0.134387,0.054178,0.060111,0.290160,0.264412,0.250512,0.042284,0.251346,0.111258,0.309239,0.218042,0.067839,-0.052922,-0.057219,-0.017745,0.075744,0.047880,0.010220,-0.034903,0.024592,-0.037724,-0.049321,-0.045169,0.074346,-0.062252,0.044243,0.106757,0.073575,0.022537,0.030839,-0.006463,-0.024705,-0.054620,0.033423,0.088413,0.009820,0.415263,0.407473,0.292687,1.000000,0.170109,0.150544,0.208891,0.219985,0.191435,0.089824,0.080927,0.082908,0.067919,0.173673,0.073090,0.132878,0.115516,0.034904,0.027656,0.050131,0.084448,0.117538,0.073891,0.078436,0.061902,0.081431,0.155034,-0.050597,0.104487
0.013169,0.001483,0.045458,0.100758,0.043806,-0.030306,0.029120,0.136946,-0.132917,0.443702,0.174242,-0.008490,0.015126,0.165386,-0.052156,-0.001487,-0.022212,-0.018264,0.035821,-0.057168,-0.071180,-0.079331,-0.031720,-0.082165,-0.093460,0.058853,0.042390,-0.065694,0.002699,0.084842,-0.003270,0.038559,-0.003700,0.011440,0.046275,0.018897,0.006839,0.120169,-0.011413,0.147402,0.070947,0.251040,0.170109,1.000000,0.221125,0.103468,0.118282,0.199968,0.010997,0.118570,0.065513,0.122395,0.132398,-0.016681,0.010721,0.029081,0.020124,0.060402,-0.060563,0.085868,0.030114,-0.008054,-0.023788,0.052238,0.035261,0.047101,-0.013063,0.052281
-0.030268,-0.025257,0.036693,0.160172,0.195221,0.060983,0.180741,0.150454,-0.007171,0.117097,0.539087,0.014912,0.183696,0.435650,0.054616,0.053785,0.080494,0.056609,0.140811,0.076725,0.011302,-0.099862,-0.000196,0.031494,0.086902,-0.045421,0.007649,0.018025,0.049931,0.079958,-0.054805,0.066636,0.104414,0.048359,-0.013253,-0.022179,0.069200,0.162126,0.097984,0.184733,0.254681,0.189002,0.150544,0.221125,1.000000,0.364596,0.255129,0.653695,0.143246,0.050877,0.095785,0.115776,-0.018472,0.042487,0.008292,0.006360,-0.023917,0.028732,0.101432,0.140706,0.010969,0.032825,0.041757,0.033752,0.051200,-0.011785,0.088815,0.126767
0.013485,0.044158,0.108412,0.212626,0.090416,-0.033348,0.243063,0.126839,0.064003,0.017393,0.351853,-0.003000,0.283995,0.261809,0.022753,-0.034605,0.019124,0.078473,0.111416,0.052123,0.018371,-0.027170,-0.054725,-0.022276,-0.046286,0.012434,0.047153,-0.018923,-0.009263,0.026989,-0.048368,0.081285,0.010689,0.096243,-0.090147,-0.089964,0.066165,0.276928,0.067926,0.165938,0.173340,0.175979,0.208891,0.103468,0.364596,1.000000,0.564299,0.350047,0.125413,0.045967,-0.004131,0.085894,0.016061,0.025543,0.011418,0.012299,0.002082,0.044281,0.113740,0.145105,0.087699,-0.005767,0.000503,0.020595,0.076775,0.032665,-0.024253,0.093220
0.021223,0.003110,0.049708,0.177273,0.082764,0.123230,0.207263,0.361320,0.214208,0.056038,0.237895,0.081643,0.490620,0.291299,0.142805,-0.023936,-0.009669,0.044506,0.019328,0.106187,0.084809,0.045058,-0.047929,0.060609,-0.031490,0.066013,0.017674,-0.064339,0.010068,-0.033477,-0.057579,0.026267,0.068465,0.054491,-0.038881,-0.056098,0.002639,0.211286,-0.036085,0.249426,0.211041,0.406598,0.219985,0.118282,0.255129,0.564299,1.000000,0.400127,0.223421,0.044939,0.002491,0.036138,0.027298,0.064840,0.065261,0.020709,0.039279,0.001487,0.072080,0.122478,0.066894,0.014771,0.005901,-0.037004,0.082514,0.015574,-0.019005,0.077898
-0.000985,-0.044261,0.019078,0.165861,0.153988,0.085261,0.173439,0.154062,0.075938,0.093739,0.301929,0.048270,0.253419,0.348210,0.201948,0.024085,0.057816,0.057248,0.090819,0.166636,0.118313,0.055800,-0.008794,0.085878,0.055188,-0.053732,0.002796,-0.023808,0.059640,0.083375,-0.075599,0.012581,-0.000804,0.066265,0.021117,0.018094,0.048170,0.186094,0.049953,0.180672,0.207293,0.232537,0.191435,0.199968,0.653695,0.350047,0.400127,1.000000,0.422373,0.027363,0.045188,0.101638,-0.010727,0.328685,0.070923,0.047926,0.015879,0.018146,0.043233,0.179478,0.029832,0.040468,0.036631,0.007991,0.074029,0.010229,0.099776,0.130428
-0.026054,0.015290,0.048121,0.102725,0.015975,0.016534,0.119443,-0.010639,0.052760,-0.049173,0.031003,0.022576,0.106252,0.024124,0.294897,-0.049741,0.035685,0.108142,0.003860,0.281928,0.075887,0.090230,-0.037421,0.122463,0.044728,-0.066317,-0.047357,-0.057234,0.030510,0.031735,0.040881,0.024903,-0.034437,0.025648,0.008890,0.071591,0.064502,0.135115,-0.017544,0.010552,0.072912,0.003093,0.089824,0.010997,0.143246,0.125413,0.223421,0.422373,1.000000,-0.002438,-0.007020,0.083285,0.036281,0.662631,0.140446,0.077583,-0.020778,0.041683,0.031259,0.101462,-0.047988,-0.010453,0.023192,0.022646,0.033168,0.032829,-0.056955,0.038883
-0.046758,-0.041985,-0.046454,0.008952,0.046443,0.017429,-0.001086,0.017401,0.006796,0.060573,0.116474,-0.014317,0.023493,0.079603,0.031979,-0.004696,-0.030420,0.031199,0.033228,0.057898,0.001396,-0.027104,0.045154,-0.024353,-0.012990,0.104428,0.031110,0.054253,0.067203,0.027307,0.102757,0.018891,0.013363,-0.022474,0.016942,-0.018181,-0.050917,0.038939,0.047378,0.063359,0.064894,0.025943,0.080927,0.118570,0.050877,0.045967,0.044939,0.027363,-0.002438,1.000000,0.074895,0.018538,0.021603,-0.029562,-0.042061,-0.026458,0.004351,0.063587,-0.004447,0.037743,-0.022519,0.029053,-0.005182,0.022818,-0.011621,0.005431,0.071566,0.118352
0.019781,0.092350,-0.128146,0.048626,0.052239,0.086467,-0.072711,0.054532,-0.000716,0.019378,0.136521,0.040331,-0.000423,0.110781,-0.085689,0.007883,-0.029803,-0.070584,-0.035308,-0.128642,-0.076002,-0.047280,0.026316,0.037089,0.062080,0.019789,-0.006587,0.027257,-0.028825,-0.008701,0.027294,-0.039431,0.012192,0.002707,0.015220,-0.001843,0.046852,0.057238,0.097312,0.133653,0.019634,0.042188,0.082908,0.065513,0.095785,-0.004131,0.002491,0.045188,-0.007020,0.074895,1.000000,0.042610,0.184710,0.004194,-0.029659,0.021152,0.050260,-0.075961,-0.019979,0.029580,0.033947,0.026776,-0.047297,0.147824,0.181652,0.067302,-0.004209,0.021686
-0.013008,-0.049144,-0.011356,0.016008,-0.064896,0.006233,-0.016877,0.039395,-0.092630,0.101679,0.029272,-0.051395,0.010475,0.014871,0.010553,0.028492,0.028382,0.101131,0.041331,0.097147,0.052842,0.010525,-0.004115,0.014591,-0.058549,-0.010108,-0.022521,0.033596,-0.032527,0.013483,0.048086,-0.046161,-0.028551,-0.021102,-0.050725,0.086841,-0.019983,0.052389,0.085981,0.072689,0.079992,0.063750,0.067919,0.122395,0.115776,0.085894,0.036138,0.101638,0.083285,0.018538,0.042610,1.000000,0.289017,0.094045,0.047227,0.111441,0.111549,0.126678,-0.037142,0.054767,-0.027801,-0.015079,0.087281,0.042406,0.018530,0.044328,-0.011257,0.125299
-0.076619,0.046564,-0.067129,0.069055,-0.043665,0.060174,-0.042223,0.083423,-0.028311,0.023992,-0.028778,-0.036033,-0.034261,-0.100890,-0.045163,0.002458,0.006122,-0.012017,0.021136,-0.024735,-0.004081,-0.023918,0.001980,-0.034027,-0.040153,0.061806,0.021876,-0.037142,-0.001710,0.049481,0.004219,-0.030937,-0.093457,-0.044423,0.008061,0.013993,-0.031461,0.080895,-0.018133,0.157519,0.160416,0.060923,0.173673,0.132398,-0.018472,0.016061,0.027298,-0.010727,0.036281,0.021603,0.184710,0.289017,1.000000,0.056826,0.053266,0.058561,0.203993,-0.000204,-0.045695,0.117486,-0.010009,-0.006104,0.006333,0.229103,0.103557,0.160536,0.020693,0.061721
0.042116,0.041864,0.081554,0.027221,0.049263,0.008649,0.063991,-0.048336,0.041811,-0.022582,-0.066206,-0.058048,0.038867,-0.041397,0.241929,-0.115125,-0.012160,0.125222,0.040706,0.277430,0.007245,0.070224,-0.030996,0.137230,0.008657,0.019408,0.008059,-0.047338,0.009816,0.092843,0.054233,0.043791,-0.024617,0.096591,-0.046544,0.037403,0.093070,0.046779,-0.025253,-0.013055,0.018251,-0.062378,0.073090,-0.016681,0.042487,0.025543,0.064840,0.328685,0.662631,-0.029562,0.004194,0.094045,0.056826,1.000000,0.207849,0.082563,0.010842,-0.001151,0.023657,0.031236,-0.025738,0.024106,0.011600,0.018470,0.009511,0.017557,-0.055727,0.000569
0.004659,0.034111,-0.025017,0.044315,0.066646,0.053954,0.063157,0.098951,0.093505,0.030991,-0.021107,0.012722,0.017508,-0.040625,0.029795,-0.023614,0.061909,0.063045,0.140465,0.004402,0.070828,0.098542,-0.022081,0.146097,-0.034378,0.021780,0.041040,-0.036873,-0.044556,-0.021540,0.026187,-0.085557,-0.043900,-0.047639,0.023156,0.122699,0.053275,0.048429,-0.034594,0.134448,0.057703,0.095413,0.132878,0.010721,0.008292,0.011418,0.065261,0.070923,0.140446,-0.042061,-0.029659,0.047227,0.053266,0.207849,1.000000,0.541044,0.005224,0.190700,0.075109,0.010643,0.065462,0.044879,0.057865,0.060470,0.055248,-0.018365,-0.049156,0.039397
-0.071515,-0.049271,-0.008639,-0.011642,-0.069332,-0.019582,0.016416,0.039237,-0.027364,0.015739,0.029554,-0.055623,0.000725,-0.040461,-0.008732,0.009095,0.018637,-0.048027,0.035830,-0.011068,0.001573,-0.007130,0.014341,0.080950,-0.019834,0.004601,0.026686,-0.036755,-0.052239,-0.028456,-0.007159,-0.078476,-0.000762,-0.100093,0.012472,0.095302,-0.047966,-0.008456,0.069770,0.094482,0.067442,0.062609,0.115516,0.029081,0.006360,0.012299,0.020709,0.047926,0.077583,-0.026458,0.021152,0.111441,0.058561,0.082563,0.541044,1.000000,0.042080,0.396182,0.090139,0.029000,0.073099,0.021746,0.025692,0.133413,0.106608,-0.015290,0.011534,0.045473
-0.051833,0.015595,0.062797,0.040872,-0.051060,0.129208,0.027577,0.045346,0.074866,-0.019018,-0.046229,0.002828,0.061331,-0.070550,0.026542,-0.003004,-0.059934,0.013816,0.103977,-0.000691,0.110953,0.043798,-0.036588,0.074362,0.006910,0.001498,-0.039691,-0.027426,-0.019854,0.026707,-0.045557,0.010090,-0.074962,0.038353,-0.027901,0.059220,0.015573,0.018937,-0.015685,0.085660,0.091761,0.024211,0.034904,0.020124,-0.023917,0.002082,0.039279,0.015879,-0.020778,0.004351,0.050260,0.111549,0.203993,0.010842,0.005224,0.042080,1.000000,0.063188,0.174637,0.102291,-0.049269,-0.043293,0.060309,0.099607,0.016594,0.057286,0.046195,0.098931
-0.096890,-0.020544,0.055378,0.031928,-0.030521,-0.005597,0.002350,0.014683,-0.052860,0.031283,0.005032,-0.019037,-0.033259,-0.009200,0.024200,0.006596,-0.017207,0.097412,0.058372,0.066796,-0.065426,-0.089744,0.011538,0.095042,-0.036247,0.036841,0.013062,-0.005348,0.000368,-0.017864,-0.066603,-0.023581,-0.005078,-0.025630,-0.029126,0.064024,-0.025436,0.006151,0.081637,0.080865,-0.013069,0.019245,0.027656,0.060402,0.028732,0.044281,0.001487,0.018146,0.041683,0.063587,-0.075961,0.126678,-0.000204,-0.001151,0.190700,0.396182,0.063188,1.000000,0.064458,-0.016851,0.029560,0.021519,0.109557,0.140879,0.047011,0.002188,-0.073738,0.068301
-0.104917,-0.040229,0.118986,-0.010460,0.096635,0.063468,0.142306,0.025465,0.048215,-0.011960,0.121467,-0.055528,0.042070,0.097039,-0.045268,0.033254,0.024947,0.000747,0.067109,-0.043480,0.039476,0.028226,-0.013239,0.084371,-0.010429,-0.042080,-0.016226,0.031055,0.034900,0.041942,0.044084,0.031491,0.093724,-0.073861,-0.146488,-0.039633,-0.013821,-0.006671,0.003736,0.091832,0.134467,0.046790,0.050131,-0.060563,0.101432,0.113740,0.072080,0.043233,0.031259,-0.004447,-0.019979,-0.037142,-0.045695,0.023657,0.075109,0.090139,0.174637,0.064458,1.000000,0.076403,0.027029,0.018888,0.084794,0.013160,-0.010799,0.009110,-0.042686,0.002710
0.004600,-0.046062,0.038401,0.129349,0.035196,0.061142,-0.006423,-0.011896,-0.004932,-0.050068,0.112166,0.030898,0.055200,0.024590,0.042152,0.070493,-0.002627,0.081533,0.063592,0.053589,0.052471,-0.016926,0.036137,-0.074493,-0.026019,-0.013766,0.018245,-0.075131,0.039371,0.020773,0.030766,0.063688,0.009587,0.009597,0.031709,-0.056561,0.042332,0.136432,0.024745,0.146692,0.098305,0.045542,0.084448,0.085868,0.140706,0.145105,0.122478,0.179478,0.101462,0.037743,0.029580,0.054767,0.117486,0.031236,0.010643,0.029000,0.102291,-0.016851,0.076403,1.000000,0.122694,0.007903,0.025396,0.165472,-0.022939,0.110515,-0.029754,0.073829
0.000951,0.000487,-0.035284,0.066835,0.052022,0.038695,0.038812,0.108054,0.113839,0.038488,0.054258,0.004510,0.068777,0.044166,-0.008398,0.001086,-0.035517,-0.045832,0.061276,-0.005574,0.032412,-0.025537,0.006771,0.033061,-0.042027,-0.056675,-0.012102,-0.072129,0.005438,0.038305,-0.005849,0.015792,-0.005083,-0.004561,0.045052,-0.000216,0.031430,0.048694,-0.048251,0.138033,0.031306,0.092559,0.117538,0.030114,0.010969,0.087699,0.066894,0.029832,-0.047988,-0.022519,0.033947,-0.027801,-0.010009,-0.025738,0.065462,0.073099,-0.049269,0.029560,0.027029,0.122694,1.000000,0.463629,0.074126,0.081431,0.030978,0.024926,0.024279,0.035064
-0.006749,-0.042323,-0.020682,0.083109,-0.009645,0.009451,-0.010427,0.075011,0.125395,0.041208,0.022613,-0.047883,0.043564,0.044118,0.005289,0.030080,0.066614,-0.054235,0.051494,0.001221,-0.001652,-0.051620,-0.008531,0.038327,-0.091905,-0.011378,-0.016471,-0.084446,0.016705,0.043593,0.035364,-0.016186,-0.026466,-0.023170,0.007996,-0.039174,0.067643,-0.006283,-0.042820,0.039230,0.049687,0.039783,0.073891,-0.008054,0.032825,-0.005767,0.014771,0.040468,-0.010453,0.029053,0.026776,-0.015079,-0.006104,0.024106,0.044879,0.021746,-0.043293,0.021519,0.018888,0.007903,0.463629,1.000000,0.068076,0.049738,-0.006194,0.013160,0.047978,0.053042
-0.004211,0.073899,0.076896,-0.005075,0.074908,0.042058,0.060766,0.002070,-0.057312,-0.030818,0.077684,-0.020175,-0.030884,0.030811,-0.017206,-0.056460,0.022871,0.006150,-0.091428,-0.067039,0.150003,0.123673,-0.084256,0.098977,-0.071073,0.046944,0.126123,0.082973,-0.016321,-0.004429,0.090097,0.052425,0.086677,0.018855,-0.039459,-0.010563,-0.012051,-0.004104,0.066186,0.081932,0.092284,0.016606,0.078436,-0.023788,0.041757,0.000503,0.005901,0.036631,0.023192,-0.005182,-0.047297,0.087281,0.006333,0.011600,0.057865,0.025692,0.060309,0.109557,0.084794,0.025396,0.074126,0.068076,1.000000,0.226197,-0.120966,0.063770,0.068813,0.077851
