1.000000,0.227320,-0.021903,0.221900,0.115334,0.101300,0.125208,0.049575,0.097672,0.017090,0.002886,0.326133,0.123025,-0.038876,0.126286,0.054703,0.019215,0.140165,0.087106,0.092577,0.096090,0.069123,0.039745,-0.032709,0.023904,0.060729,-0.047943,0.037803,0.027652,0.149763,0.069734,0.156001,0.087897,0.281821,-0.004855,0.028341,0.132772,0.116304,0.028196,0.030113,0.036160,0.070762,0.021634,0.027081,0.095825,0.043032,0.161672,0.094417,0.144032,-0.085117,-0.069823,0.104040,0.048855,0.106763,0.070113,0.037074,-0.027495,0.042418,-0.090179,0.042778,-0.003746,-0.017926,0.034994,-0.035185,0.103693,-0.002317,-0.004090,0.076793
0.227320,1.000000,0.062224,0.021551,0.120480,0.145103,0.274657,0.088748,0.182763,0.100239,-0.002678,0.047078,0.071293,0.020623,0.075220,0.183906,0.023137,-0.000545,0.017129,0.098064,-0.011932,-0.005552,0.045130,-0.055195,0.026197,0.070104,-0.031711,0.004594,-0.036026,0.122388,0.064591,-0.005565,0.036857,0.179080,-0.000621,0.079337,0.050029,-0.034465,0.014451,0.103619,0.130404,0.057527,0.066992,0.130995,0.016258,-0.049313,0.029395,0.089326,0.006787,0.024066,-0.078060,-0.056693,-0.031654,0.021067,0.027170,-0.003200,0.016319,-0.044444,0.043850,0.059326,0.102461,0.059020,0.009544,-0.062409,-0.004453,-0.005956,-0.065696,0.059944
-0.021903,0.062224,1.000000,0.092779,0.070774,0.108437,0.100051,0.099229,0.098380,0.092785,-0.022612,0.063741,0.062638,-0.009377,0.037163,-0.019063,-0.029383,-0.024527,-0.019505,0.104295,-0.009611,0.014434,-0.073648,-0.032404,0.015294,-0.050898,-0.096452,-0.027012,0.099228,-0.003559,0.047564,0.007432,-0.050222,0.071548,-0.021705,-0.034016,-0.005066,0.128052,-0.052819,0.000347,0.112738,0.083977,0.005557,0.074556,0.000154,0.132468,0.062256,0.065742,0.077917,-0.030505,0.012896,-0.024850,-0.032332,0.081367,-0.030425,0.009486,-0.054629,0.044343,0.034641,-0.009708,-0.017971,0.015035,0.060551,0.024569,-0.013194,-0.029707,0.089486,-0.044001
0.221900,0.021551,0.092779,1.000000,0.016378,0.132762,0.082893,0.155027,0.103579,0.028481,-0.084510,0.479012,0.220140,-0.072447,0.072054,0.075882,-0.036424,0.026419,0.024458,0.020655,0.042361,0.024832,-0.029773,-0.031325,0.018520,-0.005879,-0.009340,0.039654,-0.009615,0.037328,0.037026,0.028940,-0.000872,0.065455,-0.092371,-0.047520,0.137889,0.729055,0.050421,0.147670,0.166954,0.202565,0.094166,0.096797,0.044194,0.469307,0.348775,0.104705,0.098558,-0.090073,-0.062029,0.003481,0.044837,0.061867,-0.035596,-0.042742,0.033005,-0.031435,-0.008999,0.040897,-0.013946,0.014568,-0.075413,-0.121562,0.052879,-0.039132,0.048484,0.082978
0.115334,0.120480,0.070774,0.016378,1.000000,0.112747,0.084679,0.078089,0.067128,0.047810,-0.008664,-0.035591,0.048363,-0.028641,0.003718,0.085257,0.224031,0.148393,0.113013,0.066625,0.061034,0.082659,0.095790,0.059212,0.060833,-0.030672,-0.035217,0.010352,-0.014483,0.036633,-0.046364,0.099833,-0.028760,0.597194,-0.058220,0.069571,0.005597,0.018451,0.031961,0.014460,0.126254,0.065969,0.041949,0.012486,0.021595,0.035715,0.050229,0.018021,0.036572,0.001411,-0.063071,0.011340,-0.033913,-0.008397,0.018033,0.028213,-0.008166,-0.036976,-0.065161,0.011925,-0.036779,0.006584,0.004492,-0.047436,-0.059807,0.005350,0.042890,0.043946
0.101300,0.145103,0.108437,0.132762,0.112747,1.000000,0.322355,0.622764,0.670418,0.272873,-0.246905,0.251024,0.626258,-0.037196,0.320201,0.075706,0.023721,0.048615,0.091931,0.238179,0.008858,0.027567,-0.046584,0.041083,0.036053,0.098209,0.000193,0.017720,0.074825,0.144348,-0.019862,0.050472,0.008196,0.074337,0.087751,0.050657,0.037401,0.088514,0.028568,0.542900,0.098533,0.628448,0.321072,0.435912,-0.055560,0.055025,0.465802,0.309697,0.280793,0.155238,0.168059,0.053926,0.036203,0.327598,0.073670,0.083631,0.016941,0.101906,0.056667,-0.018320,-0.006968,-0.013972,0.037123,0.136520,0.051721,-0.049372,0.073965,0.234290
0.125208,0.274657,0.100051,0.082893,0.084679,0.322355,1.000000,0.368945,0.446963,0.116016,-0.188549,0.169663,0.382406,-0.128755,0.111180,0.045171,-0.014242,-0.084367,0.018489,0.026759,-0.011387,-0.003606,-0.047928,-0.074649,0.015149,0.029580,-0.090706,0.036648,0.040050,0.187162,0.055791,-0.052769,0.046569,0.066410,-0.012567,0.022734,-0.002843,0.061182,0.113595,0.342304,0.225349,0.421441,0.189196,0.196985,-0.040860,0.034608,0.289888,0.144078,0.185488,0.082802,0.060896,0.008325,0.034396,0.214605,0.055611,0.016569,-0.020869,0.017649,0.033671,0.009267,-0.016747,0.015670,-0.048398,0.050200,0.015983,0.048180,0.009073,0.197741
0.049575,0.088748,0.099229,0.155027,0.078089,0.622764,0.368945,1.000000,0.608027,0.252362,-0.436827,0.251706,0.852101,-0.142602,0.273019,0.020628,-0.041469,-0.024722,0.048267,0.096814,0.019820,0.014937,-0.013229,0.001335,0.013838,0.059491,0.034307,0.004643,0.083241,0.135167,0.043857,0.053510,-0.035783,0.031286,0.031900,0.066419,0.119148,0.128369,0.072005,0.581112,0.236664,0.907703,0.398462,0.412935,-0.181304,0.015810,0.553401,0.321697,0.294457,0.139667,0.171125,0.030032,0.013002,0.382918,0.017027,-0.038420,0.004803,-0.004245,0.040080,-0.020530,-0.020872,-0.027689,0.047284,0.060640,-0.012879,-0.061701,0.068335,0.260863
0.097672,0.182763,0.098380,0.103579,0.067128,0.670418,0.446963,0.608027,1.000000,0.364500,-0.200252,0.223273,0.622446,0.038750,0.393193,0.063643,0.026817,0.052429,0.160757,0.274040,0.033609,0.036425,-0.066553,-0.012196,0.038454,0.128656,-0.051085,-0.011317,0.078963,0.232005,0.027939,0.065270,0.025249,0.056514,0.074955,0.017386,0.064254,0.093103,0.052432,0.571192,0.125835,0.607943,0.397830,0.513933,0.040879,0.059011,0.441795,0.400353,0.307646,0.164516,0.221338,0.063292,0.046569,0.374576,0.094350,0.018484,-0.007937,0.085066,0.085047,-0.021370,-0.022480,-0.013038,0.043230,0.194764,0.010614,-0.049140,0.086336,0.233547
0.017090,0.100239,0.092785,0.028481,0.047810,0.272873,0.116016,0.252362,0.364500,1.000000,0.067507,0.036188,0.214806,0.251677,0.261793,0.385141,0.136290,0.094805,0.080397,0.270326,0.048816,0.058633,-0.025017,0.002688,0.050434,0.095130,-0.002932,0.015218,-0.003987,0.057465,0.007767,0.053740,0.107328,0.074320,-0.044985,0.015787,0.029785,0.036336,-0.011446,0.194734,0.057863,0.174547,0.154379,0.547502,0.355099,-0.014119,0.089209,0.317181,0.088869,-0.016137,0.018574,0.074130,0.049758,0.120389,-0.066305,0.008409,0.038803,0.021713,0.023464,0.108671,0.056134,0.050653,0.001233,0.000027,-0.036418,0.046860,0.048347,0.086337
0.002886,-0.002678,-0.022612,-0.084510,-0.008664,-0.246905,-0.188549,-0.436827,-0.200252,0.067507,1.000000,-0.241667,-0.373278,0.834604,0.252806,0.041159,0.089453,-0.007683,-0.042346,0.304794,-0.050493,-0.033471,0.018415,-0.004818,0.043004,-0.019445,-0.017328,0.008165,-0.022836,-0.059742,0.076334,-0.049260,0.043403,-0.012716,-0.017450,0.029335,-0.002811,-0.118311,-0.019260,-0.218350,-0.093335,-0.443137,-0.139055,0.096705,0.540031,-0.122849,-0.385772,0.238742,-0.086923,0.030673,-0.040462,0.031208,0.020558,-0.096576,-0.006997,0.016792,-0.012914,-0.042915,-0.030788,0.065869,0.098551,0.047938,0.007988,0.027249,0.093374,0.047282,-0.012905,-0.094151
0.326133,0.047078,0.063741,0.479012,-0.035591,0.251024,0.169663,0.251706,0.223273,0.036188,-0.241667,1.000000,0.432984,-0.205182,0.107576,-0.057833,-0.098898,0.044870,0.069741,0.042044,0.048424,0.018785,-0.043829,-0.025571,-0.044619,0.024465,-0.006321,0.030555,0.034658,0.108652,0.037025,0.070268,0.057170,0.018379,-0.082467,0.021918,0.080654,0.328349,-0.034058,0.100595,0.091852,0.266212,0.027504,0.066877,-0.030288,0.247811,0.392916,0.057589,0.274055,-0.126281,-0.021065,0.011832,0.032384,0.202024,-0.053874,-0.038892,0.023637,0.013156,0.008788,0.052789,0.072653,0.039782,-0.086945,-0.049992,0.042973,-0.006918,0.027999,0.007160
0.123025,0.071293,0.062638,0.220140,0.048363,0.626258,0.382406,0.852101,0.622446,0.214806,-0.373278,0.432984,1.000000,-0.073074,0.368776,-0.008353,-0.064154,0.007247,0.055365,0.169616,-0.010920,-0.009696,-0.025138,-0.016279,0.028845,0.063074,0.060342,0.028647,0.098616,0.135836,0.011399,0.033536,-0.000646,0.002998,0.012347,0.093284,0.117072,0.162475,0.049340,0.554703,0.183627,0.810744,0.349771,0.412439,-0.104675,0.079066,0.655819,0.409008,0.440813,0.132383,0.221496,0.057839,0.053272,0.458031,0.075761,0.023973,0.031655,0.065936,0.053384,-0.025827,-0.033633,-0.023803,0.034806,0.101373,0.043493,-0.026316,0.094658,0.252630
-0.038876,0.020623,-0.009377,-0.072447,-0.028641,-0.037196,-0.128755,-0.142602,0.038750,0.251677,0.834604,-0.205182,-0.073074,1.000000,0.487934,0.051929,0.088850,-0.019372,-0.026492,0.477011,-0.092483,-0.063946,0.008828,-0.005333,0.061303,0.022339,-0.002840,0.004492,0.038416,-0.028164,0.079924,-0.010859,0.025512,-0.041168,0.018461,0.050382,0.021453,-0.100140,0.021195,0.017961,-0.034692,-0.200894,0.003510,0.336205,0.601473,-0.125945,-0.190081,0.520976,0.027503,0.115900,0.044478,0.042988,0.013904,0.060596,0.011872,0.023918,-0.001708,-0.043213,0.014022,0.044592,0.090728,0.054509,0.010949,0.064581,0.091372,0.021412,0.062213,-0.023200
0.126286,0.075220,0.037163,0.072054,0.003718,0.320201,0.111180,0.273019,0.393193,0.261793,0.252806,0.107576,0.368776,0.487934,1.000000,0.022318,0.101016,0.076441,0.097035,0.588542,-0.053391,-0.045074,-0.007896,-0.065628,0.052009,0.100972,0.028216,0.084874,0.062280,0.076154,0.075908,0.100258,-0.010411,0.035918,0.026028,0.104366,0.123905,0.033573,0.062289,0.316353,0.072538,0.279396,0.127647,0.399783,0.286500,-0.039262,0.241006,0.548895,0.396814,0.138113,0.193876,0.100458,0.025960,0.422304,0.087255,0.040080,-0.042852,0.093213,0.013348,0.062895,0.081184,0.039097,0.069067,0.174602,0.119701,0.019118,0.080543,0.137048
0.054703,0.183906,-0.019063,0.075882,0.085257,0.075706,0.045171,0.020628,0.063643,0.385141,0.041159,-0.057833,-0.008353,0.051929,0.022318,1.000000,0.205485,0.121758,0.018111,0.118165,0.159307,0.113174,0.082977,-0.001485,0.036822,0.031069,0.015129,0.025142,-0.090489,-0.045367,-0.018536,-0.047997,0.095142,0.192538,-0.022888,0.074907,-0.004519,0.061479,-0.017492,-0.038575,-0.004026,-0.023242,0.043629,0.234186,0.184478,-0.055909,-0.066217,0.128469,-0.022219,0.034781,-0.062125,0.009051,0.004576,-0.019355,-0.082548,-0.041427,-0.004456,-0.003891,0.002256,0.041664,0.009602,0.032998,0.004010,-0.085709,-0.043917,-0.034846,0.003292,0.018082
0.019215,0.023137,-0.029383,-0.036424,0.224031,0.023721,-0.014242,-0.041469,0.026817,0.136290,0.089453,-0.098898,-0.064154,0.088850,0.101016,0.205485,1.000000,0.219093,0.245545,0.087696,0.088072,0.085549,0.090183,0.020187,0.036840,-0.023363,-0.053429,-0.014571,-0.004548,0.061112,-0.007249,0.129028,0.084230,0.329941,-0.060617,0.074304,0.078585,-0.071118,0.019545,0.012299,-0.001086,-0.051578,0.022866,0.024332,0.106124,-0.105932,-0.083429,0.012144,-0.028830,0.047028,-0.013897,0.102234,0.050091,-0.005795,0.043582,0.049280,-0.061949,-0.015034,-0.006555,-0.051597,0.018831,-0.009680,-0.019043,0.010768,-0.021118,-0.028593,0.024901,0.023765
0.140165,-0.000545,-0.024527,0.026419,0.148393,0.048615,-0.084367,-0.024722,0.052429,0.094805,-0.007683,0.044870,0.007247,-0.019372,0.076441,0.121758,0.219093,1.000000,0.504900,0.194702,0.238714,0.299324,0.221712,0.233486,0.194136,-0.012381,-0.021244,-0.005921,0.080359,0.111437,0.036488,0.308645,0.178611,0.266459,-0.021496,0.004373,0.025452,0.038255,-0.099395,-0.040747,-0.018535,-0.030401,-0.041137,0.001028,-0.020478,0.015217,0.029213,-0.095316,0.058955,-0.042774,-0.005280,0.394503,0.203837,0.065083,0.155059,0.205130,0.155347,0.092431,0.078566,-0.018050,0.014004,0.016989,0.064475,0.038678,0.082739,0.108570,-0.015696,-0.013937
0.087106,0.017129,-0.019505,0.024458,0.113013,0.091931,0.018489,0.048267,0.160757,0.080397,-0.042346,0.069741,0.055365,-0.026492,0.097035,0.018111,0.245545,0.504900,1.000000,0.095840,0.078508,0.095370,0.089131,0.116752,0.098176,-0.011724,-0.064786,0.019636,0.079354,0.142382,0.035034,0.254664,0.120836,0.132266,-0.005839,-0.030310,0.011982,0.053867,-0.078088,0.022994,-0.000889,0.044218,-0.036362,0.007091,-0.001548,0.003929,-0.000630,-0.034831,0.063112,-0.029491,0.026517,0.184900,0.076874,0.045769,0.130665,0.105942,0.007522,0.054260,-0.028606,-0.005530,0.021968,0.021243,0.038595,0.024295,0.033587,0.010016,-0.023502,-0.058005
0.092577,0.098064,0.104295,0.020655,0.066625,0.238179,0.026759,0.096814,0.274040,0.270326,0.304794,0.042044,0.169616,0.477011,0.588542,0.118165,0.087696,0.194702,0.095840,1.000000,0.177589,0.165262,0.111755,0.073167,0.066355,0.011930,-0.021432,0.041295,0.007452,0.047693,0.029004,0.112480,-0.053493,0.074362,-0.050360,-0.001600,0.004273,0.004829,0.022037,0.162743,0.081104,0.085893,0.087405,0.347641,0.241014,-0.041651,0.129911,0.372550,0.222295,0.127369,0.093583,0.182581,0.055814,0.299627,0.154907,0.111005,0.043232,0.103546,0.047773,0.011387,0.014248,0.004169,0.096929,0.143430,0.073223,0.079134,0.106407,0.029023
0.096090,-0.011932,-0.009611,0.042361,0.061034,0.008858,-0.011387,0.019820,0.033609,0.048816,-0.050493,0.048424,-0.010920,-0.092483,-0.053391,0.159307,0.088072,0.238714,0.078508,0.177589,1.000000,0.798493,0.259248,0.352346,0.133951,-0.097549,-0.037101,-0.051722,-0.020388,-0.052858,-0.086500,0.060526,0.064164,0.096870,-0.022563,0.042693,-0.023781,0.042718,0.011431,0.004415,0.043354,0.052238,0.038268,0.010525,-0.062741,0.012527,-0.014149,-0.081403,0.041838,-0.044186,-0.043426,0.103543,-0.026335,0.045373,0.124987,0.094619,0.071598,0.097879,0.043300,0.008175,0.010695,0.028402,0.027079,0.037392,-0.016173,0.082091,-0.068025,-0.007643
0.069123,-0.005552,0.014434,0.024832,0.082659,0.027567,-0.003606,0.014937,0.036425,0.058633,-0.033471,0.018785,-0.009696,-0.063946,-0.045074,0.113174,0.085549,0.299324,0.095370,0.165262,0.798493,1.000000,0.246267,0.572987,0.112949,-0.083494,-0.076273,-0.075975,-0.005781,-0.034996,-0.091196,0.071529,0.125322,0.119610,-0.038694,0.046280,-0.046699,0.033744,-0.013017,0.010048,0.050520,0.040955,0.015746,0.016687,-0.088379,-0.011127,-0.042457,-0.104406,0.003736,-0.050601,-0.057278,0.203377,0.039487,-0.011358,0.177046,0.170911,0.080280,0.099160,0.081574,0.005968,-0.009837,-0.007488,0.014929,0.018539,-0.012622,0.106125,-0.060500,0.037385
0.039745,0.045130,-0.073648,-0.029773,0.095790,-0.046584,-0.047928,-0.013229,-0.066553,-0.025017,0.018415,-0.043829,-0.025138,0.008828,-0.007896,0.082977,0.090183,0.221712,0.089131,0.111755,0.259248,0.246267,1.000000,0.149956,0.225681,-0.029143,0.042280,0.009347,0.000148,0.006209,0.020942,0.126341,0.001395,0.156585,0.020552,0.014922,0.031953,-0.037046,0.053980,0.008090,0.019604,-0.026057,0.012936,-0.024507,-0.092116,-0.086068,0.009745,-0.053757,0.025543,-0.058917,-0.074633,0.142074,0.031164,0.050012,0.070068,0.114768,0.024971,0.070419,-0.008511,0.037740,0.018978,0.014852,0.029929,-0.004893,0.026228,0.021426,0.000224,0.013412
-0.032709,-0.055195,-0.032404,-0.031325,0.059212,0.041083,-0.074649,0.001335,-0.012196,0.002688,-0.004818,-0.025571,-0.016279,-0.005333,-0.065628,-0.001485,0.020187,0.233486,0.116752,0.073167,0.352346,0.572987,0.149956,1.000000,0.131836,-0.042901,-0.039570,-0.012763,-0.008349,-0.007864,-0.003636,0.011822,0.023778,0.050473,-0.024640,0.027407,-0.054226,-0.022809,0.010288,-0.004120,-0.031238,0.004873,0.032741,0.027979,-0.025619,-0.026423,-0.083981,-0.096487,-0.011119,0.026819,-0.079548,0.176537,0.030787,-0.000174,0.058217,0.123130,0.092252,0.067649,0.043441,-0.031697,-0.027048,-0.020032,0.021753,-0.034805,-0.005029,0.046734,-0.048814,0.031880
0.023904,0.026197,0.015294,0.018520,0.060833,0.036053,0.015149,0.013838,0.038454,0.050434,0.043004,-0.044619,0.028845,0.061303,0.052009,0.036822,0.036840,0.194136,0.098176,0.066355,0.133951,0.112949,0.225681,0.131836,1.000000,0.005983,0.035388,0.046550,0.088469,0.022465,-0.041575,0.092492,0.031159,0.068685,0.080610,0.047605,0.073761,0.002440,-0.014997,0.037252,-0.000581,0.012183,0.021898,0.091350,0.063634,-0.007875,0.027201,0.054181,-0.005417,-0.001980,0.004956,0.103219,0.091370,0.063652,0.046493,0.070775,0.062066,0.022867,-0.033044,-0.025943,0.009605,0.051881,0.073176,0.045225,0.115194,0.094512,-0.036667,-0.000221
0.060729,0.070104,-0.050898,-0.005879,-0.030672,0.098209,0.029580,0.059491,0.128656,0.095130,-0.019445,0.024465,0.063074,0.022339,0.100972,0.031069,-0.023363,-0.012381,-0.011724,0.011930,-0.097549,-0.083494,-0.029143,-0.042901,0.005983,1.000000,0.183682,-0.016062,0.058500,0.041654,-0.016908,-0.020413,0.006536,0.021228,0.066956,0.012884,-0.019787,0.007804,0.087875,0.089900,0.049722,0.086350,0.049657,0.082623,-0.001716,0.049734,0.109161,0.072991,-0.011937,0.083758,0.106990,0.033269,0.046296,0.089388,0.059738,0.016994,0.054687,0.054104,0.021971,0.008410,-0.017578,-0.022992,0.014421,0.035751,-0.004135,-0.017033,-0.002167,0.037165
-0.047943,-0.031711,-0.096452,-0.009340,-0.035217,0.000193,-0.090706,0.034307,-0.051085,-0.002932,-0.017328,-0.006321,0.060342,-0.002840,0.028216,0.015129,-0.053429,-0.021244,-0.064786,-0.021432,-0.037101,-0.076273,0.042280,-0.039570,0.035388,0.183682,1.000000,0.159216,0.129110,0.019383,-0.071445,-0.034070,0.014236,-0.074516,0.065651,0.092093,0.034785,-0.001873,0.028195,-0.022403,-0.064030,0.015811,-0.016194,-0.005629,-0.012640,0.006272,0.077158,0.034587,0.016967,0.062846,0.043465,0.059152,-0.014763,0.016930,-0.005037,-0.036272,0.064631,-0.069410,-0.064331,0.104362,0.038933,-0.014979,0.011648,-0.045368,-0.046746,0.005929,0.079196,-0.016291
0.037803,0.004594,-0.027012,0.039654,0.010352,0.017720,0.036648,0.004643,-0.011317,0.015218,0.008165,0.030555,0.028647,0.004492,0.084874,0.025142,-0.014571,-0.005921,0.019636,0.041295,-0.051722,-0.075975,0.009347,-0.012763,0.046550,-0.016062,0.159216,1.000000,0.017832,-0.036418,-0.020624,0.037400,0.028002,0.075156,-0.031019,0.016743,0.026431,0.031115,0.005428,0.001132,-0.023644,0.014528,-0.044305,0.001762,0.036173,0.023783,0.044759,0.045426,0.013053,-0.034975,-0.054809,-0.036521,-0.034702,0.003596,0.014293,-0.001493,-0.017061,0.019916,0.010709,0.010496,0.064980,0.001433,0.088701,-0.006117,-0.032439,-0.001390,0.075466,-0.025843
0.027652,-0.036026,0.099228,-0.009615,-0.014483,0.074825,0.040050,0.083241,0.078963,-0.003987,-0.022836,0.034658,0.098616,0.038416,0.062280,-0.090489,-0.004548,0.080359,0.079354,0.007452,-0.020388,-0.005781,0.000148,-0.008349,0.088469,0.058500,0.129110,0.017832,1.000000,0.386065,-0.022836,0.048868,0.048769,0.020044,0.043533,-0.049278,-0.051815,0.033042,0.034169,0.056373,0.003045,0.060270,0.010092,0.018755,-0.041523,0.045214,0.084694,0.083956,0.047226,-0.014072,0.092604,0.109406,0.067096,0.099276,0.063902,0.015636,0.056130,0.060070,-0.068049,0.046102,0.050977,-0.003204,0.026807,0.066223,0.055237,-0.082427,0.094090,0.035938
0.149763,0.122388,-0.003559,0.037328,0.036633,0.144348,0.187162,0.135167,0.232005,0.057465,-0.059742,0.108652,0.135836,-0.028164,0.076154,-0.045367,0.061112,0.111437,0.142382,0.047693,-0.052858,-0.034996,0.006209,-0.007864,0.022465,0.041654,0.019383,-0.036418,0.386065,1.000000,0.069169,0.145008,0.110964,0.072920,0.018318,-0.038412,0.058721,0.005575,0.024250,0.187424,0.030803,0.129769,0.047163,0.079084,-0.017826,0.016567,0.119854,0.049085,0.043497,0.044814,0.080642,0.072614,0.017760,0.157756,0.127293,0.070425,-0.039278,0.063598,0.096045,-0.011671,-0.021471,-0.047305,0.069735,0.126387,0.064391,-0.032268,0.048001,0.089964
0.069734,0.064591,0.047564,0.037026,-0.046364,-0.019862,0.055791,0.043857,0.027939,0.007767,0.076334,0.037025,0.011399,0.079924,0.075908,-0.018536,-0.007249,0.036488,0.035034,0.029004,-0.086500,-0.091196,0.020942,-0.003636,-0.041575,-0.016908,-0.071445,-0.020624,-0.022836,0.069169,1.000000,-0.049988,-0.029471,-0.033133,-0.030091,-0.029890,0.041327,-0.009177,0.032833,0.037250,0.083234,0.043872,-0.006467,0.012700,0.044628,-0.069706,-0.049221,0.071603,0.011858,0.021337,0.090181,-0.010075,0.047927,0.049371,-0.054313,-0.043718,0.004435,0.010255,-0.005476,0.024914,0.039829,0.002052,0.109491,-0.030103,0.050081,0.068639,0.017456,0.019345
0.156001,-0.005565,0.007432,0.028940,0.099833,0.050472,-0.052769,0.053510,0.065270,0.053740,-0.049260,0.070268,0.033536,-0.010859,0.100258,-0.047997,0.129028,0.308645,0.254664,0.112480,0.060526,0.071529,0.126341,0.011822,0.092492,-0.020413,-0.034070,0.037400,0.048868,0.145008,-0.049988,1.000000,0.051100,0.187810,-0.053304,-0.039286,0.028593,0.017793,-0.042801,0.027617,-0.026191,0.032314,-0.025130,-0.029993,0.017551,0.017202,0.041346,-0.032163,0.100289,-0.028849,0.027122,0.131305,0.063435,0.015767,0.064443,0.024018,0.042813,-0.008881,0.064725,-0.029291,-0.024846,-0.031396,-0.056853,-0.075499,0.003736,-0.011316,0.021773,-0.039124
0.087897,0.036857,-0.050222,-0.000872,-0.028760,0.008196,0.046569,-0.035783,0.025249,0.107328,0.043403,0.057170,-0.000646,0.025512,-0.010411,0.095142,0.084230,0.178611,0.120836,-0.053493,0.064164,0.125322,0.001395,0.023778,0.031159,0.006536,0.014236,0.028002,0.048769,0.110964,-0.029471,0.051100,1.000000,0.046782,0.072228,0.000288,-0.060147,-0.020806,-0.019751,0.031708,-0.033399,-0.035996,0.025294,0.057251,0.058653,0.064895,-0.017610,0.019309,0.000555,-0.008230,-0.019902,0.060931,0.044018,0.011086,0.067411,0.072306,0.010665,0.041008,0.009626,-0.044250,-0.023630,-0.012157,-0.096803,-0.047066,0.095696,0.054208,-0.026623,0.061569
0.281821,0.179080,0.071548,0.065455,0.597194,0.074337,0.066410,0.031286,0.056514,0.074320,-0.012716,0.018379,0.002998,-0.041168,0.035918,0.192538,0.329941,0.266459,0.132266,0.074362,0.096870,0.119610,0.156585,0.050473,0.068685,0.021228,-0.074516,0.075156,0.020044,0.072920,-0.033133,0.187810,0.046782,1.000000,-0.079181,0.044174,0.051472,0.021261,0.032421,-0.003675,0.064071,0.029267,0.013450,-0.001168,0.019501,0.012047,0.031000,0.008960,0.019604,-0.050334,-0.096689,0.080245,0.003159,0.017420,0.068560,0.088875,-0.010383,-0.004820,0.034510,0.007510,0.009647,0.030936,0.006595,-0.057336,-0.024531,-0.002457,-0.025825,0.051461
-0.004855,-0.000621,-0.021705,-0.092371,-0.058220,0.087751,-0.012567,0.031900,0.074955,-0.044985,-0.017450,-0.082467,0.012347,0.018461,0.026028,-0.022888,-0.060617,-0.021496,-0.005839,-0.050360,-0.022563,-0.038694,0.020552,-0.024640,0.080610,0.066956,0.065651,-0.031019,0.043533,0.018318,-0.030091,-0.053304,0.072228,-0.079181,1.000000,0.194769,0.033940,-0.024216,0.025503,0.096713,-0.079818,0.030124,0.019868,0.023112,-0.038059,0.072840,0.098583,0.061830,0.049546,0.206212,0.163412,-0.048942,-0.009347,0.086692,0.061739,0.093043,0.034465,0.085082,0.005911,-0.006497,0.038874,0.035641,0.006872,0.066718,0.002192,0.028304,-0.075911,0.189443
0.028341,0.079337,-0.034016,-0.047520,0.069571,0.050657,0.022734,0.066419,0.017386,0.015787,0.029335,0.021918,0.093284,0.050382,0.104366,0.074907,0.074304,0.004373,-0.030310,-0.001600,0.042693,0.046280,0.014922,0.027407,0.047605,0.012884,0.092093,0.016743,-0.049278,-0.038412,-0.029890,-0.039286,0.000288,0.044174,0.194769,1.000000,0.043936,-0.082007,-0.002772,0.022423,0.002550,0.075212,-0.067290,0.039465,0.072962,-0.071851,0.015029,0.117050,0.097967,0.108119,0.020720,-0.005772,-0.001839,0.104717,-0.059202,0.013786,0.056774,-0.076028,-0.077228,0.024198,0.064174,0.071427,-0.046321,0.044438,0.020893,0.032003,-0.015442,0.020357
0.132772,0.050029,-0.005066,0.137889,0.005597,0.037401,-0.002843,0.119148,0.064254,0.029785,-0.002811,0.080654,0.117072,0.021453,0.123905,-0.004519,0.078585,0.025452,0.011982,0.004273,-0.023781,-0.046699,0.031953,-0.054226,0.073761,-0.019787,0.034785,0.026431,-0.051815,0.058721,0.041327,0.028593,-0.060147,0.051472,0.033940,0.043936,1.000000,0.100226,0.047333,0.099959,-0.019317,0.125679,0.103464,0.096188,0.031169,0.000775,0.070109,0.088796,0.047926,0.024464,0.069286,0.014108,0.021149,0.115205,-0.080138,-0.011430,0.035016,-0.092855,0.055695,0.062850,0.079133,0.038877,-0.043653,-0.066095,0.042823,0.042002,0.011755,0.102507
0.116304,-0.034465,0.128052,0.729055,0.018451,0.088514,0.061182,0.128369,0.093103,0.036336,-0.118311,0.328349,0.162475,-0.100140,0.033573,0.061479,-0.071118,0.038255,0.053867,0.004829,0.042718,0.033744,-0.037046,-0.022809,0.002440,0.007804,-0.001873,0.031115,0.033042,0.005575,-0.009177,0.017793,-0.020806,0.021261,-0.024216,-0.082007,0.100226,1.000000,-0.004355,0.114406,0.103373,0.162892,0.090659,0.045962,-0.012748,0.649566,0.375500,0.038434,0.059308,-0.122179,-0.037828,0.014578,0.039841,0.040934,-0.019355,-0.034376,0.033857,-0.013547,0.022795,0.011414,-0.055564,-0.023300,0.024203,-0.074637,0.004534,-0.029361,0.032732,0.050973
0.028196,0.014451,-0.052819,0.050421,0.031961,0.028568,0.113595,0.072005,0.052432,-0.011446,-0.019260,-0.034058,0.049340,0.021195,0.062289,-0.017492,0.019545,-0.099395,-0.078088,0.022037,0.011431,-0.013017,0.053980,0.010288,-0.014997,0.087875,0.028195,0.005428,0.034169,0.024250,0.032833,-0.042801,-0.019751,0.032421,0.025503,-0.002772,0.047333,-0.004355,1.000000,0.211024,0.214234,0.114486,0.134103,0.102631,-0.009170,-0.060539,0.058480,0.075861,0.031479,0.080859,0.003892,0.066528,0.040177,0.077965,-0.001122,-0.015554,0.038152,0.016458,0.080003,-0.043318,-0.014104,-0.026396,0.000073,-0.001633,0.018025,0.016651,0.043447,0.332030
0.030113,0.103619,0.000347,0.147670,0.014460,0.542900,0.342304,0.581112,0.571192,0.194734,-0.218350,0.100595,0.554703,0.017961,0.316353,-0.038575,0.012299,-0.040747,0.022994,0.162743,0.004415,0.010048,0.008090,-0.004120,0.037252,0.089900,-0.022403,0.001132,0.056373,0.187424,0.037250,0.027617,0.031708,-0.003675,0.096713,0.022423,0.099959,0.114406,0.211024,1.000000,0.162830,0.666447,0.501187,0.515398,-0.028932,0.052793,0.451898,0.396950,0.229570,0.208709,0.185986,0.069966,0.073303,0.283619,0.015146,-0.040321,0.004217,0.010742,0.111476,-0.007597,-0.000270,0.013651,-0.040325,0.093802,0.085044,-0.031246,0.070156,0.323179
0.036160,0.130404,0.112738,0.166954,0.126254,0.098533,0.225349,0.236664,0.125835,0.057863,-0.093335,0.091852,0.183627,-0.034692,0.072538,-0.004026,-0.001086,-0.018535,-0.000889,0.081104,0.043354,0.050520,0.019604,-0.031238,-0.000581,0.049722,-0.064030,-0.023644,0.003045,0.030803,0.083234,-0.026191,-0.033399,0.064071,-0.079818,0.002550,-0.019317,0.103373,0.214234,0.162830,1.000000,0.267131,0.183777,0.099539,-0.055709,0.036856,0.144179,0.063580,0.041050,-0.009116,-0.002361,0.038740,0.010092,0.055000,-0.008008,-0.029275,-0.007671,-0.044968,0.000441,-0.060858,-0.049324,-0.006234,-0.055861,-0.065233,0.013864,0.060954,0.067032,0.056627
0.070762,0.057527,0.083977,0.202565,0.065969,0.628448,0.421441,0.907703,0.607943,0.174547,-0.443137,0.266212,0.810744,-0.200894,0.279396,-0.023242,-0.051578,-0.030401,0.044218,0.085893,0.052238,0.040955,-0.026057,0.004873,0.012183,0.086350,0.015811,0.014528,0.060270,0.129769,0.043872,0.032314,-0.035996,0.029267,0.030124,0.075212,0.125679,0.162892,0.114486,0.666447,0.267131,1.000000,0.420111,0.394569,-0.206105,0.052997,0.592514,0.332950,0.283875,0.119028,0.180077,0.029608,0.012025,0.362858,0.029978,-0.037904,-0.009172,-0.031406,0.051447,-0.030407,-0.045117,-0.042404,0.000756,0.056913,0.009798,-0.033890,0.061752,0.257720
0.021634,0.066992,0.005557,0.094166,0.041949,0.321072,0.189196,0.398462,0.397830,0.154379,-0.139055,0.027504,0.349771,0.003510,0.127647,0.043629,0.022866,-0.041137,-0.036362,0.087405,0.038268,0.015746,0.012936,0.032741,0.021898,0.049657,-0.016194,-0.044305,0.010092,0.047163,-0.006467,-0.025130,0.025294,0.013450,0.019868,-0.067290,0.103464,0.090659,0.134103,0.501187,0.183777,0.420111,1.000000,0.437597,-0.010687,0.088615,0.302474,0.214156,0.169600,0.149513,0.068996,0.076861,0.133712,0.217042,0.024775,-0.010797,0.039953,0.011041,0.043080,-0.059460,-0.122144,-0.082600,-0.016679,0.032904,0.028618,-0.031210,0.045068,0.177807
0.027081,0.130995,0.074556,0.096797,0.012486,0.435912,0.196985,0.412935,0.513933,0.547502,0.096705,0.066877,0.412439,0.336205,0.399783,0.234186,0.024332,0.001028,0.007091,0.347641,0.010525,0.016687,-0.024507,0.027979,0.091350,0.082623,-0.005629,0.001762,0.018755,0.079084,0.012700,-0.029993,0.057251,-0.001168,0.023112,0.039465,0.096188,0.045962,0.102631,0.515398,0.099539,0.394569,0.437597,1.000000,0.300137,-0.012965,0.252193,0.561177,0.188981,0.146289,0.084974,0.049686,0.022489,0.270584,-0.040832,0.009702,0.005545,0.012910,0.025310,-0.012047,-0.002925,0.006819,0.009674,0.000518,0.009479,-0.006980,0.093780,0.203994
0.095825,0.016258,0.000154,0.044194,0.021595,-0.055560,-0.040860,-0.181304,0.040879,0.355099,0.540031,-0.030288,-0.104675,0.601473,0.286500,0.184478,0.106124,-0.020478,-0.001548,0.241014,-0.062741,-0.088379,-0.092116,-0.025619,0.063634,-0.001716,-0.012640,0.036173,-0.041523,-0.017826,0.044628,0.017551,0.058653,0.019501,-0.038059,0.072962,0.031169,-0.012748,-0.009170,-0.028932,-0.055709,-0.206105,-0.010687,0.300137,1.000000,-0.046188,-0.152574,0.546959,0.073156,-0.007855,0.002896,0.006244,-0.010861,0.082270,-0.096648,-0.034372,-0.012544,-0.094562,-0.022530,0.032723,0.038436,0.009708,-0.017550,0.002085,0.034161,-0.041732,0.047307,-0.029607
0.043032,-0.049313,0.132468,0.469307,0.035715,0.055025,0.034608,0.015810,0.059011,-0.014119,-0.122849,0.247811,0.079066,-0.125945,-0.039262,-0.055909,-0.105932,0.015217,0.003929,-0.041651,0.012527,-0.011127,-0.086068,-0.026423,-0.007875,0.049734,0.006272,0.023783,0.045214,0.016567,-0.069706,0.017202,0.064895,0.012047,0.072840,-0.071851,0.000775,0.649566,-0.060539,0.052793,0.036856,0.052997,0.088615,-0.012965,-0.046188,1.000000,0.535464,0.012993,0.061977,-0.072998,0.000854,-0.062803,0.005531,0.088470,0.012468,-0.021569,0.060171,0.018591,-0.044285,-0.010153,-0.031415,-0.038928,0.031108,-0.006523,-0.018710,-0.022515,0.081547,0.060485
0.161672,0.029395,0.062256,0.348775,0.050229,0.465802,0.289888,0.553401,0.441795,0.089209,-0.385772,0.392916,0.655819,-0.190081,0.241006,-0.066217,-0.083429,0.029213,-0.000630,0.129911,-0.014149,-0.042457,0.009745,-0.083981,0.027201,0.109161,0.077158,0.044759,0.084694,0.119854,-0.049221,0.041346,-0.017610,0.031000,0.098583,0.015029,0.070109,0.375500,0.058480,0.451898,0.144179,0.592514,0.302474,0.252193,-0.152574,0.535464,1.000000,0.316668,0.378081,0.042910,0.156239,0.015101,0.045734,0.398875,0.084590,0.011599,0.070955,0.057489,0.031330,0.003069,-0.027906,-0.033093,0.017541,0.068660,0.041431,-0.033013,0.086913,0.255359
0.094417,0.089326,0.065742,0.104705,0.018021,0.309697,0.144078,0.321697,0.400353,0.317181,0.238742,0.057589,0.409008,0.520976,0.548895,0.128469,0.012144,-0.095316,-0.034831,0.372550,-0.081403,-0.104406,-0.053757,-0.096487,0.054181,0.072991,0.034587,0.045426,0.083956,0.049085,0.071603,-0.032163,0.019309,0.008960,0.061830,0.117050,0.088796,0.038434,0.075861,0.396950,0.063580,0.332950,0.214156,0.561177,0.546959,0.012993,0.316668,1.000000,0.253987,0.144317,0.118127,-0.027313,-0.034558,0.340146,-0.045593,-0.077111,-0.027096,-0.065826,-0.019493,-0.009534,0.006683,-0.012200,0.003867,0.082174,0.046133,-0.047030,0.075040,0.170447
0.144032,0.006787,0.077917,0.098558,0.036572,0.280793,0.185488,0.294457,0.307646,0.088869,-0.086923,0.274055,0.440813,0.027503,0.396814,-0.022219,-0.028830,0.058955,0.063112,0.222295,0.041838,0.003736,0.025543,-0.011119,-0.005417,-0.011937,0.016967,0.013053,0.047226,0.043497,0.011858,0.100289,0.000555,0.019604,0.049546,0.097967,0.047926,0.059308,0.031479,0.229570,0.041050,0.283875,0.169600,0.188981,0.073156,0.061977,0.378081,0.253987,1.000000,0.056498,0.202392,0.155151,0.072092,0.555726,0.052152,0.059031,0.047815,0.114269,0.062511,0.085738,0.024452,0.025354,0.050129,0.072043,0.069862,0.058918,0.075764,0.112493
-0.085117,0.024066,-0.030505,-0.090073,0.001411,0.155238,0.082802,0.139667,0.164516,-0.016137,0.030673,-0.126281,0.132383,0.115900,0.138113,0.034781,0.047028,-0.042774,-0.029491,0.127369,-0.044186,-0.050601,-0.058917,0.026819,-0.001980,0.083758,0.062846,-0.034975,-0.014072,0.044814,0.021337,-0.028849,-0.008230,-0.050334,0.206212,0.108119,0.024464,-0.122179,0.080859,0.208709,-0.009116,0.119028,0.149513,0.146289,-0.007855,-0.072998,0.042910,0.144317,0.056498,1.000000,0.366779,0.016876,0.017194,0.100825,0.053341,0.004910,-0.024243,0.020905,0.007171,-0.025020,-0.014274,0.006689,0.077294,0.133864,0.044920,-0.048543,0.018873,0.250294
-0.069823,-0.078060,0.012896,-0.062029,-0.063071,0.168059,0.060896,0.171125,0.221338,0.018574,-0.040462,-0.021065,0.221496,0.044478,0.193876,-0.062125,-0.013897,-0.005280,0.026517,0.093583,-0.043426,-0.057278,-0.074633,-0.079548,0.004956,0.106990,0.043465,-0.054809,0.092604,0.080642,0.090181,0.027122,-0.019902,-0.096689,0.163412,0.020720,0.069286,-0.037828,0.003892,0.185986,-0.002361,0.180077,0.068996,0.084974,0.002896,0.000854,0.156239,0.118127,0.202392,0.366779,1.000000,0.074721,0.067089,0.211886,0.137327,0.105500,0.036297,0.106504,0.109756,-0.007143,-0.004895,-0.018328,0.206132,0.278589,0.136836,0.017775,0.111043,0.186209
0.104040,-0.056693,-0.024850,0.003481,0.011340,0.053926,0.008325,0.030032,0.063292,0.074130,0.031208,0.011832,0.057839,0.042988,0.100458,0.009051,0.102234,0.394503,0.184900,0.182581,0.103543,0.203377,0.142074,0.176537,0.103219,0.033269,0.059152,-0.036521,0.109406,0.072614,-0.010075,0.131305,0.060931,0.080245,-0.048942,-0.005772,0.014108,0.014578,0.066528,0.069966,0.038740,0.029608,0.076861,0.049686,0.006244,-0.062803,0.015101,-0.027313,0.155151,0.016876,0.074721,1.000000,0.469352,0.140019,0.161187,0.244210,0.248232,0.108151,0.051709,0.032374,0.006869,0.022670,0.108009,0.090376,0.071450,0.189520,0.034352,0.134358
0.048855,-0.031654,-0.032332,0.044837,-0.033913,0.036203,0.034396,0.013002,0.046569,0.049758,0.020558,0.032384,0.053272,0.013904,0.025960,0.004576,0.050091,0.203837,0.076874,0.055814,-0.026335,0.039487,0.031164,0.030787,0.091370,0.046296,-0.014763,-0.034702,0.067096,0.017760,0.047927,0.063435,0.044018,0.003159,-0.009347,-0.001839,0.021149,0.039841,0.040177,0.073303,0.010092,0.012025,0.133712,0.022489,-0.010861,0.005531,0.045734,-0.034558,0.072092,0.017194,0.067089,0.469352,1.000000,0.067484,0.039388,0.136703,0.390797,0.099326,0.046847,0.000770,0.014635,0.045667,0.050925,0.116959,0.165076,0.178408,-0.064311,0.105957
0.106763,0.021067,0.081367,0.061867,-0.008397,0.327598,0.214605,0.382918,0.374576,0.120389,-0.096576,0.202024,0.458031,0.060596,0.422304,-0.019355,-0.005795,0.065083,0.045769,0.299627,0.045373,-0.011358,0.050012,-0.000174,0.063652,0.089388,0.016930,0.003596,0.099276,0.157756,0.049371,0.015767,0.011086,0.017420,0.086692,0.104717,0.115205,0.040934,0.077965,0.283619,0.055000,0.362858,0.217042,0.270584,0.082270,0.088470,0.398875,0.340146,0.555726,0.100825,0.211886,0.140019,0.067484,1.000000,0.112235,0.074528,0.041515,0.100053,0.064531,-0.024654,0.001144,-0.009123,0.074608,0.147773,0.043764,0.047481,0.101426,0.159132
0.070113,0.027170,-0.030425,-0.035596,0.018033,0.073670,0.055611,0.017027,0.094350,-0.066305,-0.006997,-0.053874,0.075761,0.011872,0.087255,-0.082548,0.043582,0.155059,0.130665,0.154907,0.124987,0.177046,0.070068,0.058217,0.046493,0.059738,-0.005037,0.014293,0.063902,0.127293,-0.054313,0.064443,0.067411,0.068560,0.061739,-0.059202,-0.080138,-0.019355,-0.001122,0.015146,-0.008008,0.029978,0.024775,-0.040832,-0.096648,0.012468,0.084590,-0.045593,0.052152,0.053341,0.137327,0.161187,0.039388,0.112235,1.000000,0.674004,-0.000460,0.430090,0.072590,0.017806,0.003459,0.028397,0.240540,0.291134,0.065895,0.096301,-0.098282,0.061178
0.037074,-0.003200,0.009486,-0.042742,0.028213,0.083631,0.016569,-0.038420,0.018484,0.008409,0.016792,-0.038892,0.023973,0.023918,0.040080,-0.041427,0.049280,0.205130,0.105942,0.111005,0.094619,0.170911,0.114768,0.123130,0.070775,0.016994,-0.036272,-0.001493,0.015636,0.070425,-0.043718,0.024018,0.072306,0.088875,0.093043,0.013786,-0.011430,-0.034376,-0.015554,-0.040321,-0.029275,-0.037904,-0.010797,0.009702,-0.034372,-0.021569,0.011599,-0.077111,0.059031,0.004910,0.105500,0.244210,0.136703,0.074528,0.674004,1.000000,0.051220,0.487113,0.082780,0.069897,0.026795,0.034074,0.180572,0.215467,0.140005,0.181564,-0.027081,0.086269
-0.027495,0.016319,-0.054629,0.033005,-0.008166,0.016941,-0.020869,0.004803,-0.007937,0.038803,-0.012914,0.023637,0.031655,-0.001708,-0.042852,-0.004456,-0.061949,0.155347,0.007522,0.043232,0.071598,0.080280,0.024971,0.092252,0.062066,0.054687,0.064631,-0.017061,0.056130,-0.039278,0.004435,0.042813,0.010665,-0.010383,0.034465,0.056774,0.035016,0.033857,0.038152,0.004217,-0.007671,-0.009172,0.039953,0.005545,-0.012544,0.060171,0.070955,-0.027096,0.047815,-0.024243,0.036297,0.248232,0.390797,0.041515,-0.000460,0.051220,1.000000,-0.024413,0.084080,0.004358,0.052973,0.088356,-0.048596,-0.005806,0.068149,0.183401,-0.017350,0.041075
0.042418,-0.044444,0.044343,-0.031435,-0.036976,0.101906,0.017649,-0.004245,0.085066,0.021713,-0.042915,0.013156,0.065936,-0.043213,0.093213,-0.003891,-0.015034,0.092431,0.054260,0.103546,0.097879,0.099160,0.070419,0.067649,0.022867,0.054104,-0.069410,0.019916,0.060070,0.063598,0.010255,-0.008881,0.041008,-0.004820,0.085082,-0.076028,-0.092855,-0.013547,0.016458,0.010742,-0.044968,-0.031406,0.011041,0.012910,-0.094562,0.018591,0.057489,-0.065826,0.114269,0.020905,0.106504,0.108151,0.099326,0.100053,0.430090,0.487113,-0.024413,1.000000,0.090988,0.092405,0.040995,0.040642,0.248013,0.326646,0.007326,0.052597,-0.024598,0.084947
-0.090179,0.043850,0.034641,-0.008999,-0.065161,0.056667,0.033671,0.040080,0.085047,0.023464,-0.030788,0.008788,0.053384,0.014022,0.013348,0.002256,-0.006555,0.078566,-0.028606,0.047773,0.043300,0.081574,-0.008511,0.043441,-0.033044,0.021971,-0.064331,0.010709,-0.068049,0.096045,-0.005476,0.064725,0.009626,0.034510,0.005911,-0.077228,0.055695,0.022795,0.080003,0.111476,0.000441,0.051447,0.043080,0.025310,-0.022530,-0.044285,0.031330,-0.019493,0.062511,0.007171,0.109756,0.051709,0.046847,0.064531,0.072590,0.082780,0.084080,0.090988,1.000000,0.033008,0.053556,0.104506,0.161674,0.052858,0.027703,0.055304,0.023640,0.098268
0.042778,0.059326,-0.009708,0.040897,0.011925,-0.018320,0.009267,-0.020530,-0.021370,0.108671,0.065869,0.052789,-0.025827,0.044592,0.062895,0.041664,-0.051597,-0.018050,-0.005530,0.011387,0.008175,0.005968,0.037740,-0.031697,-0.025943,0.008410,0.104362,0.010496,0.046102,-0.011671,0.024914,-0.029291,-0.044250,0.007510,-0.006497,0.024198,0.062850,0.011414,-0.043318,-0.007597,-0.060858,-0.030407,-0.059460,-0.012047,0.032723,-0.010153,0.003069,-0.009534,0.085738,-0.025020,-0.007143,0.032374,0.000770,-0.024654,0.017806,0.069897,0.004358,0.092405,0.033008,1.000000,0.596483,0.506101,0.024611,-0.009832,0.003313,0.131368,-0.028781,0.094337
-0.003746,0.102461,-0.017971,-0.013946,-0.036779,-0.006968,-0.016747,-0.020872,-0.022480,0.056134,0.098551,0.072653,-0.033633,0.090728,0.081184,0.009602,0.018831,0.014004,0.021968,0.014248,0.010695,-0.009837,0.018978,-0.027048,0.009605,-0.017578,0.038933,0.064980,0.050977,-0.021471,0.039829,-0.024846,-0.023630,0.009647,0.038874,0.064174,0.079133,-0.055564,-0.014104,-0.000270,-0.049324,-0.045117,-0.122144,-0.002925,0.038436,-0.031415,-0.027906,0.006683,0.024452,-0.014274,-0.004895,0.006869,0.014635,0.001144,0.003459,0.026795,0.052973,0.040995,0.053556,0.596483,1.000000,0.771619,-0.017329,-0.012626,0.001094,0.073524,-0.030780,0.078776
-0.017926,0.059020,0.015035,0.014568,0.006584,-0.013972,0.015670,-0.027689,-0.013038,0.050653,0.047938,0.039782,-0.023803,0.054509,0.039097,0.032998,-0.009680,0.016989,0.021243,0.004169,0.028402,-0.007488,0.014852,-0.020032,0.051881,-0.022992,-0.014979,0.001433,-0.003204,-0.047305,0.002052,-0.031396,-0.012157,0.030936,0.035641,0.071427,0.038877,-0.023300,-0.026396,0.013651,-0.006234,-0.042404,-0.082600,0.006819,0.009708,-0.038928,-0.033093,-0.012200,0.025354,0.006689,-0.018328,0.022670,0.045667,-0.009123,0.028397,0.034074,0.088356,0.040642,0.104506,0.506101,0.771619,1.000000,-0.003388,0.028631,0.014037,0.112671,-0.031880,0.119840
0.034994,0.009544,0.060551,-0.075413,0.004492,0.037123,-0.048398,0.047284,0.043230,0.001233,0.007988,-0.086945,0.034806,0.010949,0.069067,0.004010,-0.019043,0.064475,0.038595,0.096929,0.027079,0.014929,0.029929,0.021753,0.073176,0.014421,0.011648,0.088701,0.026807,0.069735,0.109491,-0.056853,-0.096803,0.006595,0.006872,-0.046321,-0.043653,0.024203,0.000073,-0.040325,-0.055861,0.000756,-0.016679,0.009674,-0.017550,0.031108,0.017541,0.003867,0.050129,0.077294,0.206132,0.108009,0.050925,0.074608,0.240540,0.180572,-0.048596,0.248013,0.161674,0.024611,-0.017329,-0.003388,1.000000,0.460083,-0.044096,0.022110,0.029932,0.101753
