1.000000,0.047762,0.052505,0.016482,-0.069795,0.016152,0.075324,0.024426,-0.059278,0.029748,0.006429,0.022793,-0.008937,-0.044309,-0.054929,0.017025,-0.053831,0.044746,0.019817,-0.003050,-0.002783,-0.056330,0.084883,0.029217,-0.069361,-0.015844,-0.012985,0.033842,-0.019738,0.032414,0.022567,0.015393,0.026535,0.073631,-0.020835,0.015010,0.064989,-0.032428,0.038859,0.054522,0.002508,-0.081677,0.120516,0.037463,0.049447,0.028806,0.016806,0.045943,-0.012842,-0.078961,-0.084207,-0.008438,-0.017012,0.021271,0.087999,-0.018016,-0.070244,0.054390,0.124826,0.002644,-0.076487,-0.064951,0.032302,0.053753,0.007912,0.064643,-0.073887,-0.017622
0.047762,1.000000,-0.074624,-0.020245,0.011138,0.050518,-0.060029,-0.040410,0.057259,-0.020748,-0.046189,-0.026171,-0.057483,-0.037835,-0.061196,-0.021743,-0.068591,0.041445,0.048307,0.022267,-0.058491,-0.054515,-0.026802,-0.023687,-0.024370,0.009348,0.000628,-0.103238,-0.008924,0.013774,-0.041463,-0.023907,0.016126,0.013751,-0.007277,0.011187,-0.176502,-0.025085,-0.048992,-0.029675,-0.075483,0.053674,-0.033521,0.027423,-0.031218,0.090622,0.077658,0.038253,0.047767,0.042815,-0.043044,-0.020424,0.073659,-0.039696,0.072395,0.076783,0.019764,0.037935,0.056734,0.045159,0.030320,0.005561,0.008327,-0.025514,0.031466,-0.021942,-0.084346,-0.014096
0.052505,-0.074624,1.000000,0.014358,0.018612,0.035188,0.062475,-0.032707,-0.005677,0.052850,-0.119757,-0.024839,0.109677,0.027656,-0.060319,-0.103411,-0.041372,0.038981,-0.014879,-0.081036,0.020269,0.011908,0.032331,0.023046,-0.001298,-0.138031,0.047963,0.047219,-0.066738,-0.017331,0.143678,0.046863,-0.011533,0.028195,-0.011851,0.014105,0.022379,0.019509,-0.051627,0.039952,0.013704,-0.045289,0.020327,0.016502,0.202651,0.053880,-0.059662,0.026173,0.040853,0.006867,0.018528,0.032267,-0.011675,0.041700,-0.000723,0.030484,-0.029943,-0.070516,0.027100,-0.016222,-0.037793,-0.102470,0.037855,0.022684,-0.028690,0.040737,0.048041,0.025072
0.016482,-0.020245,0.014358,1.000000,-0.013352,0.007840,-0.000504,0.001758,0.018757,-0.042119,-0.007658,0.063619,-0.011279,-0.034437,0.048042,-0.009647,0.002750,0.055103,0.030206,-0.023471,0.055469,-0.050759,-0.027131,-0.036108,-0.044808,0.035680,0.000510,0.033871,-0.033110,0.052674,-0.029751,-0.023056,-0.010130,-0.070140,-0.011125,0.122870,0.020132,-0.001464,0.006419,0.026946,0.108793,0.052820,-0.022429,0.005003,0.012586,-0.048913,-0.007354,0.001602,-0.011515,-0.027956,-0.059463,0.035677,-0.035423,0.042643,0.046928,0.006942,0.043695,0.071056,0.047741,0.045715,0.020334,0.006851,0.083962,0.036965,0.037892,0.050931,0.101414,-0.049791
-0.069795,0.011138,0.018612,-0.013352,1.000000,0.053690,-0.016204,-0.002640,-0.038368,0.054101,-0.104993,0.056276,-0.030360,0.042664,-0.003395,0.037315,0.028070,0.004191,0.084117,0.095800,-0.030378,0.034253,0.011385,0.039563,0.003895,-0.020732,0.053791,-0.011182,-0.020105,-0.050174,0.030732,-0.113426,0.003767,-0.031927,-0.008413,0.051176,-0.074801,-0.005105,-0.060337,-0.029709,-0.006632,0.055654,-0.031237,-0.034575,-0.014907,-0.004411,-0.014657,-0.074441,0.011838,0.064859,-0.059953,-0.012616,-0.015729,0.077978,0.005258,-0.025255,0.062118,0.034890,-0.028223,0.083987,0.108947,-0.055945,0.012444,0.115358,-0.027303,0.018231,0.054018,-0.011983
0.016152,0.050518,0.035188,0.007840,0.053690,1.000000,0.054376,0.072973,-0.021498,0.203457,0.053647,-0.028872,0.007513,0.021763,0.018886,-0.014588,-0.042773,-0.055674,0.044509,-0.098091,-0.024930,0.031948,0.000972,-0.053773,-0.065188,-0.060649,0.031530,0.084267,0.104644,0.004402,0.001883,-0.028879,0.033708,-0.024018,-0.021677,0.022392,0.047921,-0.025046,0.056339,-0.056553,-0.078666,0.088320,0.005405,-0.051116,0.039748,-0.024108,-0.013562,0.058933,-0.036681,0.066494,0.038240,-0.059038,0.024203,0.111422,-0.005761,-0.035524,0.018955,-0.025110,0.010116,0.008896,-0.076472,-0.024466,0.038044,-0.041612,-0.119074,-0.028758,-0.009623,0.040763
0.075324,-0.060029,0.062475,-0.000504,-0.016204,0.054376,1.000000,0.005205,0.110035,-0.006108,-0.040836,0.028727,0.074473,-0.076694,-0.004682,0.042264,-0.046575,0.055900,-0.097169,0.014040,-0.001299,0.020107,0.005046,-0.036599,-0.029045,-0.040453,-0.041590,-0.001096,0.046258,0.084708,-0.029872,-0.041458,0.059476,-0.042161,0.012761,-0.044774,0.011386,0.072181,-0.008975,0.058340,-0.067732,0.056063,-0.006405,0.070765,0.127755,-0.008633,-0.030300,-0.028821,-0.054080,-0.005245,-0.046888,0.055280,0.023985,0.020759,-0.024066,0.027034,-0.101559,0.040014,0.110244,-0.000849,0.093090,-0.026530,0.069029,-0.028245,-0.061819,-0.017464,-0.011690,0.018477
0.024426,-0.040410,-0.032707,0.001758,-0.002640,0.072973,0.005205,1.000000,-0.022357,0.009767,0.023425,0.023210,0.160192,-0.042382,0.016894,0.067185,0.066575,0.012206,0.002693,-0.043693,0.141168,0.037310,-0.056739,-0.135989,-0.041661,0.018710,0.035822,0.039102,-0.130066,-0.027359,0.027259,0.013253,-0.018597,-0.080237,0.074586,0.039666,-0.009848,-0.009792,-0.043194,0.055612,-0.015372,0.085323,0.031401,0.021990,-0.082509,0.015129,0.063217,-0.000265,-0.014426,0.056761,-0.014198,-0.050363,-0.032947,0.070690,-0.035540,0.007123,-0.005344,-0.025040,-0.063835,-0.024612,0.014761,0.076388,-0.072423,0.048441,0.001597,0.029155,0.004040,0.047878
-0.059278,0.057259,-0.005677,0.018757,-0.038368,-0.021498,0.110035,-0.022357,1.000000,-0.076280,0.084348,-0.013060,-0.067847,-0.023135,0.035148,0.019335,0.036442,0.051639,-0.067103,0.015786,-0.021281,0.014718,0.000210,-0.043928,0.023235,-0.010532,0.002081,-0.065250,0.044341,0.069952,0.016191,0.059989,0.093406,0.040362,-0.026167,-0.034150,-0.050630,-0.012067,-0.033933,-0.054304,-0.024670,0.030710,-0.044040,-0.017532,0.049374,-0.039007,0.058113,0.015166,0.046435,0.052670,-0.037005,-0.013192,-0.030257,0.080560,0.106208,0.032598,0.051044,-0.008548,0.111525,0.048454,0.059704,-0.062209,0.092191,-0.066876,0.002643,-0.073380,-0.014366,-0.063427
0.029748,-0.020748,0.052850,-0.042119,0.054101,0.203457,-0.006108,0.009767,-0.076280,1.000000,-0.028502,-0.006063,-0.004555,0.009427,-0.019941,0.045084,-0.098371,-0.060243,0.001462,-0.016041,-0.017964,0.034919,0.021137,-0.053132,-0.032227,-0.069534,-0.060684,-0.024871,0.034512,-0.102658,0.011210,0.049652,0.085927,0.009429,0.023582,0.087859,-0.045421,0.125704,-0.032659,0.011393,-0.010933,-0.018026,0.024464,0.027487,-0.014748,-0.003786,-0.065117,0.060661,0.068693,-0.008065,-0.008656,0.050734,0.049501,-0.064801,-0.043293,0.010727,0.022487,0.034002,-0.059151,0.011225,-0.064570,-0.050304,-0.022431,0.073402,-0.032024,-0.017694,-0.032490,-0.065699
0.006429,-0.046189,-0.119757,-0.007658,-0.104993,0.053647,-0.040836,0.023425,0.084348,-0.028502,1.000000,0.013900,0.009819,0.068737,0.084845,0.050714,0.051034,-0.004505,-0.049836,-0.009044,0.021235,0.009925,-0.076114,0.045526,-0.036478,0.043290,-0.030292,-0.025049,0.051594,0.050913,0.070855,0.072586,-0.054182,-0.070016,0.019775,0.053958,0.048873,0.067715,-0.002931,-0.042396,0.114803,-0.063070,0.031217,-0.013157,0.040221,0.003063,-0.013496,0.055071,0.013573,0.121069,0.042299,-0.038549,0.067886,-0.019209,-0.047356,-0.055995,-0.049197,0.009463,-0.035442,-0.003439,0.028932,-0.005541,-0.023533,-0.058124,0.043846,0.085662,-0.118694,0.096846
0.022793,-0.026171,-0.024839,0.063619,0.056276,-0.028872,0.028727,0.023210,-0.013060,-0.006063,0.013900,1.000000,0.055215,-0.012010,-0.030937,0.080037,0.006098,-0.073033,0.059498,-0.060173,0.008355,0.061846,-0.061838,0.010226,0.014311,-0.028062,0.049749,0.052990,0.079246,0.083532,0.047485,-0.048390,-0.019885,0.116562,0.017780,0.066488,0.055378,0.046015,-0.036733,0.076448,-0.034761,0.021650,-0.036220,0.005451,-0.031557,0.030280,-0.041113,-0.007714,-0.010397,-0.102606,0.063179,-0.004842,-0.054862,0.052352,-0.002020,-0.000140,-0.074046,0.006405,-0.000043,0.054919,0.041606,-0.081703,-0.010084,0.074469,0.021532,-0.003697,0.083526,-0.030105
-0.008937,-0.057483,0.109677,-0.011279,-0.030360,0.007513,0.074473,0.160192,-0.067847,-0.004555,0.009819,0.055215,1.000000,0.006201,0.006971,-0.008114,-0.000589,-0.052220,-0.010301,0.004222,0.057077,0.061645,-0.055159,-0.049533,0.047494,-0.055279,-0.014084,0.003882,0.019944,-0.006334,0.070722,-0.030332,-0.004700,0.052335,0.024867,0.058220,0.020218,0.011724,0.054007,0.131436,0.028506,0.110092,-0.070267,0.067744,-0.016550,-0.031076,0.046706,0.018283,0.007684,0.125642,0.000835,-0.036546,-0.008503,0.049290,-0.063944,-0.061197,-0.003664,-0.012477,-0.045245,-0.039728,0.070453,-0.023010,-0.092519,-0.042674,0.054598,-0.052219,0.125722,0.041667
-0.044309,-0.037835,0.027656,-0.034437,0.042664,0.021763,-0.076694,-0.042382,-0.023135,0.009427,0.068737,-0.012010,0.006201,1.000000,0.027870,0.014058,-0.026557,-0.001137,-0.029627,0.021763,0.001681,0.009497,-0.030621,0.076089,0.038750,-0.052654,0.017630,0.033501,0.025288,0.055589,0.124507,-0.010019,-0.080518,0.051075,-0.084141,-0.004479,0.031981,-0.117286,-0.002102,0.010375,0.032239,-0.021735,0.034266,0.028488,0.005752,0.030642,-0.044990,0.108184,0.046885,-0.064924,0.032938,-0.061050,0.038482,-0.020393,0.013485,-0.104556,0.028777,0.035064,-0.044099,0.003052,0.011373,0.052632,0.077081,0.000500,0.004554,-0.050037,0.009562,0.043801
-0.054929,-0.061196,-0.060319,0.048042,-0.003395,0.018886,-0.004682,0.016894,0.035148,-0.019941,0.084845,-0.030937,0.006971,0.027870,1.000000,0.078828,0.037703,-0.036989,-0.036356,-0.047679,0.079862,0.047890,0.017115,-0.001865,0.012556,0.120167,0.000902,0.027415,-0.045106,-0.028258,0.124339,0.045019,-0.031721,0.047601,0.101626,0.031086,0.018231,0.046163,0.012364,0.060439,0.095186,0.040116,0.052522,0.003284,0.011482,-0.049070,0.023888,0.120562,0.067906,0.046633,-0.012486,-0.038605,-0.020234,0.056458,0.087563,-0.031323,0.003464,0.093494,0.053324,0.010917,0.032761,-0.030231,-0.045691,-0.011956,-0.069808,0.003247,-0.050635,0.003766
0.017025,-0.021743,-0.103411,-0.009647,0.037315,-0.014588,0.042264,0.067185,0.019335,0.045084,0.050714,0.080037,-0.008114,0.014058,0.078828,1.000000,0.009186,-0.042228,0.030584,-0.065276,0.001081,0.003082,-0.067912,0.034611,-0.044491,-0.042636,0.038186,0.013276,0.046374,-0.086715,-0.039045,-0.060159,0.081674,-0.053627,0.044905,-0.082060,0.001424,0.004032,-0.006257,-0.015999,0.008747,-0.084913,0.073380,-0.009094,-0.093813,0.008684,-0.032364,0.036863,0.051748,0.039226,0.034077,-0.025964,0.020509,0.010187,0.064702,-0.010703,-0.007138,-0.031483,0.003227,-0.024232,0.037454,-0.101563,0.100852,0.037040,0.070676,-0.025185,-0.022594,0.042165
-0.053831,-0.068591,-0.041372,0.002750,0.028070,-0.042773,-0.046575,0.066575,0.036442,-0.098371,0.051034,0.006098,-0.000589,-0.026557,0.037703,0.009186,1.000000,0.043526,0.026291,-0.011192,0.003177,-0.019374,-0.053626,0.013995,-0.048622,-0.020877,0.079754,0.040564,-0.092122,0.007392,-0.029641,0.000794,-0.113728,-0.063120,0.001066,0.029438,0.044877,0.017166,0.037944,-0.079107,0.037651,0.022117,0.002926,-0.089051,-0.016993,-0.037926,-0.071342,-0.113985,-0.013060,-0.054625,0.039933,0.016921,-0.038381,0.024125,0.012296,0.022927,0.075587,-0.025881,0.028725,0.004363,-0.023268,0.025763,-0.007145,-0.030557,0.058448,0.012333,-0.000633,0.050607
0.044746,0.041445,0.038981,0.055103,0.004191,-0.055674,0.055900,0.012206,0.051639,-0.060243,-0.004505,-0.073033,-0.052220,-0.001137,-0.036989,-0.042228,0.043526,1.000000,-0.066041,-0.030272,-0.064831,0.082107,-0.021271,-0.068053,0.026323,-0.022550,-0.003456,0.039026,-0.071434,0.007413,-0.024397,0.034460,0.047409,-0.021776,-0.058889,-0.017552,0.014198,-0.057219,-0.102234,0.031027,-0.029294,-0.057372,-0.048325,0.010052,-0.022716,0.007383,0.017943,-0.019466,-0.055042,0.009527,0.005704,-0.029422,-0.028532,0.001815,0.006860,0.025412,0.051195,0.074919,0.006611,-0.109577,-0.037606,-0.021076,0.080134,-0.038765,0.010152,-0.025100,-0.030950,-0.006931
0.019817,0.048307,-0.014879,0.030206,0.084117,0.044509,-0.097169,0.002693,-0.067103,0.001462,-0.049836,0.059498,-0.010301,-0.029627,-0.036356,0.030584,0.026291,-0.066041,1.000000,0.009923,0.036499,0.017450,0.034573,-0.025624,0.048706,-0.004526,-0.023414,0.062875,0.033029,0.018721,0.045773,-0.002801,0.025519,0.135041,-0.012533,-0.005896,-0.023358,0.007678,0.050388,-0.001144,-0.027976,0.037640,-0.021276,-0.009996,-0.035635,-0.014382,-0.076600,-0.008277,0.042919,-0.012378,-0.021639,0.096869,0.006268,0.038700,0.070284,0.013969,-0.019753,0.044331,0.014276,-0.006272,-0.028808,0.053911,0.030373,0.028415,-0.014183,-0.026851,0.030575,0.027107
-0.003050,0.022267,-0.081036,-0.023471,0.095800,-0.098091,0.014040,-0.043693,0.015786,-0.016041,-0.009044,-0.060173,0.004222,0.021763,-0.047679,-0.065276,-0.011192,-0.030272,0.009923,1.000000,0.016311,-0.028719,0.005147,-0.013885,-0.003522,-0.053925,0.101970,-0.019411,0.009769,0.046178,-0.001842,-0.048413,0.064185,0.073611,0.010322,0.044001,0.057608,-0.055159,-0.005798,-0.069232,-0.064461,0.055845,-0.005816,0.035613,-0.073803,0.111128,0.034515,-0.018313,0.071509,-0.071991,-0.125337,-0.020391,-0.011802,-0.064484,-0.031417,-0.018009,-0.002326,0.009517,0.007868,-0.051597,-0.014494,-0.043833,0.075499,0.034057,0.039162,-0.040189,-0.054526,0.124218
-0.002783,-0.058491,0.020269,0.055469,-0.030378,-0.024930,-0.001299,0.141168,-0.021281,-0.017964,0.021235,0.008355,0.057077,0.001681,0.079862,0.001081,0.003177,-0.064831,0.036499,0.016311,1.000000,0.042627,0.001766,-0.070271,-0.043105,0.010712,-0.026507,-0.005761,-0.031410,-0.037524,0.032815,-0.004380,-0.061139,0.054593,0.025894,-0.041718,0.066686,-0.022864,0.085087,0.060421,-0.024723,-0.015425,0.018139,-0.037827,0.007079,0.001880,0.037942,0.003479,0.099683,-0.049414,-0.005001,0.030088,-0.012894,-0.000345,0.033102,0.003405,-0.019209,-0.028719,-0.041378,-0.013231,-0.067725,0.125349,-0.044701,0.011169,0.026380,-0.069850,0.049763,0.046337
-0.056330,-0.054515,0.011908,-0.050759,0.034253,0.031948,0.020107,0.037310,0.014718,0.034919,0.009925,0.061846,0.061645,0.009497,0.047890,0.003082,-0.019374,0.082107,0.017450,-0.028719,0.042627,1.000000,-0.088880,0.072309,-0.016468,0.068556,0.003069,-0.087130,-0.025039,-0.037099,0.137854,0.006481,0.084740,0.063903,0.098420,-0.006148,0.039072,0.032188,-0.032213,-0.003016,0.007997,-0.002786,-0.023794,-0.044037,0.057846,0.008188,-0.010851,0.027201,-0.018084,0.046257,-0.044997,-0.005842,0.022677,0.019657,-0.024850,-0.039872,-0.020530,-0.011020,-0.091766,0.118043,-0.031569,-0.017974,0.032750,-0.078229,0.010601,0.015046,0.062232,0.026101
0.084883,-0.026802,0.032331,-0.027131,0.011385,0.000972,0.005046,-0.056739,0.000210,0.021137,-0.076114,-0.061838,-0.055159,-0.030621,0.017115,-0.067912,-0.053626,-0.021271,0.034573,0.005147,0.001766,-0.088880,1.000000,-0.009370,0.013317,-0.040514,0.043028,0.056194,0.006780,-0.019934,-0.004796,-0.004350,0.027047,0.028166,-0.023684,0.050864,-0.069211,0.025279,0.034099,0.041194,-0.014356,-0.048313,0.055335,0.007293,-0.076591,0.005671,0.049982,-0.071000,-0.030755,-0.023046,-0.026767,0.025896,0.059041,0.009771,0.002259,0.025227,0.037792,-0.040821,0.044882,0.005738,-0.070181,-0.015843,0.046647,0.003110,-0.041687,0.029247,0.012108,0.043317
0.029217,-0.023687,0.023046,-0.036108,0.039563,-0.053773,-0.036599,-0.135989,-0.043928,-0.053132,0.045526,0.010226,-0.049533,0.076089,-0.001865,0.034611,0.013995,-0.068053,-0.025624,-0.013885,-0.070271,0.072309,-0.009370,1.000000,-0.069986,-0.002427,0.012693,-0.048193,0.008418,0.058364,0.120531,-0.022362,-0.080666,0.039262,-0.039140,0.019867,-0.004729,0.018475,0.102859,0.054073,-0.027199,-0.067346,0.011130,-0.017349,0.046003,0.007430,-0.058752,-0.073003,0.011160,-0.091527,0.079286,0.069346,0.001694,-0.063861,0.014479,-0.041264,0.026330,-0.159934,0.056077,-0.000420,0.003986,-0.049646,0.011083,-0.018013,-0.048871,0.085895,-0.079175,-0.001738
-0.069361,-0.024370,-0.001298,-0.044808,0.003895,-0.065188,-0.029045,-0.041661,0.023235,-0.032227,-0.036478,0.014311,0.047494,0.038750,0.012556,-0.044491,-0.048622,0.026323,0.048706,-0.003522,-0.043105,-0.016468,0.013317,-0.069986,1.000000,0.024867,0.013933,0.063629,-0.000325,-0.009487,0.005902,0.031615,-0.056490,-0.080274,0.057873,0.016191,-0.003844,-0.087274,-0.070413,-0.020518,-0.030999,0.020668,-0.013024,0.051515,0.027489,-0.013845,0.018450,0.060704,-0.054052,0.025887,0.023655,-0.014397,-0.075828,0.006805,-0.068548,-0.091374,0.040382,0.010591,-0.055286,-0.044757,-0.034023,0.010671,-0.087185,0.029320,-0.013267,-0.083820,0.006339,-0.041144
-0.015844,0.009348,-0.138031,0.035680,-0.020732,-0.060649,-0.040453,0.018710,-0.010532,-0.069534,0.043290,-0.028062,-0.055279,-0.052654,0.120167,-0.042636,-0.020877,-0.022550,-0.004526,-0.053925,0.010712,0.068556,-0.040514,-0.002427,0.024867,1.000000,0.060409,-0.044565,0.002229,-0.049722,-0.012292,0.005334,0.020560,-0.085469,0.087748,-0.100483,-0.075545,0.039868,-0.015146,-0.021369,-0.002967,0.066776,0.105375,0.054637,-0.029166,-0.082552,0.064095,-0.020737,-0.075404,0.063057,0.061447,0.050209,-0.051877,0.066024,-0.003375,-0.019671,-0.019820,0.044244,-0.049178,-0.033879,-0.068040,0.034041,-0.055155,0.001369,0.005513,0.023864,-0.021498,-0.082359
-0.012985,0.000628,0.047963,0.000510,0.053791,0.031530,-0.041590,0.035822,0.002081,-0.060684,-0.030292,0.049749,-0.014084,0.017630,0.000902,0.038186,0.079754,-0.003456,-0.023414,0.101970,-0.026507,0.003069,0.043028,0.012693,0.013933,0.060409,1.000000,-0.071324,-0.026340,0.080330,-0.021279,0.011596,0.018116,-0.032092,-0.036325,-0.073788,0.036881,-0.124255,-0.010887,0.015199,-0.020777,0.040104,0.050137,-0.026297,-0.100819,0.055748,-0.053861,0.052994,0.014969,0.004743,0.009099,-0.036643,-0.049224,0.024782,0.050255,-0.024070,-0.003935,0.069617,0.001201,-0.008145,0.033800,-0.013908,-0.001258,0.000872,0.008603,-0.033674,-0.018987,0.075670
0.033842,-0.103238,0.047219,0.033871,-0.011182,0.084267,-0.001096,0.039102,-0.065250,-0.024871,-0.025049,0.052990,0.003882,0.033501,0.027415,0.013276,0.040564,0.039026,0.062875,-0.019411,-0.005761,-0.087130,0.056194,-0.048193,0.063629,-0.044565,-0.071324,1.000000,-0.037389,-0.042762,0.055435,-0.068622,-0.017916,0.012020,0.112150,-0.000111,0.036515,-0.054379,0.099482,0.032891,0.004313,-0.047849,0.049874,-0.002136,0.045837,-0.067330,-0.086444,-0.010696,-0.061779,-0.102004,0.078170,-0.008273,-0.025671,0.056857,0.041269,0.035175,0.050027,0.027946,0.054802,0.003534,0.038145,-0.000218,0.057782,0.077866,-0.033709,-0.047388,0.025170,0.001515
-0.019738,-0.008924,-0.066738,-0.033110,-0.020105,0.104644,0.046258,-0.130066,0.044341,0.034512,0.051594,0.079246,0.019944,0.025288,-0.045106,0.046374,-0.092122,-0.071434,0.033029,0.009769,-0.031410,-0.025039,0.006780,0.008418,-0.000325,0.002229,-0.026340,-0.037389,1.000000,-0.060751,-0.032588,-0.003961,0.038191,-0.044756,0.045889,-0.012994,0.033214,-0.024231,-0.035926,-0.057751,-0.062761,0.034923,0.087696,0.053596,0.052546,-0.087951,0.005700,0.036701,0.016231,-0.007024,0.074254,0.031891,-0.032184,0.053937,0.063441,-0.105524,-0.046524,-0.028522,0.007865,-0.042159,0.042396,-0.019246,0.033994,0.010268,0.022128,-0.000812,-0.004638,-0.031875
0.032414,0.013774,-0.017331,0.052674,-0.050174,0.004402,0.084708,-0.027359,0.069952,-0.102658,0.050913,0.083532,-0.006334,0.055589,-0.028258,-0.086715,0.007392,0.007413,0.018721,0.046178,-0.037524,-0.037099,-0.019934,0.058364,-0.009487,-0.049722,0.080330,-0.042762,-0.060751,1.000000,0.039234,-0.010276,-0.027887,0.013880,-0.027156,-0.026171,0.090044,-0.087622,-0.063764,0.002927,-0.049111,-0.024708,-0.056668,0.073927,0.058157,0.058967,0.087718,-0.004095,-0.061585,-0.141158,0.005696,-0.059886,0.007629,-0.037503,0.100384,0.040397,0.055925,0.059590,0.049108,0.074074,0.054918,-0.061783,-0.010890,-0.098876,0.019203,0.062599,0.021581,0.093790
0.022567,-0.041463,0.143678,-0.029751,0.030732,0.001883,-0.029872,0.027259,0.016191,0.011210,0.070855,0.047485,0.070722,0.124507,0.124339,-0.039045,-0.029641,-0.024397,0.045773,-0.001842,0.032815,0.137854,-0.004796,0.120531,0.005902,-0.012292,-0.021279,0.055435,-0.032588,0.039234,1.000000,0.039014,-0.047386,0.036500,-0.090658,-0.000955,0.025137,-0.010624,0.030083,0.028430,0.031790,-0.009771,-0.008047,-0.049412,0.109667,-0.013514,-0.022028,0.036706,0.036742,0.001244,0.051268,0.006110,-0.068299,0.025641,-0.010783,-0.076350,-0.013764,-0.067961,0.071973,0.007276,0.027563,0.036271,0.043029,0.058737,-0.026636,0.020009,0.036224,-0.010239
0.015393,-0.023907,0.046863,-0.023056,-0.113426,-0.028879,-0.041458,0.013253,0.059989,0.049652,0.072586,-0.048390,-0.030332,-0.010019,0.045019,-0.060159,0.000794,0.034460,-0.002801,-0.048413,-0.004380,0.006481,-0.004350,-0.022362,0.031615,0.005334,0.011596,-0.068622,-0.003961,-0.010276,0.039014,1.000000,-0.004714,0.014197,-0.052096,-0.032573,-0.011908,-0.022593,0.044558,0.050654,-0.021158,-0.046631,0.068731,0.050695,0.048670,0.027372,-0.058787,0.017813,0.045284,-0.057778,0.022184,0.000893,-0.019342,0.033414,0.019305,0.001147,-0.017356,-0.019781,0.065205,-0.045572,-0.030114,0.029642,-0.077693,-0.009263,-0.044523,-0.014951,0.025115,-0.051511
0.026535,0.016126,-0.011533,-0.010130,0.003767,0.033708,0.059476,-0.018597,0.093406,0.085927,-0.054182,-0.019885,-0.004700,-0.080518,-0.031721,0.081674,-0.113728,0.047409,0.025519,0.064185,-0.061139,0.084740,0.027047,-0.080666,-0.056490,0.020560,0.018116,-0.017916,0.038191,-0.027887,-0.047386,-0.004714,1.000000,0.057581,0.015004,-0.120300,-0.054371,-0.001546,0.011244,0.014196,-0.076820,-0.031797,-0.074006,0.041989,-0.099238,-0.009729,0.002219,-0.030754,-0.077442,-0.042334,-0.043350,-0.048641,0.101383,0.011069,0.070672,0.022317,-0.051279,0.008965,-0.073980,0.074512,0.017861,-0.057706,0.058513,0.078507,-0.055529,-0.105900,0.004999,0.002722
0.073631,0.013751,0.028195,-0.070140,-0.031927,-0.024018,-0.042161,-0.080237,0.040362,0.009429,-0.070016,0.116562,0.052335,0.051075,0.047601,-0.053627,-0.063120,-0.021776,0.135041,0.073611,0.054593,0.063903,0.028166,0.039262,-0.080274,-0.085469,-0.032092,0.012020,-0.044756,0.013880,0.036500,0.014197,0.057581,1.000000,0.010632,0.009609,0.076291,0.051423,0.066965,0.089335,0.022545,-0.064512,-0.018184,-0.015992,0.099070,-0.038964,-0.018557,0.025340,0.139383,0.005520,0.017910,-0.021022,0.023970,0.033330,0.011494,0.056924,-0.029037,0.012533,0.088542,0.004442,0.045403,-0.006558,0.067795,0.051817,-0.042767,-0.061144,-0.036390,0.039855
-0.020835,-0.007277,-0.011851,-0.011125,-0.008413,-0.021677,0.012761,0.074586,-0.026167,0.023582,0.019775,0.017780,0.024867,-0.084141,0.101626,0.044905,0.001066,-0.058889,-0.012533,0.010322,0.025894,0.098420,-0.023684,-0.039140,0.057873,0.087748,-0.036325,0.112150,0.045889,-0.027156,-0.090658,-0.052096,0.015004,0.010632,1.000000,-0.027080,-0.036525,0.048272,0.025364,-0.043224,0.060268,-0.011469,0.063917,0.019276,0.040455,0.044180,0.004748,-0.091394,-0.061212,0.005069,0.010646,0.030043,-0.016560,-0.024547,-0.009399,0.034919,0.024520,0.032619,-0.023322,-0.004451,0.013338,0.005751,-0.043528,0.015198,0.015428,0.025852,-0.016874,0.130099
0.015010,0.011187,0.014105,0.122870,0.051176,0.022392,-0.044774,0.039666,-0.034150,0.087859,0.053958,0.066488,0.058220,-0.004479,0.031086,-0.082060,0.029438,-0.017552,-0.005896,0.044001,-0.041718,-0.006148,0.050864,0.019867,0.016191,-0.100483,-0.073788,-0.000111,-0.012994,-0.026171,-0.000955,-0.032573,-0.120300,0.009609,-0.027080,1.000000,-0.096532,0.014326,-0.027970,0.017717,0.027965,0.051216,0.025157,0.026805,-0.021132,-0.012549,-0.028111,0.006299,0.027859,0.007354,-0.046123,-0.018994,-0.052934,-0.052813,-0.023650,-0.055751,0.063389,-0.027049,0.081845,-0.012880,-0.002192,-0.053522,0.066828,-0.037809,0.012732,0.111850,0.088390,-0.035647
0.064989,-0.176502,0.022379,0.020132,-0.074801,0.047921,0.011386,-0.009848,-0.050630,-0.045421,0.048873,0.055378,0.020218,0.031981,0.018231,0.001424,0.044877,0.014198,-0.023358,0.057608,0.066686,0.039072,-0.069211,-0.004729,-0.003844,-0.075545,0.036881,0.036515,0.033214,0.090044,0.025137,-0.011908,-0.054371,0.076291,-0.036525,-0.096532,1.000000,0.036855,0.094658,0.068635,0.033131,-0.007296,0.050548,-0.046695,-0.068838,-0.017712,0.044051,-0.066241,0.066439,-0.019157,0.003190,0.069459,-0.023876,-0.025544,0.059946,0.009301,-0.056566,-0.026493,0.052722,-0.045829,0.024868,-0.051895,0.067480,-0.033826,-0.034851,0.047624,0.077232,0.080664
-0.032428,-0.025085,0.019509,-0.001464,-0.005105,-0.025046,0.072181,-0.009792,-0.012067,0.125704,0.067715,0.046015,0.011724,-0.117286,0.046163,0.004032,0.017166,-0.057219,0.007678,-0.055159,-0.022864,0.032188,0.025279,0.018475,-0.087274,0.039868,-0.124255,-0.054379,-0.024231,-0.087622,-0.010624,-0.022593,-0.001546,0.051423,0.048272,0.014326,0.036855,1.000000,-0.006950,-0.050741,0.008135,0.048981,-0.003513,-0.082796,0.085458,-0.076269,-0.055386,-0.022449,0.016410,0.025483,-0.011099,0.087986,0.012839,0.026259,0.019334,0.143256,-0.020646,0.031740,-0.051491,0.013345,0.055742,-0.079720,0.015056,-0.071647,-0.050268,0.070523,-0.042333,-0.020800
0.038859,-0.048992,-0.051627,0.006419,-0.060337,0.056339,-0.008975,-0.043194,-0.033933,-0.032659,-0.002931,-0.036733,0.054007,-0.002102,0.012364,-0.006257,0.037944,-0.102234,0.050388,-0.005798,0.085087,-0.032213,0.034099,0.102859,-0.070413,-0.015146,-0.010887,0.099482,-0.035926,-0.063764,0.030083,0.044558,0.011244,0.066965,0.025364,-0.027970,0.094658,-0.006950,1.000000,0.030965,-0.055669,-0.013609,-0.002207,-0.003417,0.002875,-0.004236,0.020324,-0.066776,0.057557,0.003573,-0.043132,0.023746,-0.108475,0.072783,0.017033,0.017937,0.006310,-0.030936,0.052846,0.005285,0.057395,0.043001,0.064593,-0.016442,-0.057539,-0.017385,0.103319,0.114509
0.054522,-0.029675,0.039952,0.026946,-0.029709,-0.056553,0.058340,0.055612,-0.054304,0.011393,-0.042396,0.076448,0.131436,0.010375,0.060439,-0.015999,-0.079107,0.031027,-0.001144,-0.069232,0.060421,-0.003016,0.041194,0.054073,-0.020518,-0.021369,0.015199,0.032891,-0.057751,0.002927,0.028430,0.050654,0.014196,0.089335,-0.043224,0.017717,0.068635,-0.050741,0.030965,1.000000,-0.016164,-0.020296,-0.003495,-0.060039,-0.031937,0.012545,-0.028638,-0.050046,0.043401,-0.050865,0.002142,0.093339,0.039383,-0.046557,-0.048102,-0.076945,0.041360,-0.008446,0.014580,0.012833,-0.005979,0.021700,-0.052358,0.028384,-0.025144,-0.039588,0.135731,0.022322
0.002508,-0.075483,0.013704,0.108793,-0.006632,-0.078666,-0.067732,-0.015372,-0.024670,-0.010933,0.114803,-0.034761,0.028506,0.032239,0.095186,0.008747,0.037651,-0.029294,-0.027976,-0.064461,-0.024723,0.007997,-0.014356,-0.027199,-0.030999,-0.002967,-0.020777,0.004313,-0.062761,-0.049111,0.031790,-0.021158,-0.076820,0.022545,0.060268,0.027965,0.033131,0.008135,-0.055669,-0.016164,1.000000,-0.017978,-0.002211,0.000558,-0.002155,-0.016327,0.029282,-0.050277,0.077402,0.086075,-0.007657,-0.041893,-0.017687,-0.014241,-0.031469,0.086760,-0.019277,0.091187,0.038214,0.068138,0.055357,0.073964,0.001465,0.029643,0.037831,0.084714,-0.070080,0.032799
-0.081677,0.053674,-0.045289,0.052820,0.055654,0.088320,0.056063,0.085323,0.030710,-0.018026,-0.063070,0.021650,0.110092,-0.021735,0.040116,-0.084913,0.022117,-0.057372,0.037640,0.055845,-0.015425,-0.002786,-0.048313,-0.067346,0.020668,0.066776,0.040104,-0.047849,0.034923,-0.024708,-0.009771,-0.046631,-0.031797,-0.064512,-0.011469,0.051216,-0.007296,0.048981,-0.013609,-0.020296,-0.017978,1.000000,-0.069330,0.059047,-0.070066,-0.013275,0.049197,0.047431,0.038964,0.063601,0.017959,0.042802,0.038811,-0.028575,-0.051128,0.042004,-0.020913,0.062915,-0.026970,0.000710,-0.052670,0.002440,-0.031784,-0.066271,-0.070605,-0.047585,0.026615,0.031536
0.120516,-0.033521,0.020327,-0.022429,-0.031237,0.005405,-0.006405,0.031401,-0.044040,0.024464,0.031217,-0.036220,-0.070267,0.034266,0.052522,0.073380,0.002926,-0.048325,-0.021276,-0.005816,0.018139,-0.023794,0.055335,0.011130,-0.013024,0.105375,0.050137,0.049874,0.087696,-0.056668,-0.008047,0.068731,-0.074006,-0.018184,0.063917,0.025157,0.050548,-0.003513,-0.002207,-0.003495,-0.002211,-0.069330,1.000000,-0.000081,-0.003180,-0.030246,0.001393,0.050768,0.041985,0.012700,0.089977,0.013198,-0.015167,0.054610,0.133929,-0.101867,0.010865,-0.022750,-0.002658,-0.008491,0.026457,0.039261,-0.016282,0.045656,-0.045647,0.013897,0.011036,0.022827
0.037463,0.027423,0.016502,0.005003,-0.034575,-0.051116,0.070765,0.021990,-0.017532,0.027487,-0.013157,0.005451,0.067744,0.028488,0.003284,-0.009094,-0.089051,0.010052,-0.009996,0.035613,-0.037827,-0.044037,0.007293,-0.017349,0.051515,0.054637,-0.026297,-0.002136,0.053596,0.073927,-0.049412,0.050695,0.041989,-0.015992,0.019276,0.026805,-0.046695,-0.082796,-0.003417,-0.060039,0.000558,0.059047,-0.000081,1.000000,-0.003657,0.021838,0.083547,0.055907,0.005112,-0.007077,-0.028087,-0.058003,-0.008145,-0.023985,0.010291,0.055740,-0.000013,0.022738,0.037090,0.049788,0.044611,-0.003144,-0.026683,-0.020787,-0.101418,-0.038978,-0.065144,0.020745
0.049447,-0.031218,0.202651,0.012586,-0.014907,0.039748,0.127755,-0.082509,0.049374,-0.014748,0.040221,-0.031557,-0.016550,0.005752,0.011482,-0.093813,-0.016993,-0.022716,-0.035635,-0.073803,0.007079,0.057846,-0.076591,0.046003,0.027489,-0.029166,-0.100819,0.045837,0.052546,0.058157,0.109667,0.048670,-0.099238,0.099070,0.040455,-0.021132,-0.068838,0.085458,0.002875,-0.031937,-0.002155,-0.070066,-0.003180,-0.003657,1.000000,-0.050027,-0.021299,0.060842,-0.033881,0.061602,0.017843,-0.022645,0.012657,-0.022060,0.064676,0.043220,0.023700,-0.072085,0.099384,0.054433,0.016315,-0.005262,0.022169,0.091511,-0.045035,0.025439,0.017442,-0.098560
0.028806,0.090622,0.053880,-0.048913,-0.004411,-0.024108,-0.008633,0.015129,-0.039007,-0.003786,0.003063,0.030280,-0.031076,0.030642,-0.049070,0.008684,-0.037926,0.007383,-0.014382,0.111128,0.001880,0.008188,0.005671,0.007430,-0.013845,-0.082552,0.055748,-0.067330,-0.087951,0.058967,-0.013514,0.027372,-0.009729,-0.038964,0.044180,-0.012549,-0.017712,-0.076269,-0.004236,0.012545,-0.016327,-0.013275,-0.030246,0.021838,-0.050027,1.000000,0.054768,0.014977,-0.032013,-0.107000,-0.029360,0.020333,0.011786,-0.088983,0.001556,0.106565,-0.023822,0.007009,0.119336,0.004668,0.067349,-0.063918,-0.058024,-0.003042,0.087069,-0.025434,-0.074952,-0.006799
0.016806,0.077658,-0.059662,-0.007354,-0.014657,-0.013562,-0.030300,0.063217,0.058113,-0.065117,-0.013496,-0.041113,0.046706,-0.044990,0.023888,-0.032364,-0.071342,0.017943,-0.076600,0.034515,0.037942,-0.010851,0.049982,-0.058752,0.018450,0.064095,-0.053861,-0.086444,0.005700,0.087718,-0.022028,-0.058787,0.002219,-0.018557,0.004748,-0.028111,0.044051,-0.055386,0.020324,-0.028638,0.029282,0.049197,0.001393,0.083547,-0.021299,0.054768,1.000000,0.056395,0.076372,0.027412,-0.108452,-0.056261,-0.037077,-0.023161,-0.017488,0.101142,-0.010239,-0.001794,-0.026073,0.052871,-0.029122,0.078336,0.019257,0.032341,0.078041,0.031417,0.040586,-0.055937
0.045943,0.038253,0.026173,0.001602,-0.074441,0.058933,-0.028821,-0.000265,0.015166,0.060661,0.055071,-0.007714,0.018283,0.108184,0.120562,0.036863,-0.113985,-0.019466,-0.008277,-0.018313,0.003479,0.027201,-0.071000,-0.073003,0.060704,-0.020737,0.052994,-0.010696,0.036701,-0.004095,0.036706,0.017813,-0.030754,0.025340,-0.091394,0.006299,-0.066241,-0.022449,-0.066776,-0.050046,-0.050277,0.047431,0.050768,0.055907,0.060842,0.014977,0.056395,1.000000,0.063415,0.015167,-0.029520,0.016041,0.083333,0.086792,0.035104,0.053035,0.001089,0.080036,0.009227,0.044639,-0.051536,-0.009916,-0.091921,0.038291,0.065402,0.029396,-0.050163,-0.009117
-0.012842,0.047767,0.040853,-0.011515,0.011838,-0.036681,-0.054080,-0.014426,0.046435,0.068693,0.013573,-0.010397,0.007684,0.046885,0.067906,0.051748,-0.013060,-0.055042,0.042919,0.071509,0.099683,-0.018084,-0.030755,0.011160,-0.054052,-0.075404,0.014969,-0.061779,0.016231,-0.061585,0.036742,0.045284,-0.077442,0.139383,-0.061212,0.027859,0.066439,0.016410,0.057557,0.043401,0.077402,0.038964,0.041985,0.005112,-0.033881,-0.032013,0.076372,0.063415,1.000000,-0.016140,-0.154897,-0.049006,-0.041805,0.038441,0.069416,0.091373,0.023165,-0.033861,-0.057470,0.001087,0.028846,0.003258,0.042531,0.007317,0.020031,0.003967,-0.001342,-0.091681
-0.078961,0.042815,0.006867,-0.027956,0.064859,0.066494,-0.005245,0.056761,0.052670,-0.008065,0.121069,-0.102606,0.125642,-0.064924,0.046633,0.039226,-0.054625,0.009527,-0.012378,-0.071991,-0.049414,0.046257,-0.023046,-0.091527,0.025887,0.063057,0.004743,-0.102004,-0.007024,-0.141158,0.001244,-0.057778,-0.042334,0.005520,0.005069,0.007354,-0.019157,0.025483,0.003573,-0.050865,0.086075,0.063601,0.012700,-0.007077,0.061602,-0.107000,0.027412,0.015167,-0.016140,1.000000,0.004255,-0.012813,0.037001,0.050680,-0.079900,-0.058106,-0.024303,0.038704,0.004850,-0.050883,0.023921,-0.005932,-0.055557,0.000423,-0.003181,-0.026367,0.046094,0.016154
-0.084207,-0.043044,0.018528,-0.059463,-0.059953,0.038240,-0.046888,-0.014198,-0.037005,-0.008656,0.042299,0.063179,0.000835,0.032938,-0.012486,0.034077,0.039933,0.005704,-0.021639,-0.125337,-0.005001,-0.044997,-0.026767,0.079286,0.023655,0.061447,0.009099,0.078170,0.074254,0.005696,0.051268,0.022184,-0.043350,0.017910,0.010646,-0.046123,0.003190,-0.011099,-0.043132,0.002142,-0.007657,0.017959,0.089977,-0.028087,0.017843,-0.029360,-0.108452,-0.029520,-0.154897,0.004255,1.000000,0.090944,-0.034525,0.042003,0.043197,-0.066305,0.014941,-0.021114,0.028262,-0.065584,0.009237,0.002839,0.026668,0.039845,0.001267,0.009919,-0.031814,-0.033681
-0.008438,-0.020424,0.032267,0.035677,-0.012616,-0.059038,0.055280,-0.050363,-0.013192,0.050734,-0.038549,-0.004842,-0.036546,-0.061050,-0.038605,-0.025964,0.016921,-0.029422,0.096869,-0.020391,0.030088,-0.005842,0.025896,0.069346,-0.014397,0.050209,-0.036643,-0.008273,0.031891,-0.059886,0.006110,0.000893,-0.048641,-0.021022,0.030043,-0.018994,0.069459,0.087986,0.023746,0.093339,-0.041893,0.042802,0.013198,-0.058003,-0.022645,0.020333,-0.056261,0.016041,-0.049006,-0.012813,0.090944,1.000000,0.060119,0.043925,-0.032183,-0.020377,-0.037108,0.049674,-0.035645,-0.048366,-0.064529,0.032917,0.019415,0.056568,0.028377,0.051644,0.004382,-0.070565
-0.017012,0.073659,-0.011675,-0.035423,-0.015729,0.024203,0.023985,-0.032947,-0.030257,0.049501,0.067886,-0.054862,-0.008503,0.038482,-0.020234,0.020509,-0.038381,-0.028532,0.006268,-0.011802,-0.012894,0.022677,0.059041,0.001694,-0.075828,-0.051877,-0.049224,-0.025671,-0.032184,0.007629,-0.068299,-0.019342,0.101383,0.023970,-0.016560,-0.052934,-0.023876,0.012839,-0.108475,0.039383,-0.017687,0.038811,-0.015167,-0.008145,0.012657,0.011786,-0.037077,0.083333,-0.041805,0.037001,-0.034525,0.060119,1.000000,-0.092335,-0.065254,0.011427,0.050663,-0.025295,-0.003409,-0.038771,-0.020875,-0.072168,-0.043970,-0.022570,-0.022307,0.038500,-0.015671,0.079583
0.021271,-0.039696,0.041700,0.042643,0.077978,0.111422,0.020759,0.070690,0.080560,-0.064801,-0.019209,0.052352,0.049290,-0.020393,0.056458,0.010187,0.024125,0.001815,0.038700,-0.064484,-0.000345,0.019657,0.009771,-0.063861,0.006805,0.066024,0.024782,0.056857,0.053937,-0.037503,0.025641,0.033414,0.011069,0.033330,-0.024547,-0.052813,-0.025544,0.026259,0.072783,-0.046557,-0.014241,-0.028575,0.054610,-0.023985,-0.022060,-0.088983,-0.023161,0.086792,0.038441,0.050680,0.042003,0.043925,-0.092335,1.000000,-0.035650,-0.020191,-0.104763,-0.004727,-0.014786,0.043761,0.015459,0.017682,-0.052780,-0.027538,0.054969,-0.030570,0.059200,0.033986
0.087999,0.072395,-0.000723,0.046928,0.005258,-0.005761,-0.024066,-0.035540,0.106208,-0.043293,-0.047356,-0.002020,-0.063944,0.013485,0.087563,0.064702,0.012296,0.006860,0.070284,-0.031417,0.033102,-0.024850,0.002259,0.014479,-0.068548,-0.003375,0.050255,0.041269,0.063441,0.100384,-0.010783,0.019305,0.070672,0.011494,-0.009399,-0.023650,0.059946,0.019334,0.017033,-0.048102,-0.031469,-0.051128,0.133929,0.010291,0.064676,0.001556,-0.017488,0.035104,0.069416,-0.079900,0.043197,-0.032183,-0.065254,-0.035650,1.000000,0.043276,-0.005784,0.041219,0.056109,0.010138,0.040712,-0.032268,0.073822,-0.016850,-0.083457,0.034486,-0.003827,-0.043748
-0.018016,0.076783,0.030484,0.006942,-0.025255,-0.035524,0.027034,0.007123,0.032598,0.010727,-0.055995,-0.000140,-0.061197,-0.104556,-0.031323,-0.010703,0.022927,0.025412,0.013969,-0.018009,0.003405,-0.039872,0.025227,-0.041264,-0.091374,-0.019671,-0.024070,0.035175,-0.105524,0.040397,-0.076350,0.001147,0.022317,0.056924,0.034919,-0.055751,0.009301,0.143256,0.017937,-0.076945,0.086760,0.042004,-0.101867,0.055740,0.043220,0.106565,0.101142,0.053035,0.091373,-0.058106,-0.066305,-0.020377,0.011427,-0.020191,0.043276,1.000000,0.015232,-0.012913,0.060773,-0.021893,0.002072,0.008073,0.043893,0.003226,0.021491,0.025621,-0.049165,-0.007422
-0.070244,0.019764,-0.029943,0.043695,0.062118,0.018955,-0.101559,-0.005344,0.051044,0.022487,-0.049197,-0.074046,-0.003664,0.028777,0.003464,-0.007138,0.075587,0.051195,-0.019753,-0.002326,-0.019209,-0.020530,0.037792,0.026330,0.040382,-0.019820,-0.003935,0.050027,-0.046524,0.055925,-0.013764,-0.017356,-0.051279,-0.029037,0.024520,0.063389,-0.056566,-0.020646,0.006310,0.041360,-0.019277,-0.020913,0.010865,-0.000013,0.023700,-0.023822,-0.010239,0.001089,0.023165,-0.024303,0.014941,-0.037108,0.050663,-0.104763,-0.005784,0.015232,1.000000,0.091396,0.011606,0.022897,0.023114,0.078523,0.103647,-0.014070,-0.042805,0.079221,0.008436,-0.016638
0.054390,0.037935,-0.070516,0.071056,0.034890,-0.025110,0.040014,-0.025040,-0.008548,0.034002,0.009463,0.006405,-0.012477,0.035064,0.093494,-0.031483,-0.025881,0.074919,0.044331,0.009517,-0.028719,-0.011020,-0.040821,-0.159934,0.010591,0.044244,0.069617,0.027946,-0.028522,0.059590,-0.067961,-0.019781,0.008965,0.012533,0.032619,-0.027049,-0.026493,0.031740,-0.030936,-0.008446,0.091187,0.062915,-0.022750,0.022738,-0.072085,0.007009,-0.001794,0.080036,-0.033861,0.038704,-0.021114,0.049674,-0.025295,-0.004727,0.041219,-0.012913,0.091396,1.000000,0.009992,-0.093769,0.012678,0.065399,0.016867,0.070770,0.009143,0.004489,-0.073178,-0.005885
0.124826,0.056734,0.027100,0.047741,-0.028223,0.010116,0.110244,-0.063835,0.111525,-0.059151,-0.035442,-0.000043,-0.045245,-0.044099,0.053324,0.003227,0.028725,0.006611,0.014276,0.007868,-0.041378,-0.091766,0.044882,0.056077,-0.055286,-0.049178,0.001201,0.054802,0.007865,0.049108,0.071973,0.065205,-0.073980,0.088542,-0.023322,0.081845,0.052722,-0.051491,0.052846,0.014580,0.038214,-0.026970,-0.002658,0.037090,0.099384,0.119336,-0.026073,0.009227,-0.057470,0.004850,0.028262,-0.035645,-0.003409,-0.014786,0.056109,0.060773,0.011606,0.009992,1.000000,-0.057523,0.059953,-0.058522,0.043155,0.028239,-0.070602,-0.017712,-0.046579,-0.056051
0.002644,0.045159,-0.016222,0.045715,0.083987,0.008896,-0.000849,-0.024612,0.048454,0.011225,-0.003439,0.054919,-0.039728,0.003052,0.010917,-0.024232,0.004363,-0.109577,-0.006272,-0.051597,-0.013231,0.118043,0.005738,-0.000420,-0.044757,-0.033879,-0.008145,0.003534,-0.042159,0.074074,0.007276,-0.045572,0.074512,0.004442,-0.004451,-0.012880,-0.045829,0.013345,0.005285,0.012833,0.068138,0.000710,-0.008491,0.049788,0.054433,0.004668,0.052871,0.044639,0.001087,-0.050883,-0.065584,-0.048366,-0.038771,0.043761,0.010138,-0.021893,0.022897,-0.093769,-0.057523,1.000000,0.149540,0.087426,0.024395,-0.008612,0.004994,0.096828,0.005032,0.057968
-0.076487,0.030320,-0.037793,0.020334,0.108947,-0.076472,0.093090,0.014761,0.059704,-0.064570,0.028932,0.041606,0.070453,0.011373,0.032761,0.037454,-0.023268,-0.037606,-0.028808,-0.014494,-0.067725,-0.031569,-0.070181,0.003986,-0.034023,-0.068040,0.033800,0.038145,0.042396,0.054918,0.027563,-0.030114,0.017861,0.045403,0.013338,-0.002192,0.024868,0.055742,0.057395,-0.005979,0.055357,-0.052670,0.026457,0.044611,0.016315,0.067349,-0.029122,-0.051536,0.028846,0.023921,0.009237,-0.064529,-0.020875,0.015459,0.040712,0.002072,0.023114,0.012678,0.059953,0.149540,1.000000,0.046416,0.103229,0.034734,0.014302,0.147679,0.008780,0.020407
-0.064951,0.005561,-0.102470,0.006851,-0.055945,-0.024466,-0.026530,0.076388,-0.062209,-0.050304,-0.005541,-0.081703,-0.023010,0.052632,-0.030231,-0.101563,0.025763,-0.021076,0.053911,-0.043833,0.125349,-0.017974,-0.015843,-0.049646,0.010671,0.034041,-0.013908,-0.000218,-0.019246,-0.061783,0.036271,0.029642,-0.057706,-0.006558,0.005751,-0.053522,-0.051895,-0.079720,0.043001,0.021700,0.073964,0.002440,0.039261,-0.003144,-0.005262,-0.063918,0.078336,-0.009916,0.003258,-0.005932,0.002839,0.032917,-0.072168,0.017682,-0.032268,0.008073,0.078523,0.065399,-0.058522,0.087426,0.046416,1.000000,0.011597,0.024303,0.016320,-0.026006,0.027019,-0.014076
