1.000000,0.369601,-0.076108,0.163017,0.079890,0.060633,0.018983,0.027354,0.022812,0.018372,0.029897,0.104651,0.024531,0.068343,0.103722,0.027452,-0.009745,0.110250,0.080357,0.098684,-0.001018,0.076183,-0.020783,0.018660,-0.067272,0.058629,0.027250,0.146231,0.041651,-0.037438,-0.023183,0.051920,0.020593,0.357839,0.042549,-0.081972,0.033501,0.089052,-0.037427,0.026844,-0.008195,0.031163,0.028710,0.016950,0.068511,0.095213,0.029559,0.081504,0.114173,-0.044992,-0.009002,0.026944,0.062077,0.094431,-0.018086,-0.052339,0.010018,-0.007199,0.024710,-0.011106,0.039757,-0.025073,0.040711,0.041249,0.010836,0.023638,-0.012013,-0.040781
0.369601,1.000000,-0.028158,0.062102,0.234437,0.079288,0.133978,0.043405,0.028064,0.072084,0.043668,0.174512,0.048392,0.091549,0.061907,0.047726,0.051381,0.088922,0.042479,0.050477,0.076844,0.102317,-0.017388,0.091514,-0.046618,-0.066922,0.076446,0.060197,0.060665,0.005718,-0.002459,0.014779,-0.027783,0.199055,0.060664,0.029990,0.032390,0.014589,-0.003795,0.011341,-0.028873,0.035214,-0.021723,0.053663,0.103229,0.083510,0.041195,0.101253,0.100633,0.042600,-0.006992,0.063172,0.064964,0.087273,-0.039253,-0.012312,0.006151,0.078423,-0.054428,-0.017839,0.014323,-0.014858,-0.041459,0.009250,0.001040,0.086287,-0.012196,-0.016023
-0.076108,-0.028158,1.000000,0.022643,0.047575,-0.095842,0.020641,-0.080069,-0.103659,-0.036843,-0.036179,-0.074317,-0.057235,0.007946,0.004594,0.079699,-0.079573,0.026737,-0.002491,0.006376,0.010776,0.061014,0.001933,0.004610,0.068791,-0.044533,0.027684,-0.114844,-0.024226,-0.024970,0.001346,-0.007199,0.100690,0.007780,-0.030076,0.067765,-0.022143,-0.029538,-0.024693,-0.083417,-0.031756,-0.100686,-0.105580,-0.038537,-0.040815,-0.084915,-0.072209,-0.068247,0.003701,0.080740,-0.032081,0.001720,-0.056798,0.058778,0.020589,-0.015028,0.018759,-0.053784,0.010031,-0.069003,-0.059307,0.029166,-0.063184,-0.074187,0.027846,-0.029343,0.064533,-0.000200
0.163017,0.062102,0.022643,1.000000,0.069266,0.275681,0.091089,0.289504,0.253228,0.229839,0.150354,0.350224,0.273184,0.186815,0.121536,0.133174,0.086577,0.093440,0.040736,0.126609,-0.031463,-0.055743,0.113580,-0.059196,0.038746,0.039534,-0.009575,0.051217,0.031536,0.101784,0.043432,0.018363,-0.103949,0.064938,0.158159,0.115962,0.028907,0.596024,0.061573,0.196378,0.191055,0.284324,0.146917,0.149979,0.221592,0.197609,0.239328,0.241903,0.208311,0.036344,0.097064,0.106860,0.140620,0.164791,0.009228,-0.032914,0.088223,0.015344,0.073131,0.032046,0.016788,0.049926,0.035452,0.036547,0.045057,-0.026624,-0.012931,0.138242
0.079890,0.234437,0.047575,0.069266,1.000000,0.328528,0.265029,0.252000,0.240989,0.251374,0.106972,0.285906,0.260058,0.205102,0.190250,0.185381,0.239867,0.116507,0.133495,0.161467,0.114417,0.100145,-0.004921,0.081710,0.004378,-0.059594,-0.017341,-0.005032,0.077080,0.038141,-0.020527,-0.008308,-0.070019,0.403828,0.107191,0.114848,0.074888,0.021271,0.026880,0.112288,0.083609,0.200047,0.041585,0.119919,0.207929,0.069787,0.219384,0.229002,0.225288,0.094322,0.016348,0.064792,0.011331,0.266928,-0.016122,0.012946,0.005517,0.044346,-0.117663,-0.074278,0.070863,-0.038281,-0.034945,-0.039427,0.059935,-0.027196,-0.054347,0.089030
0.060633,0.079288,-0.095842,0.275681,0.328528,1.000000,0.380266,0.738275,0.834701,0.715685,0.316384,0.366697,0.675121,0.393485,0.282612,0.139860,0.200593,0.122925,0.159510,0.286193,-0.039597,-0.051120,0.029036,-0.032508,-0.013477,-0.065622,-0.055272,0.058686,0.108742,0.124120,0.076965,0.013980,-0.034571,0.066754,0.131446,0.063983,0.022101,0.212547,0.211557,0.557092,0.347775,0.712082,0.433952,0.488899,0.465209,0.221452,0.590599,0.510628,0.370899,0.229086,0.213162,0.143747,0.162786,0.307877,0.007075,0.035217,0.043458,0.037903,-0.017955,0.031640,-0.001637,0.016303,0.078099,0.105349,0.047196,-0.062833,-0.098484,0.293976
0.018983,0.133978,0.020641,0.091089,0.265029,0.380266,1.000000,0.375058,0.370761,0.378095,0.165031,0.256027,0.345173,0.245858,0.185990,0.212138,0.136462,0.062961,0.068297,0.142598,0.001474,-0.046389,-0.033084,-0.044216,-0.030094,-0.031124,-0.011269,0.027563,0.031193,0.014074,0.028187,-0.000983,0.023737,0.116383,0.095124,0.002635,-0.039035,0.066139,0.042863,0.201257,0.162215,0.342548,0.159726,0.237597,0.248299,0.148415,0.280446,0.286041,0.196839,0.068873,0.107848,0.035107,0.069153,0.190998,-0.009270,0.013559,0.039518,0.005602,-0.106669,0.009786,0.044769,-0.094040,-0.000295,0.002209,-0.018939,0.031596,-0.051859,0.124986
0.027354,0.043405,-0.080069,0.289504,0.252000,0.738275,0.375058,1.000000,0.708006,0.674081,0.281516,0.404127,0.914230,0.494929,0.338285,0.115351,0.160128,0.041036,0.114822,0.285040,-0.108294,-0.081916,0.027867,-0.062490,-0.012400,-0.074933,-0.085252,0.046964,0.123749,0.125143,0.032277,-0.019367,-0.078866,0.041568,0.109764,0.032917,0.004212,0.264633,0.198491,0.587247,0.536356,0.942723,0.573087,0.666614,0.528637,0.256845,0.704991,0.624981,0.452348,0.165477,0.195119,0.200832,0.203814,0.358748,0.037680,0.057310,0.085929,0.106424,-0.000412,0.014370,-0.024462,-0.004330,0.104726,0.168513,-0.002172,-0.057348,-0.124838,0.313083
0.022812,0.028064,-0.103659,0.253228,0.240989,0.834701,0.370761,0.708006,1.000000,0.734878,0.269771,0.300702,0.620470,0.352020,0.237737,0.109127,0.150872,0.120190,0.175474,0.263609,-0.052556,-0.039113,0.047333,-0.038833,-0.003300,-0.096461,-0.054232,0.079644,0.150957,0.187964,0.090823,0.044685,-0.044311,-0.005935,0.091175,0.061657,-0.001453,0.233838,0.160820,0.586741,0.348925,0.713557,0.503580,0.534864,0.442296,0.248469,0.557516,0.493932,0.336798,0.220784,0.230924,0.177852,0.157648,0.253149,0.049124,0.053127,0.047052,0.017100,-0.032668,0.039313,-0.002823,0.037054,0.093254,0.115561,0.054633,-0.062681,-0.109219,0.282819
0.018372,0.072084,-0.036843,0.229839,0.251374,0.715685,0.378095,0.674081,0.734878,1.000000,0.455015,0.359596,0.626973,0.555644,0.356924,0.205803,0.195895,0.164232,0.133419,0.369440,-0.026737,-0.002923,0.008783,-0.035795,-0.021310,-0.060370,-0.087195,0.048013,0.066016,0.066541,0.087910,0.059930,-0.040502,0.069375,0.137288,0.078270,0.001465,0.165909,0.143684,0.406338,0.292745,0.648695,0.348483,0.619309,0.596519,0.219311,0.555356,0.597577,0.458386,0.225007,0.154888,0.214905,0.156619,0.372543,0.050767,0.070290,0.122143,0.063166,0.043530,0.059186,0.007708,-0.015588,0.095312,0.078768,-0.053134,-0.029623,-0.136906,0.245176
0.029897,0.043668,-0.036179,0.150354,0.106972,0.316384,0.165031,0.281516,0.269771,0.455015,1.000000,0.258324,0.318212,0.847773,0.426002,0.182392,0.212885,0.163977,0.012346,0.455851,0.017766,0.004418,0.004988,0.027445,0.048827,-0.017985,-0.069561,-0.029311,0.047966,-0.013501,0.077306,0.011641,-0.031858,0.061832,0.157152,0.050678,-0.028120,0.084985,0.007194,0.199393,0.122029,0.279744,0.120306,0.334287,0.585641,0.132557,0.290085,0.459357,0.431011,0.263385,0.096035,0.120556,0.116604,0.389068,-0.017936,-0.007019,-0.019357,0.071620,0.051991,0.085735,-0.012047,-0.015343,0.069898,0.106792,0.011779,0.066553,-0.065505,0.133133
0.104651,0.174512,-0.074317,0.350224,0.285906,0.366697,0.256027,0.404127,0.300702,0.359596,0.258324,1.000000,0.508905,0.403311,0.367047,0.265423,0.224394,0.132078,0.089094,0.324069,0.038100,-0.006492,0.038961,0.015183,0.056884,-0.031403,-0.034246,0.018218,0.083863,0.086127,0.047211,0.007591,-0.096883,0.200008,0.115376,0.098703,0.117406,0.136994,0.084006,0.208099,0.175099,0.368411,0.182430,0.293669,0.348519,0.236633,0.361255,0.406823,0.407413,0.095003,0.126979,0.153347,0.169786,0.388573,0.047734,0.045533,-0.003314,0.070435,0.004784,-0.044991,0.047993,0.008889,0.041095,0.093726,0.032949,0.048145,-0.002387,0.124649
0.024531,0.048392,-0.057235,0.273184,0.260058,0.675121,0.345173,0.914230,0.620470,0.626973,0.318212,0.508905,1.000000,0.569111,0.434821,0.135074,0.193416,0.061253,0.104476,0.362474,-0.073726,-0.072713,0.029843,-0.046373,0.010386,-0.059389,-0.075295,0.050823,0.121506,0.147657,0.019661,0.009897,-0.120285,0.060217,0.111184,0.045865,0.003913,0.220820,0.173423,0.483978,0.433661,0.847242,0.480265,0.615763,0.570668,0.259024,0.697486,0.664177,0.523242,0.172247,0.190727,0.180821,0.186686,0.432737,0.051719,0.063467,0.053248,0.116301,0.020838,-0.009563,0.012356,0.000869,0.084000,0.132128,-0.007348,-0.031636,-0.091286,0.256888
0.068343,0.091549,0.007946,0.186815,0.205102,0.393485,0.245858,0.494929,0.352020,0.555644,0.847773,0.403311,0.569111,1.000000,0.652014,0.266725,0.252212,0.152364,0.087754,0.633797,0.005264,-0.013763,0.031410,0.015861,0.038462,-0.033981,-0.081928,-0.016398,0.088120,0.039026,0.045389,0.008408,-0.025101,0.114889,0.129897,0.042905,-0.019984,0.112268,0.025697,0.224787,0.197197,0.439415,0.183595,0.440447,0.719762,0.186790,0.428036,0.656574,0.653318,0.246931,0.140047,0.178155,0.154036,0.595501,-0.033735,-0.022009,0.008820,0.103096,0.030002,0.074466,-0.032783,-0.023671,0.103751,0.122101,0.010932,0.100585,-0.036672,0.139264
0.103722,0.061907,0.004594,0.121536,0.190250,0.282612,0.185990,0.338285,0.237737,0.356924,0.426002,0.367047,0.434821,0.652014,1.000000,0.214798,0.151527,0.218950,0.160060,0.887044,0.120929,0.041617,0.027587,0.072143,0.048483,0.122029,-0.037672,-0.017848,0.018985,0.030711,0.082298,0.089540,-0.012168,0.138537,0.110713,0.025263,-0.056126,0.040118,0.033170,0.213358,0.191873,0.312928,0.157572,0.283549,0.505642,0.129786,0.258967,0.469365,0.642849,0.220227,0.148555,0.164197,0.143713,0.623835,0.028765,0.025965,0.093454,0.141692,0.038101,0.053039,0.006197,-0.043011,0.118414,0.126041,0.062639,0.112499,-0.003276,0.089382
0.027452,0.047726,0.079699,0.133174,0.185381,0.139860,0.212138,0.115351,0.109127,0.205803,0.182392,0.265423,0.135074,0.266725,0.214798,1.000000,0.390947,0.167709,0.124194,0.244639,0.134532,0.095003,-0.012512,0.053809,-0.013939,-0.050948,-0.003834,-0.074758,-0.003918,0.002580,0.032662,0.007779,0.001817,0.215392,0.103581,0.135014,0.018578,0.029465,-0.057220,0.037848,-0.000190,0.089528,0.020399,0.083169,0.177488,0.026011,0.121677,0.154521,0.226370,0.108036,0.019079,0.122518,0.120287,0.278413,0.022524,0.083298,0.035820,-0.014900,-0.013011,0.102103,-0.015854,0.003128,0.058705,0.013119,-0.021198,0.067402,-0.002893,-0.005567
-0.009745,0.051381,-0.079573,0.086577,0.239867,0.200593,0.136462,0.160128,0.150872,0.195895,0.212885,0.224394,0.193416,0.252212,0.151527,0.390947,1.000000,0.245540,0.146774,0.188439,0.201581,0.072867,0.123055,0.049751,0.103182,-0.005730,-0.051864,-0.019573,0.019731,0.124473,0.099642,0.122993,-0.044079,0.335057,0.103557,0.076210,0.090470,0.024228,0.049491,0.091971,0.097286,0.162329,0.078179,0.107440,0.204658,0.038438,0.145745,0.200121,0.190592,0.131925,0.156851,0.186932,0.140401,0.224637,0.080062,0.148711,0.027732,-0.018503,-0.012245,-0.023425,0.002311,-0.114837,0.094324,0.145816,0.088463,-0.026624,-0.062440,0.048202
0.110250,0.088922,0.026737,0.093440,0.116507,0.122925,0.062961,0.041036,0.120190,0.164232,0.163977,0.132078,0.061253,0.152364,0.218950,0.167709,0.245540,1.000000,0.101627,0.330977,0.181463,0.178875,0.146072,0.069693,0.114095,0.022617,-0.031853,0.035488,0.076253,0.094305,0.104596,0.099189,-0.033505,0.172434,0.119947,0.153585,0.030034,0.039175,0.097430,0.088182,0.088835,0.063859,0.067793,0.100009,0.086622,0.072115,0.081352,0.071382,0.145604,0.051790,0.056005,0.514560,0.136643,0.222502,0.108208,0.167430,0.166686,0.009100,0.063099,0.042472,-0.030572,-0.107019,0.054426,0.082305,0.035378,0.030902,-0.008612,0.067018
0.080357,0.042479,-0.002491,0.040736,0.133495,0.159510,0.068297,0.114822,0.175474,0.133419,0.012346,0.089094,0.104476,0.087754,0.160060,0.124194,0.146774,0.101627,1.000000,0.179008,0.076776,0.037532,0.072445,-0.013018,-0.017700,0.041204,-0.043427,0.048037,0.145610,0.108899,0.024849,0.052727,-0.051472,0.172776,0.005774,-0.077205,0.002337,0.029179,0.010266,0.063060,0.070718,0.101346,0.094554,0.083175,0.111282,0.042186,0.071442,0.129597,0.131171,0.017101,0.026370,0.036016,0.102113,0.162793,-0.043070,0.024908,0.091017,0.051765,0.004290,0.017633,0.076842,-0.003625,0.001624,0.043612,0.029715,0.014761,-0.011516,0.030364
0.098684,0.050477,0.006376,0.126609,0.161467,0.286193,0.142598,0.285040,0.263609,0.369440,0.455851,0.324069,0.362474,0.633797,0.887044,0.244639,0.188439,0.330977,0.179008,1.000000,0.176522,0.094915,0.004135,0.069396,0.032486,0.126430,-0.002247,-0.032539,0.062942,0.076278,0.081535,0.127272,-0.033108,0.117156,0.103333,0.044750,-0.048738,0.055715,0.012099,0.186936,0.147392,0.262448,0.119574,0.247682,0.411141,0.101390,0.208901,0.375887,0.540231,0.210797,0.139936,0.251549,0.132508,0.600331,0.054140,0.048482,0.097943,0.135563,0.044871,0.093433,-0.033669,-0.048560,0.146180,0.115780,0.045186,0.094296,-0.018657,0.064956
-0.001018,0.076844,0.010776,-0.031463,0.114417,-0.039597,0.001474,-0.108294,-0.052556,-0.026737,0.017766,0.038100,-0.073726,0.005264,0.120929,0.134532,0.201581,0.181463,0.076776,0.176522,1.000000,0.670213,0.139967,0.435964,0.088101,0.138962,0.039552,0.034791,-0.041393,-0.006039,-0.007179,0.053062,0.085379,0.159950,0.080294,0.046254,-0.003581,0.015856,0.015765,-0.037192,-0.049135,-0.106679,-0.121407,-0.076986,0.064951,-0.029952,-0.091097,0.010423,0.047277,0.042371,-0.001780,0.057335,0.042820,0.120447,0.020489,0.109710,0.087104,0.022446,0.053223,0.035281,0.019388,-0.034446,-0.009351,0.031221,0.011405,0.004981,-0.041478,-0.008709
0.076183,0.102317,0.061014,-0.055743,0.100145,-0.051120,-0.046389,-0.081916,-0.039113,-0.002923,0.004418,-0.006492,-0.072713,-0.013763,0.041617,0.095003,0.072867,0.178875,0.037532,0.094915,0.670213,1.000000,0.167845,0.571542,0.085780,0.062813,0.071134,0.035276,-0.003060,-0.010832,-0.083778,0.083537,0.042976,0.127425,0.005108,0.052048,0.026897,-0.050839,-0.053934,-0.058378,-0.086636,-0.084474,-0.089890,-0.045209,0.027651,-0.029837,-0.093151,-0.044892,-0.005265,0.043450,-0.063084,0.070699,0.017969,0.061961,0.095698,0.187745,0.128491,0.038763,0.022040,0.072944,0.041224,0.012248,0.013565,0.032234,-0.053713,-0.038695,-0.131485,-0.059719
-0.020783,-0.017388,0.001933,0.113580,-0.004921,0.029036,-0.033084,0.027867,0.047333,0.008783,0.004988,0.038961,0.029843,0.031410,0.027587,-0.012512,0.123055,0.146072,0.072445,0.004135,0.139967,0.167845,1.000000,0.107359,0.436104,0.081860,0.011326,0.059687,0.161965,0.149363,-0.021479,0.119357,-0.033371,0.092920,0.002485,0.018258,0.011708,0.109589,0.040638,0.079805,0.048522,0.063239,0.052310,0.020782,0.122460,0.057349,0.086674,0.135141,0.098163,0.015415,0.027427,0.069625,0.043293,0.067805,-0.001343,0.003441,0.029577,-0.030251,0.020203,-0.068914,-0.043406,0.033815,-0.074820,-0.018745,0.030919,-0.107547,-0.048272,-0.006345
0.018660,0.091514,0.004610,-0.059196,0.081710,-0.032508,-0.044216,-0.062490,-0.038833,-0.035795,0.027445,0.015183,-0.046373,0.015861,0.072143,0.053809,0.049751,0.069693,-0.013018,0.069396,0.435964,0.571542,0.107359,1.000000,0.074125,0.092868,0.050485,0.042127,-0.062329,-0.001325,0.002615,0.042999,0.022287,0.043515,-0.029073,0.081143,-0.003375,-0.065297,-0.025377,-0.026231,-0.089513,-0.072597,-0.084874,-0.082736,0.108704,-0.023805,-0.067562,0.035098,0.083034,0.065516,-0.045108,-0.014097,-0.019506,0.020909,0.039064,0.101112,0.024316,-0.017752,0.056443,0.054906,0.153911,-0.048319,-0.014743,0.023612,-0.013330,-0.003905,-0.058279,-0.031938
-0.067272,-0.046618,0.068791,0.038746,0.004378,-0.013477,-0.030094,-0.012400,-0.003300,-0.021310,0.048827,0.056884,0.010386,0.038462,0.048483,-0.013939,0.103182,0.114095,-0.017700,0.032486,0.088101,0.085780,0.436104,0.074125,1.000000,0.174744,0.093210,0.151224,0.167861,0.179898,-0.086261,0.148899,-0.058756,0.055043,0.050626,0.062298,0.013214,0.039813,0.009542,0.073832,0.015847,0.014243,0.017403,-0.007743,0.072219,0.077163,0.076335,0.071568,0.057154,0.023694,0.047787,-0.022073,0.035879,0.022569,-0.046129,-0.067618,-0.088118,-0.054715,-0.001273,-0.030544,-0.047358,0.038678,-0.092528,-0.089289,-0.016453,-0.061580,0.022171,-0.018365
0.058629,-0.066922,-0.044533,0.039534,-0.059594,-0.065622,-0.031124,-0.074933,-0.096461,-0.060370,-0.017985,-0.031403,-0.059389,-0.033981,0.122029,-0.050948,-0.005730,0.022617,0.041204,0.126430,0.138962,0.062813,0.081860,0.092868,0.174744,1.000000,0.319293,0.107546,0.121937,0.070679,0.042427,0.087132,-0.085728,-0.009678,0.050810,0.051561,-0.056570,0.066454,0.024863,-0.018834,0.014955,-0.073190,-0.080179,-0.094264,-0.040686,0.020206,-0.049666,-0.045484,-0.013356,0.016412,0.058796,-0.014023,0.013882,0.029296,-0.028253,0.004172,0.020373,0.004293,0.071194,0.030023,0.038114,0.054088,0.005639,-0.062213,-0.051225,0.081989,0.063089,0.001913
0.027250,0.076446,0.027684,-0.009575,-0.017341,-0.055272,-0.011269,-0.085252,-0.054232,-0.087195,-0.069561,-0.034246,-0.075295,-0.081928,-0.037672,-0.003834,-0.051864,-0.031853,-0.043427,-0.002247,0.039552,0.071134,0.011326,0.050485,0.093210,0.319293,1.000000,0.073769,0.077224,0.041601,-0.028720,0.030115,-0.053128,-0.047818,0.000958,0.058161,-0.068116,-0.008627,-0.019782,-0.027626,-0.015152,-0.077012,-0.049835,-0.103636,-0.093882,-0.011338,-0.096162,-0.091756,-0.076642,0.018987,-0.024948,-0.015278,0.002358,-0.026529,-0.028926,-0.003363,-0.009974,-0.019838,-0.021286,0.007765,0.043470,0.093616,-0.041518,-0.062385,-0.046413,-0.008396,0.026562,-0.041819
0.146231,0.060197,-0.114844,0.051217,-0.005032,0.058686,0.027563,0.046964,0.079644,0.048013,-0.029311,0.018218,0.050823,-0.016398,-0.017848,-0.074758,-0.019573,0.035488,0.048037,-0.032539,0.034791,0.035276,0.059687,0.042127,0.151224,0.107546,0.073769,1.000000,0.087183,0.121130,-0.067977,0.057151,-0.109812,0.077494,0.039694,0.062053,-0.115969,0.149816,0.070356,0.084395,0.052731,0.061271,0.068338,0.089272,0.020130,0.042535,0.038197,0.024489,-0.028733,-0.066599,0.038950,-0.016415,-0.030864,-0.068810,-0.054210,-0.033834,-0.000964,0.009300,-0.026317,-0.034257,0.061970,-0.011829,0.035623,0.041264,0.079536,-0.095725,0.022574,0.036905
0.041651,0.060665,-0.024226,0.031536,0.077080,0.108742,0.031193,0.123749,0.150957,0.066016,0.047966,0.083863,0.121506,0.088120,0.018985,-0.003918,0.019731,0.076253,0.145610,0.062942,-0.041393,-0.003060,0.161965,-0.062329,0.167861,0.121937,0.077224,0.087183,1.000000,0.430525,-0.041963,0.131788,-0.012339,0.045668,-0.041101,0.010774,-0.010916,0.021338,0.086363,0.135608,0.172061,0.143224,0.138287,0.114380,0.039719,0.123181,0.105277,0.080409,0.008546,0.000639,0.143010,0.123794,0.094755,-0.008186,-0.041189,-0.019138,0.016286,-0.002423,-0.072404,-0.016254,-0.004576,0.001844,-0.001948,0.065041,-0.030228,0.006157,0.015318,0.069860
-0.037438,0.005718,-0.024970,0.101784,0.038141,0.124120,0.014074,0.125143,0.187964,0.066541,-0.013501,0.086127,0.147657,0.039026,0.030711,0.002580,0.124473,0.094305,0.108899,0.076278,-0.006039,-0.010832,0.149363,-0.001325,0.179898,0.070679,0.041601,0.121130,0.430525,1.000000,0.008120,0.184727,-0.032706,0.067092,0.025781,0.059939,-0.020066,0.082449,0.051864,0.110931,0.083606,0.137806,0.103837,0.112725,0.031399,-0.005397,0.070581,0.055094,0.033041,-0.005677,0.073395,0.138547,0.097500,0.037370,0.004033,-0.001955,0.044994,0.004463,-0.061822,-0.018947,0.051284,-0.049132,0.018855,0.048835,0.006061,-0.083240,0.037487,0.026477
-0.023183,-0.002459,0.001346,0.043432,-0.020527,0.076965,0.028187,0.032277,0.090823,0.087910,0.077306,0.047211,0.019661,0.045389,0.082298,0.032662,0.099642,0.104596,0.024849,0.081535,-0.007179,-0.083778,-0.021479,0.002615,-0.086261,0.042427,-0.028720,-0.067977,-0.041963,0.008120,1.000000,0.008832,0.044558,0.057145,0.006792,0.017163,-0.006945,-0.010538,0.084046,0.051405,0.007607,0.037292,0.024402,0.077323,0.017643,0.011364,0.008321,-0.007726,0.039477,0.108399,0.080786,0.132864,0.041781,0.036509,0.022064,0.074109,0.046776,0.001660,-0.084215,0.010575,0.079392,0.016597,0.002538,0.061609,-0.064708,0.007378,0.024575,0.052914
0.051920,0.014779,-0.007199,0.018363,-0.008308,0.013980,-0.000983,-0.019367,0.044685,0.059930,0.011641,0.007591,0.009897,0.008408,0.089540,0.007779,0.122993,0.099189,0.052727,0.127272,0.053062,0.083537,0.119357,0.042999,0.148899,0.087132,0.030115,0.057151,0.131788,0.184727,0.008832,1.000000,-0.061239,0.074315,-0.014379,-0.001382,0.037381,0.019708,-0.083764,-0.003365,-0.011710,0.014610,0.002661,0.013858,0.009904,-0.004782,0.028963,0.020560,0.032042,0.031097,-0.025339,0.024520,-0.053734,0.070718,0.056618,-0.000844,-0.033709,0.000844,-0.050906,-0.020147,0.000264,-0.032418,-0.088894,-0.014113,-0.011507,-0.021107,0.039036,-0.111292
0.020593,-0.027783,0.100690,-0.103949,-0.070019,-0.034571,0.023737,-0.078866,-0.044311,-0.040502,-0.031858,-0.096883,-0.120285,-0.025101,-0.012168,0.001817,-0.044079,-0.033505,-0.051472,-0.033108,0.085379,0.042976,-0.033371,0.022287,-0.058756,-0.085728,-0.053128,-0.109812,-0.012339,-0.032706,0.044558,-0.061239,1.000000,0.087777,-0.094448,-0.103933,-0.008660,-0.090225,-0.050844,-0.026576,-0.030829,-0.066682,-0.002732,-0.037026,0.003972,-0.026915,-0.061313,-0.008497,0.027709,0.018854,0.022133,0.006590,0.043111,0.021881,-0.065888,-0.073189,0.055674,-0.119587,0.032169,-0.074984,-0.007756,-0.017396,0.041878,0.063280,-0.002465,0.046834,-0.065838,-0.011027
0.357839,0.199055,0.007780,0.064938,0.403828,0.066754,0.116383,0.041568,-0.005935,0.069375,0.061832,0.200008,0.060217,0.114889,0.138537,0.215392,0.335057,0.172434,0.172776,0.117156,0.159950,0.127425,0.092920,0.043515,0.055043,-0.009678,-0.047818,0.077494,0.045668,0.067092,0.057145,0.074315,0.087777,1.000000,0.078830,0.084173,-0.009099,0.009876,0.008629,0.002673,0.017039,0.023512,-0.023938,0.001068,0.045041,0.067630,0.072985,0.068769,0.129847,0.018988,0.035773,0.120000,0.131811,0.204717,0.011666,0.077264,0.091032,0.025012,-0.012513,-0.073207,0.100644,-0.019294,0.032331,0.052491,-0.021344,-0.044432,0.011357,0.016890
0.042549,0.060664,-0.030076,0.158159,0.107191,0.131446,0.095124,0.109764,0.091175,0.137288,0.157152,0.115376,0.111184,0.129897,0.110713,0.103581,0.103557,0.119947,0.005774,0.103333,0.080294,0.005108,0.002485,-0.029073,0.050626,0.050810,0.000958,0.039694,-0.041101,0.025781,0.006792,-0.014379,-0.094448,0.078830,1.000000,0.328786,-0.037159,0.184333,0.119144,0.166720,0.098657,0.129001,0.112432,0.122073,0.162493,0.117242,0.140256,0.140768,0.125090,0.115704,0.083832,0.038172,0.066380,0.090114,-0.051340,-0.003765,0.092518,0.115126,0.064873,0.037263,0.020591,0.053879,0.077844,0.019301,0.041726,0.022825,-0.000183,0.303950
-0.081972,0.029990,0.067765,0.115962,0.114848,0.063983,0.002635,0.032917,0.061657,0.078270,0.050678,0.098703,0.045865,0.042905,0.025263,0.135014,0.076210,0.153585,-0.077205,0.044750,0.046254,0.052048,0.018258,0.081143,0.062298,0.051561,0.058161,0.062053,0.010774,0.059939,0.017163,-0.001382,-0.103933,0.084173,0.328786,1.000000,0.016654,0.079755,0.125179,0.101854,0.081381,0.045810,0.072612,0.081751,0.046856,0.018222,0.069636,0.028441,0.069934,0.141087,0.040648,0.081359,0.030815,0.074355,0.002086,-0.006577,0.062463,0.025009,-0.062809,-0.023304,0.031931,0.079158,0.054533,0.002071,0.057661,-0.074430,-0.002382,0.204753
0.033501,0.032390,-0.022143,0.028907,0.074888,0.022101,-0.039035,0.004212,-0.001453,0.001465,-0.028120,0.117406,0.003913,-0.019984,-0.056126,0.018578,0.090470,0.030034,0.002337,-0.048738,-0.003581,0.026897,0.011708,-0.003375,0.013214,-0.056570,-0.068116,-0.115969,-0.010916,-0.020066,-0.006945,0.037381,-0.008660,-0.009099,-0.037159,0.016654,1.000000,0.000207,0.025166,0.004779,0.013337,0.023379,0.025277,-0.000674,-0.005548,-0.005088,0.042933,0.020164,0.024569,-0.044772,-0.016252,0.049060,0.013936,0.025277,0.031279,0.034743,0.019976,-0.025447,0.029504,0.005467,-0.026099,-0.019189,0.038309,0.035715,0.030295,0.053728,0.070529,0.045724
0.089052,0.014589,-0.029538,0.596024,0.021271,0.212547,0.066139,0.264633,0.233838,0.165909,0.084985,0.136994,0.220820,0.112268,0.040118,0.029465,0.024228,0.039175,0.029179,0.055715,0.015856,-0.050839,0.109589,-0.065297,0.039813,0.066454,-0.008627,0.149816,0.021338,0.082449,-0.010538,0.019708,-0.090225,0.009876,0.184333,0.079755,0.000207,1.000000,0.122879,0.220380,0.205244,0.286375,0.133173,0.154129,0.168479,0.163744,0.289145,0.199707,0.115698,0.017580,0.109970,0.073813,0.061083,0.045962,0.028371,-0.004621,0.097790,0.047162,0.015625,-0.005933,-0.014495,0.057614,0.014727,0.030501,0.001619,-0.047629,-0.024352,0.214835
-0.037427,-0.003795,-0.024693,0.061573,0.026880,0.211557,0.042863,0.198491,0.160820,0.143684,0.007194,0.084006,0.173423,0.025697,0.033170,-0.057220,0.049491,0.097430,0.010266,0.012099,0.015765,-0.053934,0.040638,-0.025377,0.009542,0.024863,-0.019782,0.070356,0.086363,0.051864,0.084046,-0.083764,-0.050844,0.008629,0.119144,0.125179,0.025166,0.122879,1.000000,0.337757,0.418187,0.242496,0.332940,0.235044,0.053311,-0.043428,0.155248,0.078430,0.063537,0.093737,0.132474,0.098230,0.123613,0.050837,-0.006530,0.016684,0.161459,0.046110,0.080880,0.030812,0.042712,0.065902,0.120341,0.179799,0.012536,-0.100277,0.034956,0.522765
0.026844,0.011341,-0.083417,0.196378,0.112288,0.557092,0.201257,0.587247,0.586741,0.406338,0.199393,0.208099,0.483978,0.224787,0.213358,0.037848,0.091971,0.088182,0.063060,0.186936,-0.037192,-0.058378,0.079805,-0.026231,0.073832,-0.018834,-0.027626,0.084395,0.135608,0.110931,0.051405,-0.003365,-0.026576,0.002673,0.166720,0.101854,0.004779,0.220380,0.337757,1.000000,0.522846,0.718073,0.816441,0.546815,0.313507,0.171277,0.531168,0.362835,0.240742,0.221180,0.311736,0.148375,0.322857,0.154814,0.000214,-0.019712,0.095446,0.020106,0.100523,0.024625,-0.032867,0.020985,0.276546,0.308240,0.043152,-0.055914,-0.082493,0.462654
-0.008195,-0.028873,-0.031756,0.191055,0.083609,0.347775,0.162215,0.536356,0.348925,0.292745,0.122029,0.175099,0.433661,0.197197,0.191873,-0.000190,0.097286,0.088835,0.070718,0.147392,-0.049135,-0.086636,0.048522,-0.089513,0.015847,0.014955,-0.015152,0.052731,0.172061,0.083606,0.007607,-0.011710,-0.030829,0.017039,0.098657,0.081381,0.013337,0.205244,0.418187,0.522846,1.000000,0.580806,0.591010,0.412517,0.178020,0.109154,0.337899,0.231725,0.217957,0.060485,0.158072,0.183187,0.185096,0.161883,-0.015821,0.005431,0.145434,0.041713,0.017164,-0.023068,-0.029176,0.008704,0.133111,0.226185,0.007838,-0.088627,-0.010397,0.429419
0.031163,0.035214,-0.100686,0.284324,0.200047,0.712082,0.342548,0.942723,0.713557,0.648695,0.279744,0.368411,0.847242,0.439415,0.312928,0.089528,0.162329,0.063859,0.101346,0.262448,-0.106679,-0.084474,0.063239,-0.072597,0.014243,-0.073190,-0.077012,0.061271,0.143224,0.137806,0.037292,0.014610,-0.066682,0.023512,0.129001,0.045810,0.023379,0.286375,0.242496,0.718073,0.580806,1.000000,0.676032,0.702348,0.534324,0.253111,0.764751,0.636493,0.445307,0.176648,0.233799,0.226673,0.275353,0.330663,0.035588,0.049452,0.127159,0.086783,0.053240,0.027112,-0.022871,-0.009998,0.172271,0.212439,0.017526,-0.086172,-0.114386,0.367504
0.028710,-0.021723,-0.105580,0.146917,0.041585,0.433952,0.159726,0.573087,0.503580,0.348483,0.120306,0.182430,0.480265,0.183595,0.157572,0.020399,0.078179,0.067793,0.094554,0.119574,-0.121407,-0.089890,0.052310,-0.084874,0.017403,-0.080179,-0.049835,0.068338,0.138287,0.103837,0.024402,0.002661,-0.002732,-0.023938,0.112432,0.072612,0.025277,0.133173,0.332940,0.816441,0.591010,0.676032,1.000000,0.645279,0.226251,0.158469,0.431791,0.285962,0.192577,0.160757,0.313720,0.181564,0.353279,0.110136,-0.016739,-0.011760,0.122098,0.036155,0.147099,-0.000252,-0.028997,0.020726,0.314926,0.359098,0.012140,-0.066765,-0.103378,0.430569
0.016950,0.053663,-0.038537,0.149979,0.119919,0.488899,0.237597,0.666614,0.534864,0.619309,0.334287,0.293669,0.615763,0.440447,0.283549,0.083169,0.107440,0.100009,0.083175,0.247682,-0.076986,-0.045209,0.020782,-0.082736,-0.007743,-0.094264,-0.103636,0.089272,0.114380,0.112725,0.077323,0.013858,-0.037026,0.001068,0.122073,0.081751,-0.000674,0.154129,0.235044,0.546815,0.412517,0.702348,0.645279,1.000000,0.499438,0.178516,0.545668,0.540063,0.382262,0.254470,0.302928,0.341587,0.308016,0.283787,0.007945,0.010372,0.212741,0.124477,0.110340,0.018918,-0.004673,0.022634,0.227481,0.274139,-0.033688,-0.012558,-0.115680,0.411142
0.068511,0.103229,-0.040815,0.221592,0.207929,0.465209,0.248299,0.528637,0.442296,0.596519,0.585641,0.348519,0.570668,0.719762,0.505642,0.177488,0.204658,0.086622,0.111282,0.411141,0.064951,0.027651,0.122460,0.108704,0.072219,-0.040686,-0.093882,0.020130,0.039719,0.031399,0.017643,0.009904,0.003972,0.045041,0.162493,0.046856,-0.005548,0.168479,0.053311,0.313507,0.178020,0.534324,0.226251,0.499438,1.000000,0.190195,0.590050,0.917741,0.759694,0.220721,0.124193,0.145431,0.159806,0.566567,0.004524,-0.001340,0.084785,0.101438,0.077231,0.042415,0.013458,-0.037979,0.055732,0.087108,0.034250,0.068703,-0.089621,0.161579
0.095213,0.083510,-0.084915,0.197609,0.069787,0.221452,0.148415,0.256845,0.248469,0.219311,0.132557,0.236633,0.259024,0.186790,0.129786,0.026011,0.038438,0.072115,0.042186,0.101390,-0.029952,-0.029837,0.057349,-0.023805,0.077163,0.020206,-0.011338,0.042535,0.123181,-0.005397,0.011364,-0.004782,-0.026915,0.067630,0.117242,0.018222,-0.005088,0.163744,-0.043428,0.171277,0.109154,0.253111,0.158469,0.178516,0.190195,1.000000,0.335359,0.227203,0.195559,-0.005509,0.128686,0.130653,0.098995,0.125422,0.045276,0.033997,0.033403,-0.043166,0.050831,-0.026757,-0.011289,-0.073523,0.110610,0.079481,-0.027412,-0.003500,-0.033420,0.096679
0.029559,0.041195,-0.072209,0.239328,0.219384,0.590599,0.280446,0.704991,0.557516,0.555356,0.290085,0.361255,0.697486,0.428036,0.258967,0.121677,0.145745,0.081352,0.071442,0.208901,-0.091097,-0.093151,0.086674,-0.067562,0.076335,-0.049666,-0.096162,0.038197,0.105277,0.070581,0.008321,0.028963,-0.061313,0.072985,0.140256,0.069636,0.042933,0.289145,0.155248,0.531168,0.337899,0.764751,0.431791,0.545668,0.590050,0.335359,1.000000,0.717229,0.511553,0.148560,0.162369,0.200810,0.214310,0.344548,0.030546,0.026357,0.067429,0.054085,0.058496,0.044778,-0.014222,-0.033901,0.123709,0.136943,0.045945,-0.037643,-0.012226,0.291934
0.081504,0.101253,-0.068247,0.241903,0.229002,0.510628,0.286041,0.624981,0.493932,0.597577,0.459357,0.406823,0.664177,0.656574,0.469365,0.154521,0.200121,0.071382,0.129597,0.375887,0.010423,-0.044892,0.135141,0.035098,0.071568,-0.045484,-0.091756,0.024489,0.080409,0.055094,-0.007726,0.020560,-0.008497,0.068769,0.140768,0.028441,0.020164,0.199707,0.078430,0.362835,0.231725,0.636493,0.285962,0.540063,0.917741,0.227203,0.717229,1.000000,0.798100,0.182713,0.152422,0.161074,0.172054,0.582071,-0.010393,-0.000918,0.083627,0.083964,0.060675,0.023949,-0.018633,-0.027913,0.073528,0.089696,0.056751,0.034424,-0.060660,0.200333
0.114173,0.100633,0.003701,0.208311,0.225288,0.370899,0.196839,0.452348,0.336798,0.458386,0.431011,0.407413,0.523242,0.653318,0.642849,0.226370,0.190592,0.145604,0.131171,0.540231,0.047277,-0.005265,0.098163,0.083034,0.057154,-0.013356,-0.076642,-0.028733,0.008546,0.033041,0.039477,0.032042,0.027709,0.129847,0.125090,0.069934,0.024569,0.115698,0.063537,0.240742,0.217957,0.445307,0.192577,0.382262,0.759694,0.195559,0.511553,0.798100,1.000000,0.179518,0.103569,0.188067,0.191362,0.775889,-0.009803,0.002558,0.076559,0.114299,0.089356,0.060536,0.017338,0.009607,0.088820,0.134019,0.073807,0.070763,-0.006113,0.156716
-0.044992,0.042600,0.080740,0.036344,0.094322,0.229086,0.068873,0.165477,0.220784,0.225007,0.263385,0.095003,0.172247,0.246931,0.220227,0.108036,0.131925,0.051790,0.017101,0.210797,0.042371,0.043450,0.015415,0.065516,0.023694,0.016412,0.018987,-0.066599,0.000639,-0.005677,0.108399,0.031097,0.018854,0.018988,0.115704,0.141087,-0.044772,0.017580,0.093737,0.221180,0.060485,0.176648,0.160757,0.254470,0.220721,-0.005509,0.148560,0.182713,0.179518,1.000000,0.245712,0.110535,0.180442,0.139403,0.101183,0.111950,0.059320,0.025737,-0.027134,0.021698,0.005933,0.042401,0.028301,0.062396,0.036728,0.045961,-0.012405,0.137698
-0.009002,-0.006992,-0.032081,0.097064,0.016348,0.213162,0.107848,0.195119,0.230924,0.154888,0.096035,0.126979,0.190727,0.140047,0.148555,0.019079,0.156851,0.056005,0.026370,0.139936,-0.001780,-0.063084,0.027427,-0.045108,0.047787,0.058796,-0.024948,0.038950,0.143010,0.073395,0.080786,-0.025339,0.022133,0.035773,0.083832,0.040648,-0.016252,0.109970,0.132474,0.311736,0.158072,0.233799,0.313720,0.302928,0.124193,0.128686,0.162369,0.152422,0.103569,0.245712,1.000000,0.245526,0.371291,0.108523,0.059760,0.043874,0.127985,0.088952,0.109761,-0.012837,-0.012355,-0.010156,0.247328,0.297800,0.030824,0.041597,0.028286,0.264270
0.026944,0.063172,0.001720,0.106860,0.064792,0.143747,0.035107,0.200832,0.177852,0.214905,0.120556,0.153347,0.180821,0.178155,0.164197,0.122518,0.186932,0.514560,0.036016,0.251549,0.057335,0.070699,0.069625,-0.014097,-0.022073,-0.014023,-0.015278,-0.016415,0.123794,0.138547,0.132864,0.024520,0.006590,0.120000,0.038172,0.081359,0.049060,0.073813,0.098230,0.148375,0.183187,0.226673,0.181564,0.341587,0.145431,0.130653,0.200810,0.161074,0.188067,0.110535,0.245526,1.000000,0.511664,0.203925,0.108449,0.156793,0.317409,0.050988,0.132256,-0.023703,-0.015634,-0.031622,0.230184,0.275590,0.037912,0.074831,0.025354,0.207208
0.062077,0.064964,-0.056798,0.140620,0.011331,0.162786,0.069153,0.203814,0.157648,0.156619,0.116604,0.169786,0.186686,0.154036,0.143713,0.120287,0.140401,0.136643,0.102113,0.132508,0.042820,0.017969,0.043293,-0.019506,0.035879,0.013882,0.002358,-0.030864,0.094755,0.097500,0.041781,-0.053734,0.043111,0.131811,0.066380,0.030815,0.013936,0.061083,0.123613,0.322857,0.185096,0.275353,0.353279,0.308016,0.159806,0.098995,0.214310,0.172054,0.191362,0.180442,0.371291,0.511664,1.000000,0.172960,0.021286,0.085916,0.379812,0.045025,0.362982,-0.038502,0.013153,-0.025448,0.434106,0.415162,0.079461,0.023051,0.050252,0.308099
0.094431,0.087273,0.058778,0.164791,0.266928,0.307877,0.190998,0.358748,0.253149,0.372543,0.389068,0.388573,0.432737,0.595501,0.623835,0.278413,0.224637,0.222502,0.162793,0.600331,0.120447,0.061961,0.067805,0.020909,0.022569,0.029296,-0.026529,-0.068810,-0.008186,0.037370,0.036509,0.070718,0.021881,0.204717,0.090114,0.074355,0.025277,0.045962,0.050837,0.154814,0.161883,0.330663,0.110136,0.283787,0.566567,0.125422,0.344548,0.582071,0.775889,0.139403,0.108523,0.203925,0.172960,1.000000,0.067664,0.084488,0.122193,0.138175,0.107061,0.097438,-0.019190,-0.012479,0.138245,0.118599,0.068703,0.083070,0.045110,0.099872
-0.018086,-0.039253,0.020589,0.009228,-0.016122,0.007075,-0.009270,0.037680,0.049124,0.050767,-0.017936,0.047734,0.051719,-0.033735,0.028765,0.022524,0.080062,0.108208,-0.043070,0.054140,0.020489,0.095698,-0.001343,0.039064,-0.046129,-0.028253,-0.028926,-0.054210,-0.041189,0.004033,0.022064,0.056618,-0.065888,0.011666,-0.051340,0.002086,0.031279,0.028371,-0.006530,0.000214,-0.015821,0.035588,-0.016739,0.007945,0.004524,0.045276,0.030546,-0.010393,-0.009803,0.101183,0.059760,0.108449,0.021286,0.067664,1.000000,0.793822,0.078062,0.121849,0.032783,0.013503,0.079111,-0.019033,-0.007916,0.048631,-0.058059,0.061565,-0.009152,-0.039371
-0.052339,-0.012312,-0.015028,-0.032914,0.012946,0.035217,0.013559,0.057310,0.053127,0.070290,-0.007019,0.045533,0.063467,-0.022009,0.025965,0.083298,0.148711,0.167430,0.024908,0.048482,0.109710,0.187745,0.003441,0.101112,-0.067618,0.004172,-0.003363,-0.033834,-0.019138,-0.001955,0.074109,-0.000844,-0.073189,0.077264,-0.003765,-0.006577,0.034743,-0.004621,0.016684,-0.019712,0.005431,0.049452,-0.011760,0.010372,-0.001340,0.033997,0.026357,-0.000918,0.002558,0.111950,0.043874,0.156793,0.085916,0.084488,0.793822,1.000000,0.161328,0.153136,0.063849,0.029594,0.040319,-0.061810,-0.020540,0.043291,-0.026555,0.074397,-0.012787,-0.003429
0.010018,0.006151,0.018759,0.088223,0.005517,0.043458,0.039518,0.085929,0.047052,0.122143,-0.019357,-0.003314,0.053248,0.008820,0.093454,0.035820,0.027732,0.166686,0.091017,0.097943,0.087104,0.128491,0.029577,0.024316,-0.088118,0.020373,-0.009974,-0.000964,0.016286,0.044994,0.046776,-0.033709,0.055674,0.091032,0.092518,0.062463,0.019976,0.097790,0.161459,0.095446,0.145434,0.127159,0.122098,0.212741,0.084785,0.033403,0.067429,0.083627,0.076559,0.059320,0.127985,0.317409,0.379812,0.122193,0.078062,0.161328,1.000000,0.050122,0.311893,0.020184,0.014753,-0.049986,0.222738,0.172141,0.023361,-0.076146,-0.021455,0.285086
-0.007199,0.078423,-0.053784,0.015344,0.044346,0.037903,0.005602,0.106424,0.017100,0.063166,0.071620,0.070435,0.116301,0.103096,0.141692,-0.014900,-0.018503,0.009100,0.051765,0.135563,0.022446,0.038763,-0.030251,-0.017752,-0.054715,0.004293,-0.019838,0.009300,-0.002423,0.004463,0.001660,0.000844,-0.119587,0.025012,0.115126,0.025009,-0.025447,0.047162,0.046110,0.020106,0.041713,0.086783,0.036155,0.124477,0.101438,-0.043166,0.054085,0.083964,0.114299,0.025737,0.088952,0.050988,0.045025,0.138175,0.121849,0.153136,0.050122,1.000000,0.032824,0.006020,0.012104,0.002226,-0.035285,0.036296,-0.028663,0.059431,-0.029260,0.090249
0.024710,-0.054428,0.010031,0.073131,-0.117663,-0.017955,-0.106669,-0.000412,-0.032668,0.043530,0.051991,0.004784,0.020838,0.030002,0.038101,-0.013011,-0.012245,0.063099,0.004290,0.044871,0.053223,0.022040,0.020203,0.056443,-0.001273,0.071194,-0.021286,-0.026317,-0.072404,-0.061822,-0.084215,-0.050906,0.032169,-0.012513,0.064873,-0.062809,0.029504,0.015625,0.080880,0.100523,0.017164,0.053240,0.147099,0.110340,0.077231,0.050831,0.058496,0.060675,0.089356,-0.027134,0.109761,0.132256,0.362982,0.107061,0.032783,0.063849,0.311893,0.032824,1.000000,0.063722,-0.015472,-0.029560,0.365157,0.207773,0.043667,-0.005542,0.061066,0.179746
-0.011106,-0.017839,-0.069003,0.032046,-0.074278,0.031640,0.009786,0.014370,0.039313,0.059186,0.085735,-0.044991,-0.009563,0.074466,0.053039,0.102103,-0.023425,0.042472,0.017633,0.093433,0.035281,0.072944,-0.068914,0.054906,-0.030544,0.030023,0.007765,-0.034257,-0.016254,-0.018947,0.010575,-0.020147,-0.074984,-0.073207,0.037263,-0.023304,0.005467,-0.005933,0.030812,0.024625,-0.023068,0.027112,-0.000252,0.018918,0.042415,-0.026757,0.044778,0.023949,0.060536,0.021698,-0.012837,-0.023703,-0.038502,0.097438,0.013503,0.029594,0.020184,0.006020,0.063722,1.000000,0.120799,0.022585,0.028042,-0.001433,0.006376,0.075006,0.058580,0.087735
0.039757,0.014323,-0.059307,0.016788,0.070863,-0.001637,0.044769,-0.024462,-0.002823,0.007708,-0.012047,0.047993,0.012356,-0.032783,0.006197,-0.015854,0.002311,-0.030572,0.076842,-0.033669,0.019388,0.041224,-0.043406,0.153911,-0.047358,0.038114,0.043470,0.061970,-0.004576,0.051284,0.079392,0.000264,-0.007756,0.100644,0.020591,0.031931,-0.026099,-0.014495,0.042712,-0.032867,-0.029176,-0.022871,-0.028997,-0.004673,0.013458,-0.011289,-0.014222,-0.018633,0.017338,0.005933,-0.012355,-0.015634,0.013153,-0.019190,0.079111,0.040319,0.014753,0.012104,-0.015472,0.120799,1.000000,0.047669,0.041468,0.069370,-0.051130,0.033908,0.007134,0.033091
-0.025073,-0.014858,0.029166,0.049926,-0.038281,0.016303,-0.094040,-0.004330,0.037054,-0.015588,-0.015343,0.008889,0.000869,-0.023671,-0.043011,0.003128,-0.114837,-0.107019,-0.003625,-0.048560,-0.034446,0.012248,0.033815,-0.048319,0.038678,0.054088,0.093616,-0.011829,0.001844,-0.049132,0.016597,-0.032418,-0.017396,-0.019294,0.053879,0.079158,-0.019189,0.057614,0.065902,0.020985,0.008704,-0.009998,0.020726,0.022634,-0.037979,-0.073523,-0.033901,-0.027913,0.009607,0.042401,-0.010156,-0.031622,-0.025448,-0.012479,-0.019033,-0.061810,-0.049986,0.002226,-0.029560,0.022585,0.047669,1.000000,-0.033540,-0.055897,-0.082285,-0.026766,-0.001298,0.137656
0.040711,-0.041459,-0.063184,0.035452,-0.034945,0.078099,-0.000295,0.104726,0.093254,0.095312,0.069898,0.041095,0.084000,0.103751,0.118414,0.058705,0.094324,0.054426,0.001624,0.146180,-0.009351,0.013565,-0.074820,-0.014743,-0.092528,0.005639,-0.041518,0.035623,-0.001948,0.018855,0.002538,-0.088894,0.041878,0.032331,0.077844,0.054533,0.038309,0.014727,0.120341,0.276546,0.133111,0.172271,0.314926,0.227481,0.055732,0.110610,0.123709,0.073528,0.088820,0.028301,0.247328,0.230184,0.434106,0.138245,-0.007916,-0.020540,0.222738,-0.035285,0.365157,0.028042,0.041468,-0.033540,1.000000,0.516380,0.087382,0.011324,0.032539,0.226982
