1.000000,0.992412,0.968824,0.993481,0.992331,0.986264,0.989487,0.990287,0.977146,0.979036,0.989581,0.991175,0.990303,0.990144,0.988587,0.936300,0.882847,0.941344,0.883003,0.989887,0.987575,0.988752,0.951367,0.982901,0.925150,0.973021,0.980698,0.990166,0.713674,0.711603,0.780815,0.841883,0.361486,0.994485,0.989358,0.984988,0.971677,0.991910,0.987626,0.988670,0.990019,0.989967,0.988030,0.982234,0.988586,0.990462,0.989434,0.990183,0.988580,0.986187,0.987934,0.987057,0.988442,0.988971,0.984588,0.985724,0.986568,0.984841,0.984361,0.982306,0.984181,0.986170,0.988168,0.988736,0.986862,0.984869,-0.009377,0.989632
0.992412,1.000000,0.965550,0.990675,0.989911,0.987149,0.991569,0.991112,0.980699,0.978816,0.988862,0.991071,0.990668,0.989201,0.986697,0.935258,0.883981,0.928053,0.888623,0.986655,0.985736,0.987104,0.953333,0.981969,0.929226,0.973893,0.978992,0.985568,0.730959,0.725120,0.782966,0.815865,0.348091,0.988347,0.989417,0.985217,0.968817,0.989859,0.988249,0.988914,0.991013,0.990417,0.988614,0.983416,0.988360,0.990251,0.989610,0.989831,0.987476,0.986596,0.987858,0.983240,0.986868,0.987491,0.983427,0.984227,0.985241,0.983048,0.983875,0.981814,0.983687,0.985636,0.987826,0.988266,0.986705,0.983453,-0.010362,0.989422
0.968824,0.965550,1.000000,0.969259,0.964676,0.960266,0.965912,0.968069,0.952867,0.955454,0.968254,0.967591,0.968495,0.968076,0.963962,0.916380,0.859038,0.910355,0.860099,0.964638,0.963733,0.963247,0.924975,0.958893,0.901820,0.947660,0.953837,0.962368,0.698907,0.692014,0.749494,0.806139,0.341253,0.966646,0.966895,0.964588,0.968416,0.969640,0.965948,0.966665,0.967657,0.968334,0.966007,0.962357,0.966644,0.968424,0.968020,0.968598,0.966134,0.962895,0.963179,0.960362,0.966180,0.966450,0.963276,0.963025,0.963334,0.961275,0.961747,0.957829,0.961862,0.964524,0.966190,0.966399,0.962706,0.960322,-0.011864,0.967582
0.993481,0.990675,0.969259,1.000000,0.987915,0.985092,0.989088,0.991408,0.976751,0.974783,0.991676,0.994831,0.992816,0.992055,0.990339,0.927597,0.870181,0.928292,0.876574,0.990365,0.987793,0.988508,0.949243,0.983829,0.923918,0.975655,0.982229,0.988313,0.712834,0.702881,0.764140,0.818390,0.367184,0.987392,0.993580,0.988684,0.975644,0.997553,0.990963,0.991022,0.992673,0.992038,0.989500,0.981988,0.989949,0.994272,0.992265,0.992540,0.991531,0.988315,0.990692,0.987510,0.990964,0.991492,0.988189,0.989022,0.989453,0.988408,0.988273,0.986292,0.988864,0.989803,0.991401,0.991661,0.990402,0.987957,-0.007462,0.992388
0.992331,0.989911,0.964676,0.987915,1.000000,0.987969,0.989857,0.989412,0.979596,0.982687,0.985367,0.987878,0.987933,0.985508,0.981944,0.950495,0.904933,0.933177,0.892704,0.982268,0.980725,0.982453,0.949616,0.976867,0.925155,0.967846,0.974225,0.984902,0.727863,0.728253,0.801781,0.821677,0.342437,0.993669,0.985025,0.981839,0.963598,0.987255,0.986056,0.987470,0.988089,0.988138,0.986993,0.983685,0.986766,0.986624,0.985951,0.986598,0.982541,0.985297,0.985647,0.979675,0.982891,0.982672,0.977429,0.978094,0.979685,0.977743,0.979516,0.976203,0.978286,0.980784,0.984439,0.984894,0.983576,0.980836,-0.003798,0.986119
0.986264,0.987149,0.960266,0.985092,0.987969,1.000000,0.995556,0.995744,0.995524,0.989144,0.990306,0.990713,0.993209,0.990347,0.985129,0.949122,0.908754,0.923428,0.921561,0.983205,0.984843,0.986564,0.968312,0.985812,0.950315,0.980477,0.981384,0.986090,0.776066,0.774524,0.803383,0.781355,0.303663,0.986970,0.987318,0.983977,0.966256,0.986122,0.989242,0.992526,0.992219,0.994412,0.993729,0.990627,0.991767,0.989664,0.991035,0.990968,0.985718,0.989409,0.987456,0.978173,0.985536,0.985567,0.982067,0.982451,0.982559,0.982315,0.982656,0.981214,0.982281,0.984753,0.988289,0.988389,0.986538,0.982906,-0.010124,0.990072
0.989487,0.991569,0.965912,0.989088,0.989857,0.995556,1.000000,0.996527,0.992899,0.985859,0.992328,0.993633,0.995000,0.992760,0.988587,0.941376,0.897255,0.922753,0.913318,0.986570,0.987713,0.989288,0.966507,0.988309,0.947740,0.982558,0.983758,0.987988,0.767926,0.763204,0.791821,0.788922,0.317976,0.987534,0.990847,0.987237,0.970168,0.990081,0.991958,0.994402,0.995046,0.995826,0.994707,0.989839,0.992652,0.992654,0.993399,0.993267,0.989493,0.991240,0.990142,0.981864,0.988488,0.988905,0.985774,0.986228,0.986499,0.985786,0.986226,0.984494,0.985655,0.987962,0.990691,0.991117,0.989613,0.986017,-0.007530,0.992468
0.990287,0.991112,0.968069,0.991408,0.989412,0.995744,0.996527,1.000000,0.991635,0.989193,0.996738,0.996475,0.998439,0.996722,0.991071,0.944286,0.893408,0.922776,0.903213,0.989426,0.989747,0.990602,0.962393,0.988767,0.942950,0.983126,0.985668,0.989787,0.750776,0.746186,0.783348,0.788560,0.326720,0.988824,0.994581,0.990005,0.974037,0.993238,0.994794,0.997307,0.996841,0.999119,0.997603,0.994197,0.997019,0.996053,0.997167,0.997026,0.992798,0.993749,0.992885,0.984532,0.992114,0.992397,0.989352,0.989891,0.989449,0.989187,0.989532,0.987205,0.989572,0.991888,0.994535,0.994627,0.992662,0.988987,-0.009853,0.996256
0.977146,0.980699,0.952867,0.976751,0.979596,0.995524,0.992899,0.991635,1.000000,0.986415,0.985892,0.985291,0.988937,0.986162,0.980932,0.941721,0.905711,0.915545,0.937109,0.977615,0.981123,0.983013,0.975475,0.984820,0.962469,0.981626,0.979441,0.980909,0.807300,0.801091,0.797465,0.758432,0.279508,0.978209,0.981704,0.977944,0.961254,0.978510,0.984361,0.988337,0.987517,0.990434,0.990193,0.987063,0.987048,0.984379,0.986847,0.986269,0.981131,0.984238,0.982009,0.970710,0.979804,0.980338,0.977103,0.977834,0.977335,0.977814,0.977876,0.976172,0.976666,0.979256,0.983455,0.983415,0.980870,0.976447,-0.009387,0.985007
0.979036,0.978816,0.955454,0.974783,0.982687,0.989144,0.985859,0.989193,0.986415,1.000000,0.984204,0.981360,0.984762,0.983029,0.973605,0.970253,0.926146,0.926023,0.911089,0.973148,0.973964,0.975301,0.953219,0.973007,0.933261,0.965926,0.969370,0.977463,0.750930,0.760936,0.813267,0.782241,0.301954,0.986063,0.978437,0.975277,0.960018,0.976638,0.980154,0.985617,0.983424,0.987618,0.988257,0.993637,0.988279,0.980553,0.982988,0.983663,0.975937,0.983697,0.979504,0.967854,0.976776,0.975269,0.970723,0.971140,0.971326,0.970268,0.972245,0.968751,0.971907,0.975452,0.980142,0.980396,0.976859,0.972169,-0.013690,0.982565
0.989581,0.988862,0.968254,0.991676,0.985367,0.990306,0.992328,0.996738,0.985892,0.984204,1.000000,0.996357,0.997767,0.999226,0.995247,0.934245,0.876691,0.924573,0.891381,0.994226,0.993221,0.993122,0.960479,0.990663,0.940305,0.985589,0.989208,0.990919,0.735536,0.726924,0.764860,0.794551,0.347836,0.986112,0.995990,0.990395,0.974883,0.993961,0.994643,0.996217,0.994886,0.997275,0.996125,0.991638,0.997069,0.997165,0.998001,0.998329,0.996709,0.993142,0.993909,0.988213,0.994760,0.995904,0.993969,0.994523,0.993900,0.993617,0.992846,0.990851,0.993447,0.994904,0.996270,0.996383,0.993637,0.990693,-0.009430,0.997408
0.991175,0.991071,0.967591,0.994831,0.987878,0.990713,0.993633,0.996475,0.985291,0.981360,0.996357,1.000000,0.997754,0.996749,0.993481,0.932288,0.876524,0.922791,0.891008,0.992047,0.990983,0.991594,0.958481,0.988774,0.937689,0.983191,0.987246,0.989539,0.737807,0.728360,0.766959,0.798993,0.346921,0.986615,0.995925,0.990662,0.974706,0.995735,0.995240,0.995939,0.996244,0.996933,0.995313,0.988898,0.995112,0.997141,0.997000,0.996847,0.994842,0.992546,0.993707,0.987442,0.993451,0.994130,0.992003,0.992559,0.992473,0.992277,0.992037,0.990257,0.992426,0.993885,0.995521,0.995716,0.993921,0.990938,-0.010104,0.996573
0.990303,0.990668,0.968495,0.992816,0.987933,0.993209,0.995000,0.998439,0.988937,0.984762,0.997767,0.997754,1.000000,0.998221,0.994075,0.935818,0.881960,0.923491,0.897655,0.992425,0.992230,0.992696,0.962659,0.990519,0.942563,0.985300,0.988224,0.990313,0.745784,0.737104,0.772238,0.792628,0.338157,0.987103,0.996097,0.991123,0.974827,0.994501,0.995579,0.997310,0.996712,0.998639,0.996989,0.991650,0.996818,0.997456,0.998308,0.998016,0.995521,0.993353,0.993760,0.987324,0.994153,0.994901,0.992756,0.993228,0.992660,0.992695,0.992565,0.990195,0.992543,0.994277,0.996242,0.996301,0.993954,0.990792,-0.009555,0.997371
0.990144,0.989201,0.968076,0.992055,0.985508,0.990347,0.992760,0.996722,0.986162,0.983029,0.999226,0.996749,0.998221,1.000000,0.996441,0.931927,0.874109,0.925527,0.891700,0.995392,0.994272,0.994212,0.961936,0.991792,0.941653,0.986937,0.990505,0.991270,0.736527,0.727469,0.762971,0.796111,0.347192,0.986063,0.996331,0.990558,0.974860,0.994327,0.994885,0.996175,0.995220,0.997382,0.995906,0.990491,0.997037,0.997514,0.998282,0.998731,0.997408,0.992704,0.993957,0.989133,0.995293,0.996697,0.995092,0.995645,0.994492,0.994705,0.993415,0.991564,0.993967,0.995207,0.996769,0.996717,0.994054,0.991351,-0.010829,0.997556
0.988587,0.986697,0.963962,0.990339,0.981944,0.985129,0.988587,0.991071,0.980932,0.973605,0.995247,0.993481,0.994075,0.996441,1.000000,0.916367,0.857863,0.929312,0.887781,0.998142,0.995357,0.995672,0.963155,0.993474,0.942163,0.989030,0.991811,0.990313,0.734843,0.721261,0.749296,0.805919,0.359649,0.981447,0.993008,0.986377,0.970860,0.991858,0.991217,0.990753,0.990869,0.991624,0.990050,0.981338,0.991000,0.993901,0.994090,0.995064,0.997309,0.987800,0.990250,0.990585,0.993764,0.996601,0.995630,0.996480,0.994793,0.994877,0.992230,0.991510,0.992683,0.992785,0.993802,0.993552,0.990538,0.989517,-0.012565,0.993614
0.936300,0.935258,0.916380,0.927597,0.950495,0.949122,0.941376,0.944286,0.941721,0.970253,0.934245,0.932288,0.935818,0.931927,0.916367,1.000000,0.967691,0.896969,0.883369,0.917225,0.916694,0.919513,0.901981,0.914783,0.879086,0.904801,0.910539,0.928263,0.710136,0.736205,0.849946,0.756815,0.277627,0.956318,0.929220,0.928293,0.913264,0.928566,0.932583,0.940636,0.937653,0.941758,0.943418,0.957128,0.944341,0.930323,0.932942,0.934582,0.920966,0.941889,0.933314,0.914456,0.924728,0.920943,0.912912,0.913238,0.914560,0.912440,0.917805,0.913434,0.918144,0.923505,0.929496,0.930369,0.929081,0.923313,-0.005011,0.933696
0.882847,0.883981,0.859038,0.870181,0.904933,0.908754,0.897255,0.893408,0.905711,0.926146,0.876691,0.876524,0.881960,0.874109,0.857863,0.967691,1.000000,0.856973,0.904307,0.857070,0.858388,0.863527,0.876244,0.862250,0.860126,0.852900,0.854305,0.874306,0.752802,0.801321,0.915552,0.707251,0.214545,0.909472,0.871028,0.873446,0.859881,0.869864,0.877287,0.887114,0.883839,0.889349,0.891134,0.906175,0.889284,0.873617,0.877660,0.878305,0.862308,0.888860,0.878665,0.855194,0.865469,0.862547,0.852068,0.852718,0.854248,0.853798,0.858632,0.856750,0.858908,0.864260,0.872126,0.874213,0.873346,0.864929,-0.007156,0.876758
0.941344,0.928053,0.910355,0.928292,0.933177,0.923428,0.922753,0.922776,0.915545,0.926023,0.924573,0.922791,0.923491,0.925527,0.929312,0.896969,0.856973,1.000000,0.877614,0.936924,0.932233,0.933753,0.920070,0.923296,0.883304,0.903903,0.914245,0.931159,0.679105,0.709252,0.768691,0.914519,0.352897,0.946886,0.920591,0.917643,0.913584,0.925180,0.919067,0.920128,0.921718,0.921560,0.920525,0.917366,0.923214,0.921538,0.922061,0.924128,0.924896,0.919531,0.920079,0.935508,0.926548,0.926663,0.921137,0.924007,0.922642,0.920349,0.918486,0.916573,0.917596,0.918847,0.921300,0.922866,0.918015,0.917091,-0.030062,0.922796
0.883003,0.888623,0.860099,0.876574,0.892704,0.921561,0.913318,0.903213,0.937109,0.911089,0.891381,0.891008,0.897655,0.891700,0.887781,0.883369,0.904307,0.877614,1.000000,0.882257,0.892454,0.897015,0.958549,0.905273,0.961778,0.904376,0.893593,0.893960,0.918380,0.929638,0.825499,0.690207,0.142231,0.895676,0.882796,0.883518,0.871188,0.877498,0.891108,0.896977,0.895010,0.900288,0.900875,0.898700,0.893591,0.887564,0.893362,0.891382,0.884590,0.892462,0.886447,0.874577,0.883336,0.883299,0.878641,0.880829,0.881420,0.882836,0.881697,0.881950,0.877157,0.881948,0.887275,0.888556,0.885931,0.879066,-0.020574,0.889522
0.989887,0.986655,0.964638,0.990365,0.982268,0.983205,0.986570,0.989426,0.977615,0.973148,0.994226,0.992047,0.992425,0.995392,0.998142,0.917225,0.857070,0.936924,0.882257,1.000000,0.995356,0.995408,0.959036,0.991535,0.935822,0.984633,0.989314,0.990361,0.721309,0.711191,0.749724,0.819574,0.371026,0.983156,0.991943,0.985611,0.971610,0.991473,0.989648,0.989029,0.989115,0.989913,0.988309,0.980263,0.989974,0.992738,0.992573,0.993911,0.996129,0.986809,0.989539,0.992285,0.993817,0.995851,0.994755,0.995729,0.993720,0.993439,0.991145,0.989963,0.991088,0.991316,0.992761,0.992772,0.989320,0.988636,-0.015207,0.992431
0.987575,0.985736,0.963733,0.987793,0.980725,0.984843,0.987713,0.989747,0.981123,0.973964,0.993221,0.990983,0.992230,0.994272,0.995357,0.916694,0.858388,0.932233,0.892454,0.995356,1.000000,0.998109,0.965869,0.994817,0.944853,0.987547,0.990699,0.989880,0.740548,0.729207,0.749509,0.808278,0.345043,0.981583,0.990335,0.984644,0.969989,0.988959,0.989308,0.989131,0.988969,0.990068,0.988744,0.980989,0.989622,0.991239,0.992109,0.992726,0.994046,0.984930,0.987096,0.987895,0.991489,0.993736,0.993062,0.994465,0.992000,0.992370,0.989325,0.987661,0.989194,0.990001,0.991503,0.991416,0.987859,0.985787,-0.012533,0.991369
0.988752,0.987104,0.963247,0.988508,0.982453,0.986564,0.989288,0.990602,0.983013,0.975301,0.993122,0.991594,0.992696,0.994212,0.995672,0.919513,0.863527,0.933753,0.897015,0.995408,0.998109,1.000000,0.968103,0.996013,0.947173,0.988730,0.991306,0.990936,0.745842,0.734533,0.754969,0.808823,0.346821,0.983049,0.990220,0.984914,0.968587,0.989241,0.989453,0.989471,0.989539,0.990549,0.989239,0.981462,0.989310,0.991467,0.992430,0.992686,0.993939,0.985925,0.987431,0.987704,0.991352,0.993398,0.992911,0.994325,0.991909,0.991999,0.989531,0.987962,0.988844,0.989606,0.991661,0.991332,0.988147,0.985857,-0.012930,0.991220
0.951367,0.953333,0.924975,0.949243,0.949616,0.968312,0.966507,0.962393,0.975475,0.953219,0.960479,0.958481,0.962659,0.961936,0.963155,0.901981,0.876244,0.920070,0.958549,0.959036,0.965869,0.968103,1.000000,0.972852,0.989399,0.972484,0.965974,0.961303,0.858202,0.836376,0.772187,0.760169,0.260038,0.952592,0.954589,0.950813,0.935560,0.950464,0.957502,0.959451,0.958672,0.961577,0.960529,0.952604,0.957307,0.957689,0.960930,0.959854,0.959168,0.954805,0.953021,0.949084,0.955609,0.957698,0.957414,0.959152,0.956738,0.959216,0.955581,0.955225,0.952028,0.954401,0.956979,0.956807,0.954155,0.950239,-0.012405,0.957706
0.982901,0.981969,0.958893,0.983829,0.976867,0.985812,0.988309,0.988767,0.984820,0.973007,0.990663,0.988774,0.990519,0.991792,0.993474,0.914783,0.862250,0.923296,0.905273,0.991535,0.994817,0.996013,0.972852,1.000000,0.956401,0.991034,0.991049,0.988314,0.767138,0.751580,0.753703,0.787397,0.329820,0.976895,0.986919,0.982083,0.964427,0.985104,0.986830,0.987726,0.986954,0.988818,0.987421,0.979093,0.986546,0.988698,0.990229,0.990189,0.991364,0.983074,0.984683,0.983083,0.988170,0.990254,0.990589,0.992257,0.989257,0.990808,0.986848,0.986139,0.985767,0.986971,0.988702,0.988589,0.985558,0.983026,-0.010091,0.988676
0.925150,0.929226,0.901820,0.923918,0.925155,0.950315,0.947740,0.942950,0.962469,0.933261,0.940305,0.937689,0.942563,0.941653,0.942163,0.879086,0.860126,0.883304,0.961778,0.935822,0.944853,0.947173,0.989399,0.956401,1.000000,0.962525,0.952133,0.942329,0.897322,0.860446,0.758046,0.703792,0.226150,0.926413,0.933383,0.929415,0.913901,0.926843,0.936493,0.939278,0.938051,0.942213,0.941048,0.933027,0.936750,0.936878,0.941020,0.939254,0.938446,0.933662,0.930522,0.923361,0.932515,0.936476,0.936660,0.938314,0.935469,0.939204,0.933838,0.934077,0.930428,0.933665,0.936066,0.934631,0.932765,0.928341,-0.013804,0.936684
0.973021,0.973893,0.947660,0.975655,0.967846,0.980477,0.982558,0.983126,0.981626,0.965926,0.985589,0.983191,0.985300,0.986937,0.989030,0.904801,0.852900,0.903903,0.904376,0.984633,0.987547,0.988730,0.972484,0.991034,0.962525,1.000000,0.994016,0.984336,0.782154,0.757961,0.739750,0.753221,0.316953,0.965321,0.981413,0.975063,0.955539,0.977681,0.981101,0.982442,0.981442,0.983806,0.982600,0.973439,0.980731,0.982886,0.984845,0.984655,0.986256,0.977571,0.977704,0.974086,0.981044,0.984815,0.985176,0.986079,0.982986,0.985301,0.981787,0.981710,0.981292,0.982176,0.983320,0.982373,0.980248,0.976724,-0.009356,0.982839
0.980698,0.978992,0.953837,0.982229,0.974225,0.981384,0.983758,0.985668,0.979441,0.969370,0.989208,0.987246,0.988224,0.990505,0.991811,0.910539,0.854305,0.914245,0.893593,0.989314,0.990699,0.991306,0.965974,0.991049,0.952133,0.994016,1.000000,0.991876,0.755516,0.737017,0.743553,0.775943,0.341642,0.973049,0.985732,0.979620,0.960537,0.983392,0.984547,0.985509,0.984521,0.986616,0.984935,0.976365,0.984772,0.987553,0.988430,0.988282,0.990033,0.980586,0.982431,0.979850,0.985390,0.988881,0.988503,0.989670,0.987504,0.988710,0.985422,0.984861,0.985386,0.986125,0.987167,0.985946,0.984166,0.981306,-0.008145,0.986709
0.990166,0.985568,0.962368,0.988313,0.984902,0.986090,0.987988,0.989787,0.980909,0.977463,0.990919,0.989539,0.990313,0.991270,0.990313,0.928263,0.874306,0.931159,0.893960,0.990361,0.989880,0.990936,0.961303,0.988314,0.942329,0.984336,0.991876,1.000000,0.739160,0.731429,0.767681,0.809225,0.347245,0.985769,0.988232,0.983412,0.967675,0.988295,0.986976,0.988587,0.988146,0.989648,0.987916,0.981559,0.988608,0.989594,0.989926,0.990422,0.989958,0.985181,0.986207,0.983843,0.987478,0.989775,0.986941,0.988182,0.987737,0.987463,0.985435,0.983709,0.985179,0.986008,0.988377,0.987950,0.986101,0.983964,-0.003466,0.988763
0.713674,0.730959,0.698907,0.712834,0.727863,0.776066,0.767926,0.750776,0.807300,0.750930,0.735536,0.737807,0.745784,0.736527,0.734843,0.710136,0.752802,0.679105,0.918380,0.721309,0.740548,0.745842,0.858202,0.767138,0.897322,0.782154,0.755516,0.739160,1.000000,0.935949,0.685691,0.459619,0.013362,0.721736,0.725447,0.728765,0.714292,0.715950,0.737963,0.743711,0.742005,0.747960,0.749443,0.741697,0.734814,0.732606,0.740418,0.735338,0.729265,0.737739,0.728454,0.706795,0.722659,0.725079,0.724623,0.726739,0.726401,0.732047,0.727684,0.730034,0.718843,0.726053,0.730895,0.730798,0.730225,0.721834,-0.005576,0.733200
0.711603,0.725120,0.692014,0.702881,0.728253,0.774524,0.763204,0.746186,0.801091,0.760936,0.726924,0.728360,0.737104,0.727469,0.721261,0.736205,0.801321,0.709252,0.929638,0.711191,0.729207,0.734533,0.836376,0.751580,0.860446,0.757961,0.737017,0.731429,0.935949,1.000000,0.763299,0.508525,-0.020743,0.728610,0.714714,0.719796,0.709851,0.705946,0.727609,0.737452,0.733617,0.741621,0.744287,0.744319,0.731169,0.721315,0.730080,0.726981,0.716209,0.732959,0.720562,0.698666,0.713663,0.713871,0.710582,0.712372,0.713276,0.716614,0.714672,0.716127,0.707295,0.714324,0.721563,0.722929,0.721840,0.711772,-0.019603,0.725046
0.780815,0.782966,0.749494,0.764140,0.801781,0.803383,0.791821,0.783348,0.797465,0.813267,0.764860,0.766959,0.772238,0.762971,0.749296,0.849946,0.915552,0.768691,0.825499,0.749724,0.749509,0.754969,0.772187,0.753703,0.758046,0.739750,0.743553,0.767681,0.685691,0.763299,1.000000,0.662037,0.214997,0.805718,0.760844,0.765703,0.751351,0.761213,0.764383,0.773676,0.772424,0.778406,0.778783,0.789807,0.777576,0.764767,0.767279,0.767957,0.754119,0.777272,0.768115,0.752921,0.756472,0.753972,0.743268,0.743151,0.747447,0.746508,0.750247,0.750527,0.750683,0.753870,0.762131,0.762580,0.764336,0.753760,-0.037000,0.768963
0.841883,0.815865,0.806139,0.818390,0.821677,0.781355,0.788922,0.788560,0.758432,0.782241,0.794551,0.798993,0.792628,0.796111,0.805919,0.756815,0.707251,0.914519,0.690207,0.819574,0.808278,0.808823,0.760169,0.787397,0.703792,0.753221,0.775943,0.809225,0.459619,0.508525,0.662037,1.000000,0.383376,0.843399,0.797620,0.796562,0.798937,0.808530,0.791503,0.785790,0.792504,0.787002,0.782858,0.773831,0.789211,0.795846,0.791341,0.795222,0.801614,0.787667,0.794534,0.830561,0.808382,0.805114,0.796807,0.799966,0.803312,0.795520,0.794217,0.790522,0.792218,0.792849,0.794740,0.797360,0.792035,0.796560,-0.037637,0.796228
0.361486,0.348091,0.341253,0.367184,0.342437,0.303663,0.317976,0.326720,0.279508,0.301954,0.347836,0.346921,0.338157,0.347192,0.359649,0.277627,0.214545,0.352897,0.142231,0.371026,0.345043,0.346821,0.260038,0.329820,0.226150,0.316953,0.341642,0.347245,0.013362,-0.020743,0.214997,0.383376,1.000000,0.347308,0.357745,0.346893,0.342093,0.365386,0.340923,0.334227,0.332749,0.330767,0.325083,0.316795,0.337704,0.350878,0.341080,0.348677,0.362395,0.335185,0.344394,0.375917,0.358740,0.360034,0.364088,0.364589,0.359308,0.357656,0.353669,0.351680,0.362487,0.350896,0.348555,0.344537,0.346136,0.351915,-0.061115,0.350233
0.994485,0.988347,0.966646,0.987392,0.993669,0.986970,0.987534,0.988824,0.978209,0.986063,0.986112,0.986615,0.987103,0.986063,0.981447,0.956318,0.909472,0.946886,0.895676,0.983156,0.981583,0.983049,0.952592,0.976895,0.926413,0.965321,0.973049,0.985769,0.721736,0.728610,0.805718,0.843399,0.347308,1.000000,0.984724,0.980608,0.967193,0.986483,0.983750,0.986387,0.986189,0.987594,0.986463,0.984777,0.987455,0.985773,0.985656,0.986728,0.982575,0.984282,0.984125,0.981161,0.984037,0.982842,0.977769,0.978596,0.979619,0.977530,0.978193,0.975527,0.978246,0.980725,0.983880,0.984558,0.982570,0.979501,-0.010158,0.986111
0.989358,0.989417,0.966895,0.993580,0.985025,0.987318,0.990847,0.994581,0.981704,0.978437,0.995990,0.995925,0.996097,0.996331,0.993008,0.929220,0.871028,0.920591,0.882796,0.991943,0.990335,0.990220,0.954589,0.986919,0.933383,0.981413,0.985732,0.988232,0.725447,0.714714,0.760844,0.797620,0.357745,0.984724,1.000000,0.992911,0.974479,0.995570,0.995337,0.994781,0.994682,0.995530,0.994055,0.986756,0.994571,0.997027,0.996457,0.997185,0.995705,0.991645,0.993747,0.989000,0.994825,0.995104,0.993287,0.993579,0.993705,0.993575,0.993426,0.991379,0.994516,0.995281,0.996495,0.996422,0.994270,0.992422,-0.006772,0.997437
0.984988,0.985217,0.964588,0.988684,0.981839,0.983977,0.987237,0.990005,0.977944,0.975277,0.990395,0.990662,0.991123,0.990558,0.986377,0.928293,0.873446,0.917643,0.883518,0.985611,0.984644,0.984914,0.950813,0.982083,0.929415,0.975063,0.979620,0.983412,0.728765,0.719796,0.765703,0.796562,0.346893,0.980608,0.992911,1.000000,0.969815,0.989947,0.991726,0.990074,0.990924,0.990556,0.989591,0.982442,0.989114,0.991563,0.990724,0.991085,0.989170,0.988484,0.988594,0.982385,0.988606,0.988612,0.986376,0.986812,0.987525,0.987462,0.987737,0.985966,0.988799,0.989797,0.990948,0.990588,0.988363,0.987396,-0.004749,0.991953
0.971677,0.968817,0.968416,0.975644,0.963598,0.966256,0.970168,0.974037,0.961254,0.960018,0.974883,0.974706,0.974827,0.974860,0.970860,0.913264,0.859881,0.913584,0.871188,0.971610,0.969989,0.968587,0.935560,0.964427,0.913901,0.955539,0.960537,0.967675,0.714292,0.709851,0.751351,0.798937,0.342093,0.967193,0.974479,0.969815,1.000000,0.976429,0.971981,0.972687,0.973485,0.974419,0.971666,0.967088,0.973423,0.975066,0.974684,0.975687,0.973056,0.970191,0.970094,0.965611,0.971215,0.973899,0.969146,0.970046,0.970712,0.969130,0.967622,0.965093,0.969791,0.971987,0.972345,0.972889,0.968282,0.967271,-0.014792,0.974278
0.991910,0.989859,0.969640,0.997553,0.987255,0.986122,0.990081,0.993238,0.978510,0.976638,0.993961,0.995735,0.994501,0.994327,0.991858,0.928566,0.869864,0.925180,0.877498,0.991473,0.988959,0.989241,0.950464,0.985104,0.926843,0.977681,0.983392,0.988295,0.715950,0.705946,0.761213,0.808530,0.365386,0.986483,0.995570,0.989947,0.976429,1.000000,0.992990,0.993201,0.993976,0.993853,0.992020,0.984892,0.992429,0.996503,0.994644,0.994932,0.993540,0.990035,0.992190,0.987426,0.992623,0.993321,0.990565,0.991081,0.991199,0.990594,0.990576,0.988302,0.991403,0.992308,0.993629,0.993827,0.992109,0.990306,-0.006620,0.994541
0.987626,0.988249,0.965948,0.990963,0.986056,0.989242,0.991958,0.994794,0.984361,0.980154,0.994643,0.995240,0.995579,0.994885,0.991217,0.932583,0.877287,0.919067,0.891108,0.989648,0.989308,0.989453,0.957502,0.986830,0.936493,0.981101,0.984547,0.986976,0.737963,0.727609,0.764383,0.791503,0.340923,0.983750,0.995337,0.991726,0.971981,0.992990,1.000000,0.995079,0.995357,0.995516,0.994111,0.987633,0.994136,0.995093,0.995334,0.995699,0.993313,0.991840,0.993109,0.985357,0.992312,0.992628,0.990422,0.990865,0.990774,0.991134,0.992059,0.989703,0.992256,0.993997,0.994684,0.994510,0.993097,0.990651,-0.007662,0.996142
0.988670,0.988914,0.966665,0.991022,0.987470,0.992526,0.994402,0.997307,0.988337,0.985617,0.996217,0.995939,0.997310,0.996175,0.990753,0.940636,0.887114,0.920128,0.896977,0.989029,0.989131,0.989471,0.959451,0.987726,0.939278,0.982442,0.985509,0.988587,0.743711,0.737452,0.773676,0.785790,0.334227,0.986387,0.994781,0.990074,0.972687,0.993201,0.995079,1.000000,0.996313,0.997957,0.997752,0.993194,0.996850,0.996049,0.996669,0.996970,0.993137,0.993940,0.993612,0.983425,0.992043,0.992669,0.989275,0.990034,0.989865,0.989825,0.990903,0.988356,0.990885,0.992664,0.995268,0.995482,0.993765,0.990034,-0.006511,0.996574
0.990019,0.991013,0.967657,0.992673,0.988089,0.992219,0.995046,0.996841,0.987517,0.983424,0.994886,0.996244,0.996712,0.995220,0.990869,0.937653,0.883839,0.921718,0.895010,0.989115,0.988969,0.989539,0.958672,0.986954,0.938051,0.981442,0.984521,0.988146,0.742005,0.733617,0.772424,0.792504,0.332749,0.986189,0.994682,0.990924,0.973485,0.993976,0.995357,0.996313,1.000000,0.997180,0.995861,0.990484,0.995007,0.995669,0.995921,0.995924,0.992254,0.992483,0.992658,0.983832,0.990945,0.992141,0.988859,0.989731,0.989536,0.989216,0.989671,0.987899,0.990104,0.991972,0.994243,0.994096,0.992799,0.989670,-0.004604,0.995586
0.989967,0.990417,0.968334,0.992038,0.988138,0.994412,0.995826,0.999119,0.990434,0.987618,0.997275,0.996933,0.998639,0.997382,0.991624,0.941758,0.889349,0.921560,0.900288,0.989913,0.990068,0.990549,0.961577,0.988818,0.942213,0.983806,0.986616,0.989648,0.747960,0.741621,0.778406,0.787002,0.330767,0.987594,0.995530,0.990556,0.974419,0.993853,0.995516,0.997957,0.997180,1.000000,0.997945,0.994064,0.997457,0.996942,0.998002,0.997828,0.993936,0.994143,0.993841,0.984842,0.992796,0.993304,0.990371,0.990946,0.990440,0.990332,0.990843,0.988435,0.991027,0.993348,0.995434,0.995510,0.993672,0.989741,-0.009807,0.997154
0.988030,0.988614,0.966007,0.989500,0.986993,0.993729,0.994707,0.997603,0.990193,0.988257,0.996125,0.995313,0.996989,0.995906,0.990050,0.943418,0.891134,0.920525,0.900875,0.988309,0.988744,0.989239,0.960529,0.987421,0.941048,0.982600,0.984935,0.987916,0.749443,0.744287,0.778783,0.782858,0.325083,0.986463,0.994055,0.989591,0.971666,0.992020,0.994111,0.997752,0.995861,0.997945,1.000000,0.995392,0.996872,0.995186,0.996091,0.996383,0.992185,0.994197,0.993378,0.982628,0.991622,0.991732,0.988467,0.989012,0.989008,0.988635,0.989948,0.987072,0.989714,0.991818,0.994765,0.994672,0.992484,0.988774,-0.005222,0.996053
0.982234,0.983416,0.962357,0.981988,0.983685,0.990627,0.989839,0.994197,0.987063,0.993637,0.991638,0.988898,0.991650,0.990491,0.981338,0.957128,0.906175,0.917366,0.898700,0.980263,0.980989,0.981462,0.952604,0.979093,0.933027,0.973439,0.976365,0.981559,0.741697,0.744319,0.789807,0.773831,0.316795,0.984777,0.986756,0.982442,0.967088,0.984892,0.987633,0.993194,0.990484,0.994064,0.995392,1.000000,0.994556,0.988670,0.990669,0.991242,0.984314,0.990801,0.987509,0.973298,0.984068,0.983680,0.979737,0.980253,0.979879,0.979586,0.981025,0.978036,0.981048,0.984420,0.987927,0.988061,0.985753,0.980457,-0.008186,0.990421
0.988586,0.988360,0.966644,0.989949,0.986766,0.991767,0.992652,0.997019,0.987048,0.988279,0.997069,0.995112,0.996818,0.997037,0.991000,0.944341,0.889284,0.923214,0.893591,0.989974,0.989622,0.989310,0.957307,0.986546,0.936750,0.980731,0.984772,0.988608,0.734814,0.731169,0.777576,0.789211,0.337704,0.987455,0.994571,0.989114,0.973423,0.992429,0.994136,0.996850,0.995007,0.997457,0.996872,0.994556,1.000000,0.995776,0.996834,0.998158,0.993767,0.993687,0.993142,0.984699,0.992393,0.993375,0.990324,0.990866,0.990265,0.990369,0.990409,0.987916,0.991159,0.992839,0.994987,0.994899,0.992637,0.989789,-0.007381,0.996587
0.990462,0.990251,0.968424,0.994272,0.986624,0.989664,0.992654,0.996053,0.984379,0.980553,0.997165,0.997141,0.997456,0.997514,0.993901,0.930323,0.873617,0.921538,0.887564,0.992738,0.991239,0.991467,0.957689,0.988698,0.936878,0.982886,0.987553,0.989594,0.732606,0.721315,0.764767,0.795846,0.350878,0.985773,0.997027,0.991563,0.975066,0.996503,0.995093,0.996049,0.995669,0.996942,0.995186,0.988670,0.995776,1.000000,0.998273,0.997819,0.996179,0.992528,0.994368,0.988757,0.994735,0.995470,0.993166,0.993546,0.993509,0.993254,0.993332,0.990942,0.993723,0.994969,0.996619,0.996650,0.994453,0.991974,-0.010854,0.997126
0.989434,0.989610,0.968020,0.992265,0.985951,0.991035,0.993399,0.997167,0.986847,0.982988,0.998001,0.997000,0.998308,0.998282,0.994090,0.932942,0.877660,0.922061,0.893362,0.992573,0.992109,0.992430,0.960930,0.990229,0.941020,0.984845,0.988430,0.989926,0.740418,0.730080,0.767279,0.791341,0.341080,0.985656,0.996457,0.990724,0.974684,0.994644,0.995334,0.996669,0.995921,0.998002,0.996091,0.990669,0.996834,0.998273,1.000000,0.998497,0.996329,0.992936,0.994022,0.987207,0.994576,0.995364,0.993462,0.993995,0.993380,0.993540,0.992974,0.990974,0.993368,0.994864,0.996512,0.996474,0.994311,0.991217,-0.008866,0.997378
0.990183,0.989831,0.968598,0.992540,0.986598,0.990968,0.993267,0.997026,0.986269,0.983663,0.998329,0.996847,0.998016,0.998731,0.995064,0.934582,0.878305,0.924128,0.891382,0.993911,0.992726,0.992686,0.959854,0.990189,0.939254,0.984655,0.988282,0.990422,0.735338,0.726981,0.767957,0.795222,0.348677,0.986728,0.997185,0.991085,0.975687,0.994932,0.995699,0.996970,0.995924,0.997828,0.996383,0.991242,0.998158,0.997819,0.998497,1.000000,0.997301,0.993660,0.994680,0.988862,0.995521,0.996945,0.994536,0.995012,0.994118,0.994353,0.993508,0.991816,0.994378,0.995415,0.997058,0.997054,0.994917,0.992135,-0.008606,0.998055
0.988580,0.987476,0.966134,0.991531,0.982541,0.985718,0.989493,0.992798,0.981131,0.975937,0.996709,0.994842,0.995521,0.997408,0.997309,0.920966,0.862308,0.924896,0.884590,0.996129,0.994046,0.993939,0.959168,0.991364,0.938446,0.986256,0.990033,0.989958,0.729265,0.716209,0.754119,0.801614,0.362395,0.982575,0.995705,0.989170,0.973056,0.993540,0.993313,0.993137,0.992254,0.993936,0.992185,0.984314,0.993767,0.996179,0.996329,0.997301,1.000000,0.989601,0.992293,0.991401,0.995870,0.998201,0.996187,0.996649,0.995714,0.995989,0.994117,0.992927,0.994849,0.994981,0.996194,0.995905,0.993058,0.991837,-0.011035,0.995945
0.986187,0.986596,0.962895,0.988315,0.985297,0.989409,0.991240,0.993749,0.984238,0.983697,0.993142,0.992546,0.993353,0.992704,0.987800,0.941889,0.888860,0.919531,0.892462,0.986809,0.984930,0.985925,0.954805,0.983074,0.933662,0.977571,0.980586,0.985181,0.737739,0.732959,0.777272,0.787667,0.335185,0.984282,0.991645,0.988484,0.970191,0.990035,0.991840,0.993940,0.992483,0.994143,0.994197,0.990801,0.993687,0.992528,0.992936,0.993660,0.989601,1.000000,0.993733,0.982455,0.989762,0.989453,0.986918,0.986817,0.987221,0.986317,0.987697,0.985765,0.988178,0.990075,0.991523,0.992320,0.991651,0.987539,-0.002350,0.993902
0.987934,0.987858,0.963179,0.990692,0.985647,0.987456,0.990142,0.992885,0.982009,0.979504,0.993909,0.993707,0.993760,0.993957,0.990250,0.933314,0.878665,0.920079,0.886447,0.989539,0.987096,0.987431,0.953021,0.984683,0.930522,0.977704,0.982431,0.986207,0.728454,0.720562,0.768115,0.794534,0.344394,0.984125,0.993747,0.988594,0.970094,0.992190,0.993109,0.993612,0.992658,0.993841,0.993378,0.987509,0.993142,0.994368,0.994022,0.994680,0.992293,0.993733,1.000000,0.987670,0.993382,0.991767,0.989527,0.990000,0.991133,0.990249,0.991283,0.988954,0.991208,0.992992,0.993743,0.995020,0.994768,0.991517,0.001274,0.995062
0.987057,0.983240,0.960362,0.987510,0.979675,0.978173,0.981864,0.984532,0.970710,0.967854,0.988213,0.987442,0.987324,0.989133,0.990585,0.914456,0.855194,0.935508,0.874577,0.992285,0.987895,0.987704,0.949084,0.983083,0.923361,0.974086,0.979850,0.983843,0.706795,0.698666,0.752921,0.830561,0.375917,0.981161,0.989000,0.982385,0.965611,0.987426,0.985357,0.983425,0.983832,0.984842,0.982628,0.973298,0.984699,0.988757,0.987207,0.988862,0.991401,0.982455,0.987670,1.000000,0.994733,0.991468,0.990444,0.991199,0.991693,0.989566,0.988884,0.986522,0.987533,0.987984,0.989790,0.989787,0.986913,0.988823,-0.011207,0.989056
0.988442,0.986868,0.966180,0.990964,0.982891,0.985536,0.988488,0.992114,0.979804,0.976776,0.994760,0.993451,0.994153,0.995293,0.993764,0.924728,0.865469,0.926548,0.883336,0.993817,0.991489,0.991352,0.955609,0.988170,0.932515,0.981044,0.985390,0.987478,0.722659,0.713663,0.756472,0.808382,0.358740,0.984037,0.994825,0.988606,0.971215,0.992623,0.992312,0.992043,0.990945,0.992796,0.991622,0.984068,0.992393,0.994735,0.994576,0.995521,0.995870,0.989762,0.993382,0.994733,1.000000,0.995338,0.994150,0.994797,0.995857,0.994170,0.994354,0.990797,0.993046,0.994094,0.995790,0.996057,0.993573,0.992245,-0.009386,0.995678
0.988971,0.987491,0.966450,0.991492,0.982672,0.985567,0.988905,0.992397,0.980338,0.975269,0.995904,0.994130,0.994901,0.996697,0.996601,0.920943,0.862547,0.926663,0.883299,0.995851,0.993736,0.993398,0.957698,0.990254,0.936476,0.984815,0.988881,0.989775,0.725079,0.713871,0.753972,0.805114,0.360034,0.982842,0.995104,0.988612,0.973899,0.993321,0.992628,0.992669,0.992141,0.993304,0.991732,0.983680,0.993375,0.995470,0.995364,0.996945,0.998201,0.989453,0.991767,0.991468,0.995338,1.000000,0.995853,0.996168,0.995041,0.995164,0.993302,0.992048,0.994247,0.994314,0.995457,0.995325,0.992345,0.991341,-0.010192,0.995343
0.984588,0.983427,0.963276,0.988189,0.977429,0.982067,0.985774,0.989352,0.977103,0.970723,0.993969,0.992003,0.992756,0.995092,0.995630,0.912912,0.852068,0.921137,0.878641,0.994755,0.993062,0.992911,0.957414,0.990589,0.936660,0.985176,0.988503,0.986941,0.724623,0.710582,0.743268,0.796807,0.364088,0.977769,0.993287,0.986376,0.969146,0.990565,0.990422,0.989275,0.988859,0.990371,0.988467,0.979737,0.990324,0.993166,0.993462,0.994536,0.996187,0.986918,0.989527,0.990444,0.994150,0.995853,1.000000,0.998084,0.994943,0.996064,0.992976,0.992324,0.993678,0.993168,0.993611,0.993221,0.990415,0.989587,-0.011832,0.993326
0.985724,0.984227,0.963025,0.989022,0.978094,0.982451,0.986228,0.989891,0.977834,0.971140,0.994523,0.992559,0.993228,0.995645,0.996480,0.913238,0.852718,0.924007,0.880829,0.995729,0.994465,0.994325,0.959152,0.992257,0.938314,0.986079,0.989670,0.988182,0.726739,0.712372,0.743151,0.799966,0.364589,0.978596,0.993579,0.986812,0.970046,0.991081,0.990865,0.990034,0.989731,0.990946,0.989012,0.980253,0.990866,0.993546,0.993995,0.995012,0.996649,0.986817,0.990000,0.991199,0.994797,0.996168,0.998084,1.000000,0.995467,0.996944,0.993471,0.992178,0.993573,0.993312,0.994115,0.994087,0.991052,0.990316,-0.011149,0.993900
0.986568,0.985241,0.963334,0.989453,0.979685,0.982559,0.986499,0.989449,0.977335,0.971326,0.993900,0.992473,0.992660,0.994492,0.994793,0.914560,0.854248,0.922642,0.881420,0.993720,0.992000,0.991909,0.956738,0.989257,0.935469,0.982986,0.987504,0.987737,0.726401,0.713276,0.747447,0.803312,0.359308,0.979619,0.993705,0.987525,0.970712,0.991199,0.990774,0.989865,0.989536,0.990440,0.989008,0.979879,0.990265,0.993509,0.993380,0.994118,0.995714,0.987221,0.991133,0.991693,0.995857,0.995041,0.994943,0.995467,1.000000,0.994577,0.994096,0.991674,0.993235,0.993711,0.994429,0.993998,0.991518,0.990907,-0.007599,0.994143
0.984841,0.983048,0.961275,0.988408,0.977743,0.982315,0.985786,0.989187,0.977814,0.970268,0.993617,0.992277,0.992695,0.994705,0.994877,0.912440,0.853798,0.920349,0.882836,0.993439,0.992370,0.991999,0.959216,0.990808,0.939204,0.985301,0.988710,0.987463,0.732047,0.716614,0.746508,0.795520,0.357656,0.977530,0.993575,0.987462,0.969130,0.990594,0.991134,0.989825,0.989216,0.990332,0.988635,0.979586,0.990369,0.993254,0.993540,0.994353,0.995989,0.986317,0.990249,0.989566,0.994170,0.995164,0.996064,0.996944,0.994577,1.000000,0.993735,0.992569,0.994012,0.993824,0.993994,0.993762,0.991341,0.989998,-0.011092,0.993765
0.984361,0.983875,0.961747,0.988273,0.979516,0.982656,0.986226,0.989532,0.977876,0.972245,0.992846,0.992037,0.992565,0.993415,0.992230,0.917805,0.858632,0.918486,0.881697,0.991145,0.989325,0.989531,0.955581,0.986848,0.933838,0.981787,0.985422,0.985435,0.727684,0.714672,0.750247,0.794217,0.353669,0.978193,0.993426,0.987737,0.967622,0.990576,0.992059,0.990903,0.989671,0.990843,0.989948,0.981025,0.990409,0.993332,0.992974,0.993508,0.994117,0.987697,0.991283,0.988884,0.994354,0.993302,0.992976,0.993471,0.994096,0.993735,1.000000,0.991280,0.993692,0.993913,0.994678,0.994032,0.991818,0.990560,-0.006572,0.994099
0.982306,0.981814,0.957829,0.986292,0.976203,0.981214,0.984494,0.987205,0.976172,0.968751,0.990851,0.990257,0.990195,0.991564,0.991510,0.913434,0.856750,0.916573,0.881950,0.989963,0.987661,0.987962,0.955225,0.986139,0.934077,0.981710,0.984861,0.983709,0.730034,0.716127,0.750527,0.790522,0.351680,0.975527,0.991379,0.985966,0.965093,0.988302,0.989703,0.988356,0.987899,0.988435,0.987072,0.978036,0.987916,0.990942,0.990974,0.991816,0.992927,0.985765,0.988954,0.986522,0.990797,0.992048,0.992324,0.992178,0.991674,0.992569,0.991280,1.000000,0.994478,0.992656,0.992093,0.991535,0.989889,0.989653,-0.004539,0.991735
0.984181,0.983687,0.961862,0.988864,0.978286,0.982281,0.985655,0.989572,0.976666,0.971907,0.993447,0.992426,0.992543,0.993967,0.992683,0.918144,0.858908,0.917596,0.877157,0.991088,0.989194,0.988844,0.952028,0.985767,0.930428,0.981292,0.985386,0.985179,0.718843,0.707295,0.750683,0.792218,0.362487,0.978246,0.994516,0.988799,0.969791,0.991403,0.992256,0.990885,0.990104,0.991027,0.989714,0.981048,0.991159,0.993723,0.993368,0.994378,0.994849,0.988178,0.991208,0.987533,0.993046,0.994247,0.993678,0.993573,0.993235,0.994012,0.993692,0.994478,1.000000,0.997205,0.994921,0.994451,0.991842,0.991051,-0.008645,0.994683
0.986170,0.985636,0.964524,0.989803,0.980784,0.984753,0.987962,0.991888,0.979256,0.975452,0.994904,0.993885,0.994277,0.995207,0.992785,0.923505,0.864260,0.918847,0.881948,0.991316,0.990001,0.989606,0.954401,0.986971,0.933665,0.982176,0.986125,0.986008,0.726053,0.714324,0.753870,0.792849,0.350896,0.980725,0.995281,0.989797,0.971987,0.992308,0.993997,0.992664,0.991972,0.993348,0.991818,0.984420,0.992839,0.994969,0.994864,0.995415,0.994981,0.990075,0.992992,0.987984,0.994094,0.994314,0.993168,0.993312,0.993711,0.993824,0.993913,0.992656,0.997205,1.000000,0.995497,0.995358,0.993180,0.991966,-0.007622,0.996350
0.988168,0.987826,0.966190,0.991401,0.984439,0.988289,0.990691,0.994535,0.983455,0.980142,0.996270,0.995521,0.996242,0.996769,0.993802,0.929496,0.872126,0.921300,0.887275,0.992761,0.991503,0.991661,0.956979,0.988702,0.936066,0.983320,0.987167,0.988377,0.730895,0.721563,0.762131,0.794740,0.348555,0.983880,0.996495,0.990948,0.972345,0.993629,0.994684,0.995268,0.994243,0.995434,0.994765,0.987927,0.994987,0.996619,0.996512,0.997058,0.996194,0.991523,0.993743,0.989790,0.995790,0.995457,0.993611,0.994115,0.994429,0.993994,0.994678,0.992093,0.994921,0.995497,1.000000,0.997103,0.994400,0.992458,-0.009998,0.997024
0.988736,0.988266,0.966399,0.991661,0.984894,0.988389,0.991117,0.994627,0.983415,0.980396,0.996383,0.995716,0.996301,0.996717,0.993552,0.930369,0.874213,0.922866,0.888556,0.992772,0.991416,0.991332,0.956807,0.988589,0.934631,0.982373,0.985946,0.987950,0.730798,0.722929,0.762580,0.797360,0.344537,0.984558,0.996422,0.990588,0.972889,0.993827,0.994510,0.995482,0.994096,0.995510,0.994672,0.988061,0.994899,0.996650,0.996474,0.997054,0.995905,0.992320,0.995020,0.989787,0.996057,0.995325,0.993221,0.994087,0.993998,0.993762,0.994032,0.991535,0.994451,0.995358,0.997103,1.000000,0.995471,0.993049,-0.006801,0.997151
0.986862,0.986705,0.962706,0.990402,0.983576,0.986538,0.989613,0.992662,0.980870,0.976859,0.993637,0.993921,0.993954,0.994054,0.990538,0.929081,0.873346,0.918015,0.885931,0.989320,0.987859,0.988147,0.954155,0.985558,0.932765,0.980248,0.984166,0.986101,0.730225,0.721840,0.764336,0.792035,0.346136,0.982570,0.994270,0.988363,0.968282,0.992109,0.993097,0.993765,0.992799,0.993672,0.992484,0.985753,0.992637,0.994453,0.994311,0.994917,0.993058,0.991651,0.994768,0.986913,0.993573,0.992345,0.990415,0.991052,0.991518,0.991341,0.991818,0.989889,0.991842,0.993180,0.994400,0.995471,1.000000,0.991800,-0.000176,0.995199
