1.000000,0.917613,0.359261,0.638070,0.840826,0.571182,0.660579,0.532342,0.546097,0.360205,0.581949,0.621740,0.531773,0.593593,0.652364,0.587927,0.713929,0.633806,0.744383,0.639602,0.600317,0.604295,0.781593,0.615000,0.744098,0.822664,0.827101,0.865209,0.715375,0.654339,0.304242,0.801746,0.132611,0.933183,-0.037148,0.020270,0.316767,0.605082,0.256345,0.473191,0.568256,0.503204,0.426582,0.421506,0.586849,0.643936,0.554583,0.618266,0.656387,0.513361,0.487394,0.388406,0.402607,0.647097,0.515116,0.490778,0.361031,0.540944,0.398814,0.524546,0.517489,0.530492,0.339213,0.386453,0.466762,0.459441,0.098091,0.282037
0.917613,1.000000,0.391155,0.670274,0.891812,0.647897,0.755116,0.618663,0.617160,0.480016,0.558782,0.684204,0.618065,0.587943,0.647606,0.585174,0.636786,0.512018,0.656092,0.607906,0.530882,0.542593,0.649323,0.560195,0.597942,0.715115,0.699778,0.751223,0.591688,0.537193,0.257805,0.674992,0.158978,0.882333,-0.032895,0.011079,0.346779,0.629986,0.283644,0.537612,0.616926,0.581271,0.477668,0.500477,0.575779,0.685876,0.627962,0.628632,0.665328,0.557793,0.516080,0.378984,0.386611,0.645455,0.555836,0.531937,0.321418,0.577809,0.379812,0.563124,0.560691,0.573764,0.299247,0.361460,0.473052,0.465078,0.067284,0.321723
0.359261,0.391155,1.000000,0.483006,0.377210,0.359848,0.383261,0.345739,0.334506,0.247130,0.245146,0.361753,0.327031,0.265050,0.300723,0.230531,0.254058,0.151288,0.241674,0.268727,0.179662,0.193255,0.201678,0.217344,0.192939,0.253320,0.231000,0.258932,0.216558,0.230356,0.082865,0.259101,0.040739,0.354846,0.245521,0.302723,0.765373,0.500054,0.284544,0.279892,0.358030,0.317393,0.229415,0.274123,0.252273,0.379510,0.309919,0.288532,0.307140,0.311934,0.295665,0.132465,0.170669,0.293963,0.268682,0.265160,0.073436,0.297835,0.188997,0.291945,0.274375,0.285945,0.126834,0.174772,0.256636,0.225875,-0.000703,0.267892
0.638070,0.670274,0.483006,1.000000,0.759163,0.827918,0.836546,0.812123,0.783102,0.606254,0.736112,0.899835,0.798886,0.770213,0.785322,0.431733,0.454960,0.380209,0.458721,0.727995,0.561647,0.593112,0.416116,0.623990,0.356269,0.502166,0.437513,0.454759,0.372970,0.375354,0.174555,0.476940,0.076970,0.660962,0.142040,0.229078,0.593527,0.975310,0.546763,0.678696,0.855492,0.762547,0.583422,0.660258,0.750327,0.918868,0.814590,0.813744,0.823916,0.759374,0.683764,0.544928,0.570989,0.798852,0.663625,0.634766,0.425798,0.702652,0.562296,0.713367,0.708300,0.729765,0.466535,0.538339,0.651158,0.621817,0.107824,0.560005
0.840826,0.891812,0.377210,0.759163,1.000000,0.808423,0.880286,0.740346,0.781939,0.602043,0.650428,0.804039,0.740580,0.690780,0.756051,0.564646,0.588141,0.528097,0.591142,0.713669,0.644635,0.663217,0.579593,0.686787,0.502444,0.662385,0.599980,0.639770,0.493273,0.468331,0.184624,0.661668,0.119597,0.917914,-0.001538,0.039307,0.375936,0.700219,0.338449,0.605314,0.701391,0.676151,0.538732,0.587822,0.666921,0.801333,0.747287,0.731948,0.759996,0.650632,0.584230,0.481193,0.475691,0.737526,0.619773,0.588172,0.390911,0.637188,0.438715,0.643020,0.646208,0.652696,0.355508,0.422457,0.542372,0.524365,0.064878,0.381387
0.571182,0.647897,0.359848,0.827918,0.808423,1.000000,0.951293,0.949768,0.981334,0.806078,0.664360,0.942393,0.942942,0.732901,0.771207,0.525496,0.470803,0.377197,0.473531,0.688382,0.484779,0.514977,0.371762,0.546486,0.305940,0.431113,0.375436,0.419447,0.335395,0.341362,0.134578,0.432882,0.096016,0.668447,0.058678,0.070813,0.419036,0.760585,0.489504,0.784947,0.854557,0.884153,0.685987,0.777072,0.696176,0.907230,0.918131,0.788233,0.794272,0.811304,0.715778,0.496191,0.503105,0.749071,0.706138,0.679798,0.358567,0.726348,0.482247,0.752561,0.768796,0.779682,0.363115,0.457038,0.634235,0.610867,0.074943,0.543784
0.660579,0.755116,0.383261,0.836546,0.880286,0.951293,1.000000,0.929174,0.917802,0.749365,0.658621,0.939149,0.922991,0.722983,0.767404,0.541062,0.506234,0.401078,0.511349,0.689069,0.530001,0.561457,0.430750,0.594004,0.360653,0.488376,0.436510,0.486282,0.385805,0.379054,0.155888,0.492677,0.111540,0.738478,0.031539,0.068203,0.430216,0.778341,0.477302,0.763987,0.866306,0.867767,0.654666,0.740866,0.689866,0.907088,0.900438,0.781015,0.799045,0.786687,0.692735,0.493656,0.500531,0.757288,0.708845,0.684500,0.364266,0.731783,0.465166,0.745444,0.753852,0.767924,0.357019,0.445904,0.613985,0.602070,0.075421,0.523848
0.532342,0.618663,0.345739,0.812123,0.740346,0.949768,0.929174,1.000000,0.928729,0.828227,0.620991,0.948743,0.991986,0.698216,0.692060,0.545477,0.468837,0.306586,0.461356,0.589490,0.404303,0.435518,0.348090,0.462759,0.292844,0.389309,0.362424,0.419379,0.331910,0.331863,0.204736,0.388223,0.137550,0.606220,0.036399,0.043224,0.405773,0.769135,0.548733,0.886332,0.916398,0.976840,0.766933,0.850197,0.666603,0.904287,0.961306,0.771618,0.762812,0.853503,0.759372,0.425579,0.432868,0.713108,0.767812,0.752250,0.263510,0.792609,0.446363,0.789245,0.809983,0.838013,0.307224,0.413260,0.643014,0.626148,0.081846,0.622414
0.546097,0.617160,0.334506,0.783102,0.781939,0.981334,0.917802,0.928729,1.000000,0.844516,0.626323,0.903546,0.922166,0.697453,0.737588,0.544851,0.471970,0.381998,0.475032,0.654127,0.454566,0.482404,0.361287,0.512683,0.294934,0.411138,0.361355,0.409881,0.326999,0.334002,0.117941,0.428730,0.089683,0.654210,0.070899,0.061821,0.390317,0.715807,0.461026,0.790562,0.812846,0.872007,0.709557,0.792487,0.661654,0.866608,0.895447,0.754301,0.757420,0.799464,0.712448,0.465827,0.463312,0.711184,0.698757,0.673657,0.312888,0.713332,0.448490,0.735472,0.759486,0.767124,0.326037,0.422618,0.622424,0.595986,0.065327,0.524124
0.360205,0.480016,0.247130,0.606254,0.602043,0.806078,0.749365,0.828227,0.844516,1.000000,0.414484,0.731407,0.814606,0.499273,0.496769,0.562810,0.353691,0.154570,0.341413,0.387331,0.192696,0.215259,0.178521,0.247019,0.139735,0.211107,0.201086,0.262190,0.195424,0.181589,0.078393,0.213364,0.136474,0.436981,0.021452,-0.008436,0.280266,0.561452,0.367350,0.776693,0.673070,0.813279,0.716536,0.855701,0.460917,0.676284,0.778909,0.557300,0.533009,0.730968,0.673409,0.282271,0.275708,0.481154,0.648166,0.639029,0.088176,0.643868,0.305769,0.607985,0.651887,0.680294,0.153159,0.267671,0.543890,0.515925,0.003789,0.464097
0.581949,0.558782,0.245146,0.736112,0.650428,0.664360,0.658621,0.620991,0.626323,0.414484,1.000000,0.766649,0.633394,0.990891,0.906315,0.363139,0.444093,0.496346,0.464704,0.894153,0.709780,0.729410,0.510871,0.740623,0.444937,0.594783,0.524217,0.470683,0.410738,0.394575,0.188426,0.511755,0.113838,0.611410,0.035090,0.074111,0.339888,0.707489,0.336863,0.467711,0.657425,0.553863,0.461661,0.426773,0.979358,0.821532,0.708459,0.956834,0.908371,0.539692,0.470594,0.538182,0.518468,0.915986,0.594675,0.554959,0.499223,0.624205,0.551448,0.652408,0.609136,0.583348,0.508907,0.515734,0.510352,0.495470,0.090745,0.319197
0.621740,0.684204,0.361753,0.899835,0.804039,0.942393,0.939149,0.948743,0.903546,0.731407,0.766649,1.000000,0.953932,0.821454,0.826128,0.519392,0.505086,0.409624,0.503736,0.749223,0.539302,0.571303,0.428180,0.601603,0.366957,0.492130,0.444317,0.480377,0.390376,0.387411,0.202336,0.476772,0.114093,0.683793,0.043263,0.080527,0.442671,0.851064,0.552926,0.806335,0.927700,0.899869,0.694028,0.763163,0.798098,0.982108,0.961268,0.879577,0.879033,0.840555,0.740760,0.543365,0.562178,0.841092,0.746547,0.717029,0.416791,0.777208,0.556750,0.805822,0.811201,0.827502,0.450078,0.531820,0.679774,0.660999,0.104375,0.598334
0.531773,0.618065,0.327031,0.798886,0.740580,0.942942,0.922991,0.991986,0.922166,0.814606,0.633394,0.953932,1.000000,0.710160,0.697831,0.556527,0.485238,0.320659,0.473511,0.594669,0.403758,0.434204,0.356177,0.461274,0.301071,0.394578,0.369757,0.427672,0.345186,0.346455,0.217702,0.396571,0.142403,0.610012,0.019049,0.017968,0.385190,0.753865,0.535728,0.888598,0.910120,0.970401,0.774057,0.842073,0.678572,0.908270,0.975011,0.782917,0.769675,0.853035,0.760943,0.433829,0.444269,0.719061,0.765888,0.749173,0.277316,0.790084,0.457468,0.790115,0.813492,0.840672,0.322207,0.428689,0.651102,0.632773,0.082037,0.613689
0.593593,0.587943,0.265050,0.770213,0.690780,0.732901,0.722983,0.698216,0.697453,0.499273,0.990891,0.821454,0.710160,1.000000,0.919749,0.399393,0.455954,0.477550,0.473522,0.891201,0.689973,0.712497,0.497215,0.727213,0.428434,0.584394,0.512613,0.472389,0.404969,0.391300,0.190751,0.501547,0.124519,0.631197,0.021138,0.055122,0.353908,0.735139,0.359500,0.536967,0.710091,0.631595,0.516359,0.501397,0.974671,0.862373,0.775979,0.971002,0.921258,0.597908,0.520219,0.537807,0.518013,0.919436,0.636115,0.598548,0.475285,0.665251,0.545375,0.685912,0.651073,0.632070,0.488432,0.510408,0.538017,0.518940,0.085217,0.357168
0.652364,0.647606,0.300723,0.785322,0.756051,0.771207,0.767404,0.692060,0.737588,0.496769,0.906315,0.826128,0.697831,0.919749,1.000000,0.398249,0.478010,0.539568,0.495620,0.980187,0.718535,0.745785,0.516526,0.773477,0.448337,0.637898,0.554039,0.517191,0.426388,0.420372,0.160644,0.548291,0.056929,0.693304,0.036554,0.072262,0.380675,0.733742,0.367059,0.519899,0.705090,0.606017,0.480073,0.496345,0.890515,0.857407,0.738630,0.907351,0.953192,0.615890,0.527299,0.551020,0.549375,0.948248,0.626686,0.583107,0.509437,0.650951,0.552365,0.692494,0.655829,0.636238,0.511531,0.531338,0.548041,0.533417,0.097351,0.364223
0.587927,0.585174,0.230531,0.431733,0.564646,0.525496,0.541062,0.545477,0.544851,0.562810,0.363139,0.519392,0.556527,0.399393,0.398249,1.000000,0.863276,0.547707,0.779013,0.348094,0.261025,0.265133,0.592324,0.263963,0.586957,0.500751,0.564296,0.604507,0.677284,0.625690,0.331552,0.583122,0.248984,0.602889,-0.061765,-0.077101,0.216940,0.427057,0.217946,0.576210,0.491329,0.572905,0.505122,0.501629,0.412279,0.507952,0.559074,0.461782,0.454435,0.475623,0.462123,0.203542,0.215989,0.426138,0.551522,0.550549,0.136714,0.557935,0.243601,0.464475,0.482676,0.505553,0.165512,0.237225,0.388886,0.383898,0.049958,0.281997
0.713929,0.636786,0.254058,0.454960,0.588141,0.470803,0.506234,0.468837,0.471970,0.353691,0.444093,0.505086,0.485238,0.455954,0.478010,0.863276,1.000000,0.733493,0.926380,0.465080,0.412722,0.414518,0.792832,0.415566,0.789719,0.694195,0.755215,0.763988,0.864018,0.869482,0.512013,0.822470,0.201885,0.710798,-0.053464,-0.035221,0.250014,0.456270,0.210463,0.490903,0.480151,0.488787,0.430072,0.394273,0.467008,0.520956,0.498875,0.495921,0.513922,0.449533,0.443447,0.262818,0.303552,0.501838,0.482100,0.472783,0.245303,0.506690,0.314272,0.463430,0.460379,0.476498,0.276533,0.332213,0.416973,0.412476,0.068150,0.245224
0.633806,0.512018,0.151288,0.380209,0.528097,0.377197,0.401078,0.306586,0.381998,0.154570,0.496346,0.409624,0.320659,0.477550,0.539568,0.547707,0.733493,1.000000,0.784749,0.586641,0.634630,0.634023,0.797542,0.623504,0.764271,0.689023,0.697124,0.651977,0.739167,0.704605,0.283682,0.830091,0.077086,0.665832,-0.026193,-0.035828,0.187032,0.363288,0.145512,0.279544,0.345567,0.293040,0.254447,0.188385,0.494210,0.447826,0.365449,0.489732,0.528227,0.291128,0.257646,0.347594,0.343708,0.543218,0.330542,0.306845,0.404115,0.345585,0.345939,0.376673,0.354497,0.338786,0.363466,0.345529,0.300808,0.315469,0.106297,0.150886
0.744383,0.656092,0.241674,0.458721,0.591142,0.473531,0.511349,0.461356,0.475032,0.341413,0.464704,0.503736,0.473511,0.473522,0.495620,0.779013,0.926380,0.784749,1.000000,0.486312,0.463416,0.463461,0.884068,0.459277,0.880894,0.739019,0.796195,0.793079,0.933993,0.876460,0.450220,0.856219,0.204137,0.723231,-0.051114,-0.025715,0.234667,0.461750,0.217495,0.468392,0.486188,0.477861,0.412700,0.376329,0.477737,0.522843,0.488476,0.501925,0.521242,0.446244,0.432186,0.293552,0.335388,0.510977,0.466835,0.454685,0.290075,0.494359,0.347057,0.464653,0.454238,0.468480,0.313294,0.358080,0.421026,0.414421,0.085934,0.243619
0.639602,0.607906,0.268727,0.727995,0.713669,0.688382,0.689069,0.589490,0.654127,0.387331,0.894153,0.749223,0.594669,0.891201,0.980187,0.348094,0.465080,0.586641,0.486312,1.000000,0.761602,0.784200,0.536999,0.805660,0.470871,0.653868,0.566568,0.512316,0.434555,0.429822,0.148338,0.569652,0.026150,0.678328,0.045137,0.085071,0.356156,0.678049,0.321181,0.411020,0.625107,0.497041,0.384357,0.389503,0.867109,0.792180,0.642112,0.865293,0.921577,0.535006,0.446486,0.556802,0.555254,0.930316,0.548966,0.501612,0.545224,0.571497,0.544713,0.628385,0.584490,0.557087,0.531591,0.533499,0.497586,0.485566,0.099822,0.301396
0.600317,0.530882,0.179662,0.561647,0.644635,0.484779,0.530001,0.404303,0.454566,0.192696,0.709780,0.539302,0.403758,0.689973,0.718535,0.261025,0.412722,0.634630,0.463416,0.761602,1.000000,0.991081,0.612981,0.973429,0.511446,0.656418,0.545876,0.445268,0.417720,0.396228,0.138289,0.623837,0.024664,0.657241,0.010035,0.056365,0.250343,0.545682,0.213104,0.291690,0.464007,0.354256,0.315102,0.269928,0.672417,0.596997,0.462753,0.669021,0.687414,0.370527,0.309532,0.497940,0.484236,0.708727,0.415789,0.378817,0.479881,0.436587,0.453658,0.437737,0.403776,0.394634,0.445484,0.440733,0.373839,0.368236,0.092161,0.210189
0.604295,0.542593,0.193255,0.593112,0.663217,0.514977,0.561457,0.435518,0.482404,0.215259,0.729410,0.571303,0.434204,0.712497,0.745785,0.265133,0.414518,0.634023,0.463461,0.784200,0.991081,1.000000,0.609919,0.986470,0.507022,0.660114,0.546103,0.446815,0.417440,0.396717,0.135817,0.624227,0.021974,0.665518,0.012260,0.064686,0.272662,0.574792,0.226928,0.309242,0.492821,0.381553,0.323955,0.286282,0.694587,0.627591,0.491759,0.693160,0.712931,0.390066,0.321572,0.509428,0.493164,0.732603,0.437070,0.400980,0.482364,0.459538,0.458894,0.459889,0.424357,0.414654,0.452187,0.448570,0.383877,0.377660,0.095115,0.222697
0.781593,0.649323,0.201678,0.416116,0.579593,0.371762,0.430750,0.348090,0.361287,0.178521,0.510871,0.428180,0.356177,0.497215,0.516526,0.592324,0.792832,0.797542,0.884068,0.536999,0.612981,0.609919,1.000000,0.598007,0.970594,0.844132,0.880603,0.836551,0.896610,0.776852,0.367007,0.895124,0.162066,0.751991,-0.053937,-0.016980,0.195542,0.420123,0.164844,0.332969,0.415358,0.352390,0.320720,0.254648,0.495182,0.466414,0.386881,0.493196,0.515102,0.346317,0.327592,0.328861,0.355578,0.520287,0.369092,0.353997,0.349752,0.405877,0.363918,0.406516,0.377116,0.381551,0.374758,0.383491,0.361608,0.363241,0.100590,0.167341
0.615000,0.560195,0.217344,0.623990,0.686787,0.546486,0.594004,0.462759,0.512683,0.247019,0.740623,0.601603,0.461274,0.727213,0.773477,0.263963,0.415566,0.623504,0.459277,0.805660,0.973429,0.986470,0.598007,1.000000,0.498714,0.675701,0.555134,0.455581,0.414185,0.404331,0.135239,0.625308,0.008644,0.678252,0.032811,0.089857,0.300201,0.602382,0.251819,0.332460,0.517939,0.403630,0.343904,0.320520,0.703481,0.657135,0.515150,0.707097,0.732782,0.426054,0.359475,0.521817,0.511337,0.748609,0.449043,0.411513,0.485594,0.472639,0.473325,0.482580,0.447122,0.437093,0.463683,0.464523,0.417989,0.409054,0.099350,0.246375
0.744098,0.597942,0.192939,0.356269,0.502444,0.305940,0.360653,0.292844,0.294934,0.139735,0.444937,0.366957,0.301071,0.428434,0.448337,0.586957,0.789719,0.764271,0.880894,0.470871,0.511446,0.507022,0.970594,0.498714,1.000000,0.809257,0.871405,0.833777,0.933118,0.799581,0.371706,0.856930,0.154683,0.686192,-0.038561,-0.003763,0.171571,0.368707,0.149721,0.293497,0.363572,0.303061,0.275211,0.217049,0.430373,0.403309,0.327422,0.424267,0.448545,0.312482,0.302362,0.269180,0.315757,0.453794,0.322303,0.310042,0.314415,0.358197,0.331267,0.355784,0.328897,0.336232,0.340462,0.350949,0.336240,0.337573,0.104078,0.149239
0.822664,0.715115,0.253320,0.502166,0.662385,0.431113,0.488376,0.389309,0.411138,0.211107,0.594783,0.492130,0.394578,0.584394,0.637898,0.500751,0.694195,0.689023,0.739019,0.653868,0.656418,0.660114,0.844132,0.675701,0.809257,1.000000,0.952241,0.864796,0.749278,0.689766,0.355260,0.810839,0.105819,0.783920,-0.018830,0.025899,0.248638,0.491530,0.195592,0.347642,0.453616,0.371855,0.346086,0.301357,0.565059,0.532771,0.428963,0.566256,0.601683,0.397550,0.381774,0.386220,0.394094,0.608678,0.416154,0.389786,0.368413,0.439122,0.382215,0.447255,0.417183,0.415702,0.385633,0.405313,0.414724,0.401047,0.102085,0.190187
0.827101,0.699778,0.231000,0.437513,0.599980,0.375436,0.436510,0.362424,0.361355,0.201086,0.524217,0.444317,0.369757,0.512613,0.554039,0.564296,0.755215,0.697124,0.796195,0.566568,0.545876,0.546103,0.880603,0.555134,0.871405,0.952241,1.000000,0.948969,0.820113,0.740389,0.398224,0.832123,0.126047,0.758873,-0.038307,-0.003142,0.203986,0.440385,0.190061,0.361305,0.431661,0.366342,0.348622,0.292212,0.508417,0.481088,0.400338,0.510451,0.547216,0.378300,0.374322,0.327017,0.344810,0.552031,0.409671,0.389312,0.322586,0.435653,0.356297,0.435041,0.407425,0.411537,0.357521,0.380608,0.396650,0.394861,0.110797,0.190171
0.865209,0.751223,0.258932,0.454759,0.639770,0.419447,0.486282,0.419379,0.409881,0.262190,0.470683,0.480377,0.427672,0.472389,0.517191,0.604507,0.763988,0.651977,0.793079,0.512316,0.445268,0.446815,0.836551,0.455581,0.833777,0.864796,0.948969,1.000000,0.804207,0.725493,0.383228,0.820282,0.128739,0.801762,-0.042921,-0.009388,0.210852,0.449994,0.219255,0.430364,0.465800,0.426424,0.391561,0.347605,0.478316,0.504810,0.449102,0.497917,0.534856,0.429460,0.427841,0.303853,0.325382,0.530167,0.449338,0.431188,0.282352,0.475323,0.335698,0.462752,0.450305,0.457458,0.314312,0.359157,0.418134,0.415927,0.110532,0.236355
0.715375,0.591688,0.216558,0.372970,0.493273,0.335395,0.385805,0.331910,0.326999,0.195424,0.410738,0.390376,0.345186,0.404969,0.426388,0.677284,0.864018,0.739167,0.933993,0.434555,0.417720,0.417440,0.896610,0.414185,0.933118,0.749278,0.820113,0.804207,1.000000,0.896825,0.423378,0.828843,0.183669,0.656536,-0.050965,-0.018774,0.197808,0.386810,0.174554,0.350409,0.390555,0.350933,0.316854,0.274257,0.407350,0.418694,0.363946,0.413581,0.441124,0.363390,0.362397,0.246068,0.304960,0.436958,0.359885,0.349796,0.275854,0.392079,0.321025,0.384841,0.367970,0.379199,0.312887,0.343611,0.373800,0.367269,0.090443,0.182978
0.654339,0.537193,0.230356,0.375354,0.468331,0.341362,0.379054,0.331863,0.334002,0.181589,0.394575,0.387411,0.346455,0.391300,0.420372,0.625690,0.869482,0.704605,0.876460,0.429822,0.396228,0.396717,0.776852,0.404331,0.799581,0.689766,0.740389,0.725493,0.896825,1.000000,0.573662,0.804642,0.137925,0.618476,-0.043040,-0.002856,0.215516,0.383807,0.173878,0.362828,0.382381,0.349442,0.332050,0.290080,0.389440,0.413429,0.354408,0.397046,0.428045,0.383588,0.393799,0.244055,0.305299,0.423986,0.345312,0.336646,0.250297,0.378257,0.311930,0.379195,0.370124,0.380900,0.292608,0.338298,0.392026,0.378346,0.070224,0.185884
0.304242,0.257805,0.082865,0.174555,0.184624,0.134578,0.155888,0.204736,0.117941,0.078393,0.188426,0.202336,0.217702,0.190751,0.160644,0.331552,0.512013,0.283682,0.450220,0.148338,0.138289,0.135817,0.367007,0.135239,0.371706,0.355260,0.398224,0.383228,0.423378,0.573662,1.000000,0.408999,0.082876,0.273873,-0.044103,-0.024880,0.124142,0.210534,0.125312,0.276540,0.238579,0.256503,0.249292,0.189415,0.200479,0.221116,0.223549,0.214557,0.214445,0.207984,0.227816,0.004009,0.049485,0.211813,0.230890,0.230762,0.015228,0.259844,0.121947,0.226366,0.212112,0.231105,0.115370,0.139791,0.193091,0.188050,0.031274,0.146484
0.801746,0.674992,0.259101,0.476940,0.661668,0.432882,0.492677,0.388223,0.428730,0.213364,0.511755,0.476772,0.396571,0.501547,0.548291,0.583122,0.822470,0.830091,0.856219,0.569652,0.623837,0.624227,0.895124,0.625308,0.856930,0.810839,0.832123,0.820282,0.828843,0.804642,0.408999,1.000000,0.146559,0.830523,-0.002851,0.031955,0.253929,0.466997,0.207384,0.377451,0.446462,0.381792,0.358268,0.299707,0.507101,0.515159,0.423479,0.516675,0.553623,0.405186,0.394417,0.353624,0.378447,0.558137,0.392606,0.373096,0.360500,0.425542,0.373304,0.451834,0.428932,0.426336,0.366791,0.386351,0.405260,0.409098,0.098495,0.213323
0.132611,0.158978,0.040739,0.076970,0.119597,0.096016,0.111540,0.137550,0.089683,0.136474,0.113838,0.114093,0.142403,0.124519,0.056929,0.248984,0.201885,0.077086,0.204137,0.026150,0.024664,0.021974,0.162066,0.008644,0.154683,0.105819,0.126047,0.128739,0.183669,0.137925,0.082876,0.146559,1.000000,0.117410,-0.109513,-0.114009,-0.001529,0.074465,0.059455,0.174304,0.136888,0.163938,0.147504,0.135490,0.127495,0.107663,0.156985,0.132286,0.086435,0.099126,0.098672,-0.054607,-0.051833,0.081450,0.188309,0.196650,-0.060319,0.190037,0.004035,0.114332,0.120425,0.147664,-0.022629,-0.001748,0.042146,0.053549,-0.002498,0.115683
0.933183,0.882333,0.354846,0.660962,0.917914,0.668447,0.738478,0.606220,0.654210,0.436981,0.611410,0.683793,0.610012,0.631197,0.693304,0.602889,0.710798,0.665832,0.723231,0.678328,0.657241,0.665518,0.751991,0.678252,0.686192,0.783920,0.758873,0.801762,0.656536,0.618476,0.273873,0.830523,0.117410,1.000000,-0.004871,0.039160,0.337282,0.614990,0.284664,0.526692,0.607468,0.564313,0.481207,0.475058,0.622407,0.698285,0.625543,0.664078,0.698945,0.564880,0.528148,0.437564,0.441711,0.685559,0.552757,0.523941,0.392588,0.578417,0.417908,0.585996,0.580689,0.583198,0.355845,0.406907,0.498026,0.486702,0.085029,0.314023
-0.037148,-0.032895,0.245521,0.142040,-0.001538,0.058678,0.031539,0.036399,0.070899,0.021452,0.035090,0.043263,0.019049,0.021138,0.036554,-0.061765,-0.053464,-0.026193,-0.051114,0.045137,0.010035,0.012260,-0.053937,0.032811,-0.038561,-0.018830,-0.038307,-0.042921,-0.050965,-0.043040,-0.044103,-0.002851,-0.109513,-0.004871,1.000000,0.909398,0.318666,0.192841,0.553505,0.021938,0.076152,0.016571,0.123408,0.070454,0.038348,0.078132,-0.016449,0.037221,0.063556,0.091679,0.138981,0.040517,0.109205,0.069910,0.011889,-0.010193,0.090960,0.023738,0.150094,0.167190,0.100468,0.015205,0.076567,0.091557,0.192089,0.115063,0.062718,0.376568
0.020270,0.011079,0.302723,0.229078,0.039307,0.070813,0.068203,0.043224,0.061821,-0.008436,0.074111,0.080527,0.017968,0.055122,0.072262,-0.077101,-0.035221,-0.035828,-0.025715,0.085071,0.056365,0.064686,-0.016980,0.089857,-0.003763,0.025899,-0.003142,-0.009388,-0.018774,-0.002856,-0.024880,0.031955,-0.114009,0.039160,0.909398,1.000000,0.374951,0.293843,0.512657,0.004354,0.133913,0.017018,0.081604,0.060436,0.070393,0.132251,-0.013767,0.064200,0.087712,0.117718,0.169343,0.098846,0.168818,0.099397,0.023175,0.003886,0.101317,0.048826,0.174986,0.141268,0.068777,0.002686,0.109329,0.133369,0.218875,0.141286,0.101621,0.323750
0.316767,0.346779,0.765373,0.593527,0.375936,0.419036,0.430216,0.405773,0.390317,0.280266,0.339888,0.442671,0.385190,0.353908,0.380675,0.216940,0.250014,0.187032,0.234667,0.356156,0.250343,0.272662,0.195542,0.300201,0.171571,0.248638,0.203986,0.210852,0.197808,0.215516,0.124142,0.253929,-0.001529,0.337282,0.318666,0.374951,1.000000,0.619657,0.368396,0.322583,0.444813,0.378080,0.280300,0.323767,0.340860,0.468418,0.371114,0.373170,0.391375,0.368057,0.336490,0.203605,0.243843,0.382979,0.328547,0.317112,0.134225,0.361825,0.237637,0.371149,0.340753,0.342040,0.180727,0.226751,0.305420,0.272085,0.036991,0.322325
0.605082,0.629986,0.500054,0.975310,0.700219,0.760585,0.778341,0.769135,0.715807,0.561452,0.707489,0.851064,0.753865,0.735139,0.733742,0.427057,0.456270,0.363288,0.461750,0.678049,0.545682,0.574792,0.420123,0.602382,0.368707,0.491530,0.440385,0.449994,0.386810,0.383807,0.210534,0.466997,0.074465,0.614990,0.192841,0.293843,0.619657,1.000000,0.543483,0.668198,0.826138,0.740577,0.583413,0.634380,0.724974,0.888813,0.774164,0.784820,0.790145,0.717231,0.657463,0.485186,0.520115,0.770550,0.670026,0.642757,0.371946,0.714490,0.530498,0.689161,0.672351,0.696281,0.434239,0.504404,0.624704,0.585901,0.108505,0.545466
0.256345,0.283644,0.284544,0.546763,0.338449,0.489504,0.477302,0.548733,0.461026,0.367350,0.336863,0.552926,0.535728,0.359500,0.367059,0.217946,0.210463,0.145512,0.217495,0.321181,0.213104,0.226928,0.164844,0.251819,0.149721,0.195592,0.190061,0.219255,0.174554,0.173878,0.125312,0.207384,0.059455,0.284664,0.553505,0.512657,0.368396,0.543483,1.000000,0.551073,0.683443,0.556504,0.470281,0.522184,0.360278,0.540111,0.503068,0.420120,0.458449,0.644739,0.598683,0.342936,0.412019,0.432234,0.413192,0.390593,0.303972,0.436903,0.461698,0.608744,0.604391,0.599921,0.390451,0.438075,0.570927,0.540426,0.115282,0.932135
0.473191,0.537612,0.279892,0.678696,0.605314,0.784947,0.763987,0.886332,0.790562,0.776693,0.467711,0.806335,0.888598,0.536967,0.519899,0.576210,0.490903,0.279544,0.468392,0.411020,0.291690,0.309242,0.332969,0.332460,0.293497,0.347642,0.361305,0.430364,0.350409,0.362828,0.276540,0.377451,0.174304,0.526692,0.021938,0.004354,0.322583,0.668198,0.551073,1.000000,0.845083,0.942540,0.895297,0.899283,0.534428,0.767189,0.865009,0.639097,0.625109,0.837815,0.808732,0.267895,0.278931,0.578542,0.793947,0.795173,0.097644,0.824802,0.374758,0.760508,0.802897,0.863625,0.202039,0.324397,0.644325,0.634617,0.069647,0.675271
0.568256,0.616926,0.358030,0.855492,0.701391,0.854557,0.866306,0.916398,0.812846,0.673070,0.657425,0.927700,0.910120,0.710091,0.705090,0.491329,0.480151,0.345567,0.486188,0.625107,0.464007,0.492821,0.415358,0.517939,0.363572,0.453616,0.431661,0.465800,0.390555,0.382381,0.238579,0.446462,0.136888,0.607468,0.076152,0.133913,0.444813,0.826138,0.683443,0.845083,1.000000,0.910490,0.706438,0.777617,0.688984,0.905707,0.898909,0.775347,0.785223,0.853009,0.764328,0.481359,0.506987,0.745851,0.737641,0.723190,0.349956,0.778074,0.534816,0.802915,0.816017,0.858064,0.424454,0.511837,0.675229,0.675907,0.129520,0.733982
0.503204,0.581271,0.317393,0.762547,0.676151,0.884153,0.867767,0.976840,0.872007,0.813279,0.553863,0.899869,0.970401,0.631595,0.606017,0.572905,0.488787,0.293040,0.477861,0.497041,0.354256,0.381553,0.352390,0.403630,0.303061,0.371855,0.366342,0.426424,0.350933,0.349442,0.256503,0.381792,0.163938,0.564313,0.016571,0.017018,0.378080,0.740577,0.556504,0.942540,0.910490,1.000000,0.813953,0.874330,0.610286,0.856221,0.942343,0.720097,0.701757,0.845673,0.767679,0.347888,0.354350,0.652196,0.792010,0.784263,0.176924,0.819315,0.396499,0.777118,0.805303,0.849211,0.248597,0.360691,0.626550,0.612667,0.078372,0.652905
0.426582,0.477668,0.229415,0.583422,0.538732,0.685987,0.654666,0.766933,0.709557,0.716536,0.461661,0.694028,0.774057,0.516359,0.480073,0.505122,0.430072,0.254447,0.412700,0.384357,0.315102,0.323955,0.320720,0.343904,0.275211,0.346086,0.348622,0.391561,0.316854,0.332050,0.249292,0.358268,0.147504,0.481207,0.123408,0.081604,0.280300,0.583413,0.470281,0.895297,0.706438,0.813953,1.000000,0.900073,0.511704,0.671658,0.752209,0.591860,0.570581,0.764962,0.807669,0.288173,0.303634,0.533418,0.731912,0.732416,0.106574,0.754929,0.453179,0.703579,0.728050,0.765898,0.255582,0.384531,0.693447,0.655463,0.063796,0.556753
0.421506,0.500477,0.274123,0.660258,0.587822,0.777072,0.740866,0.850197,0.792487,0.855701,0.426773,0.763163,0.842073,0.501397,0.496345,0.501629,0.394273,0.188385,0.376329,0.389503,0.269928,0.286282,0.254648,0.320520,0.217049,0.301357,0.292212,0.347605,0.274257,0.290080,0.189415,0.299707,0.135490,0.475058,0.070454,0.060436,0.323767,0.634380,0.522184,0.899283,0.777617,0.874330,0.900073,1.000000,0.465784,0.716753,0.801710,0.570924,0.564190,0.875753,0.870386,0.345603,0.364572,0.512080,0.704825,0.701156,0.120559,0.718016,0.432738,0.702347,0.745712,0.797068,0.248617,0.393538,0.725805,0.687136,0.057389,0.626111
0.586849,0.575779,0.252273,0.750327,0.666921,0.696176,0.689866,0.666603,0.661654,0.460917,0.979358,0.798098,0.678572,0.974671,0.890515,0.412279,0.467008,0.494210,0.477737,0.867109,0.672417,0.694587,0.495182,0.703481,0.430373,0.565059,0.508417,0.478316,0.407350,0.389440,0.200479,0.507101,0.127495,0.622407,0.038348,0.070393,0.340860,0.724974,0.360278,0.534428,0.688984,0.610286,0.511704,0.465784,1.000000,0.850554,0.755503,0.981302,0.926334,0.568925,0.499345,0.521354,0.495076,0.931981,0.658544,0.619282,0.467026,0.685451,0.537604,0.690712,0.651929,0.629008,0.479487,0.493083,0.518111,0.506652,0.088585,0.353459
0.643936,0.685876,0.379510,0.918868,0.801333,0.907230,0.907088,0.904287,0.866608,0.676284,0.821532,0.982108,0.908270,0.862373,0.857407,0.507952,0.520956,0.447826,0.522843,0.792180,0.596997,0.627591,0.466414,0.657135,0.403309,0.532771,0.481088,0.504810,0.418694,0.413429,0.221116,0.515159,0.107663,0.698285,0.078132,0.132251,0.468418,0.888813,0.540111,0.767189,0.905707,0.856221,0.671658,0.716753,0.850554,1.000000,0.937655,0.918784,0.915048,0.808229,0.715763,0.553035,0.570785,0.886798,0.751558,0.716894,0.434156,0.785548,0.571153,0.802995,0.794258,0.800914,0.475775,0.545064,0.672618,0.647896,0.106845,0.568104
0.554583,0.627962,0.309919,0.814590,0.747287,0.918131,0.900438,0.961306,0.895447,0.778909,0.708459,0.961268,0.975011,0.775979,0.738630,0.559074,0.498875,0.365449,0.488476,0.642112,0.462753,0.491759,0.386881,0.515150,0.327422,0.428963,0.400338,0.449102,0.363946,0.354408,0.223549,0.423479,0.156985,0.625543,-0.016449,-0.013767,0.371114,0.774164,0.503068,0.865009,0.898909,0.942343,0.752209,0.801710,0.755503,0.937655,1.000000,0.849902,0.817507,0.821365,0.726587,0.458307,0.456273,0.773184,0.779161,0.759436,0.305145,0.804109,0.474940,0.783907,0.802475,0.828621,0.351550,0.441097,0.633798,0.614493,0.079502,0.585913
0.618266,0.628632,0.288532,0.813744,0.731948,0.788233,0.781015,0.771618,0.754301,0.557300,0.956834,0.879577,0.782917,0.971002,0.907351,0.461782,0.495921,0.489732,0.501925,0.865293,0.669021,0.693160,0.493196,0.707097,0.424267,0.566256,0.510451,0.497917,0.413581,0.397046,0.214557,0.516675,0.132286,0.664078,0.037221,0.064200,0.373170,0.784820,0.420120,0.639097,0.775347,0.720097,0.591860,0.570924,0.981302,0.918784,0.849902,1.000000,0.958028,0.662122,0.578136,0.530660,0.511507,0.951975,0.723721,0.684621,0.452197,0.751216,0.550429,0.752761,0.722501,0.708749,0.478406,0.507757,0.570836,0.554042,0.086724,0.431992
0.656387,0.665328,0.307140,0.823916,0.759996,0.794272,0.799045,0.762812,0.757420,0.533009,0.908371,0.879033,0.769675,0.921258,0.953192,0.454435,0.513922,0.528227,0.521242,0.921577,0.687414,0.712931,0.515102,0.732782,0.448545,0.601683,0.547216,0.534856,0.441124,0.428045,0.214445,0.553623,0.086435,0.698945,0.063556,0.087712,0.391375,0.790145,0.458449,0.625109,0.785223,0.701757,0.570581,0.564190,0.926334,0.915048,0.817507,0.958028,1.000000,0.683489,0.588666,0.544767,0.541422,0.992056,0.728479,0.682269,0.492365,0.752131,0.578867,0.794259,0.750613,0.727606,0.519133,0.540772,0.589059,0.580370,0.105000,0.458450
0.513361,0.557793,0.311934,0.759374,0.650632,0.811304,0.786687,0.853503,0.799464,0.730968,0.539692,0.840555,0.853035,0.597908,0.615890,0.475623,0.449533,0.291128,0.446244,0.535006,0.370527,0.390066,0.346317,0.426054,0.312482,0.397550,0.378300,0.429460,0.363390,0.383588,0.207984,0.405186,0.099126,0.564880,0.091679,0.117718,0.368057,0.717231,0.644739,0.837815,0.853009,0.845673,0.764962,0.875753,0.568925,0.808229,0.821365,0.662122,0.683489,1.000000,0.928677,0.517318,0.563144,0.636893,0.672415,0.647057,0.337681,0.688272,0.573519,0.783895,0.822663,0.849116,0.438239,0.565567,0.823160,0.792879,0.116298,0.724072
0.487394,0.516080,0.295665,0.683764,0.584230,0.715778,0.692735,0.759372,0.712448,0.673409,0.470594,0.740760,0.760943,0.520219,0.527299,0.462123,0.443447,0.257646,0.432186,0.446486,0.309532,0.321572,0.327592,0.359475,0.302362,0.381774,0.374322,0.427841,0.362397,0.393799,0.227816,0.394417,0.098672,0.528148,0.138981,0.169343,0.336490,0.657463,0.598683,0.808732,0.764328,0.767679,0.807669,0.870386,0.499345,0.715763,0.726587,0.578136,0.588666,0.928677,1.000000,0.505237,0.561335,0.545298,0.633634,0.617901,0.296889,0.650498,0.611693,0.723701,0.758558,0.794272,0.421369,0.585088,0.912915,0.879405,0.151195,0.672097
0.388406,0.378984,0.132465,0.544928,0.481193,0.496191,0.493656,0.425579,0.465827,0.282271,0.538182,0.543365,0.433829,0.537807,0.551020,0.203542,0.262818,0.347594,0.293552,0.556802,0.497940,0.509428,0.328861,0.521817,0.269180,0.386220,0.327017,0.303853,0.246068,0.244055,0.004009,0.353624,-0.054607,0.437564,0.040517,0.098846,0.203605,0.485186,0.342936,0.267895,0.481359,0.347888,0.288173,0.345603,0.521354,0.553035,0.458307,0.530660,0.544767,0.517318,0.505237,1.000000,0.909382,0.531581,0.263414,0.236672,0.732987,0.269803,0.710569,0.415754,0.423994,0.411001,0.649562,0.722687,0.635166,0.626527,0.135682,0.323121
0.402607,0.386611,0.170669,0.570989,0.475691,0.503105,0.500531,0.432868,0.463312,0.275708,0.518468,0.562178,0.444269,0.518013,0.549375,0.215989,0.303552,0.343708,0.335388,0.555254,0.484236,0.493164,0.355578,0.511337,0.315757,0.394094,0.344810,0.325382,0.304960,0.305299,0.049485,0.378447,-0.051833,0.441711,0.109205,0.168818,0.243843,0.520115,0.412019,0.278931,0.506987,0.354350,0.303634,0.364572,0.495076,0.570785,0.456273,0.511507,0.541422,0.563144,0.561335,0.909382,1.000000,0.525374,0.218527,0.176645,0.779398,0.233760,0.822415,0.427310,0.434519,0.424975,0.776571,0.862717,0.741477,0.696001,0.141415,0.381384
0.647097,0.645455,0.293963,0.798852,0.737526,0.749071,0.757288,0.713108,0.711184,0.481154,0.915986,0.841092,0.719061,0.919436,0.948248,0.426138,0.501838,0.543218,0.510977,0.930316,0.708727,0.732603,0.520287,0.748609,0.453794,0.608678,0.552031,0.530167,0.436958,0.423986,0.211813,0.558137,0.081450,0.685559,0.069910,0.099397,0.382979,0.770550,0.432234,0.578542,0.745851,0.652196,0.533418,0.512080,0.931981,0.886798,0.773184,0.951975,0.992056,0.636893,0.545298,0.531581,0.525374,1.000000,0.716067,0.668058,0.494217,0.737571,0.570883,0.762543,0.712213,0.687388,0.519687,0.531359,0.556863,0.550780,0.111946,0.423999
0.515116,0.555836,0.268682,0.663625,0.619773,0.706138,0.708845,0.767812,0.698757,0.648166,0.594675,0.746547,0.765888,0.636115,0.626686,0.551522,0.482100,0.330542,0.466835,0.548966,0.415789,0.437070,0.369092,0.449043,0.322303,0.416154,0.409671,0.449338,0.359885,0.345312,0.230890,0.392606,0.188309,0.552757,0.011889,0.023175,0.328547,0.670026,0.413192,0.793947,0.737641,0.792010,0.731912,0.704825,0.658544,0.751558,0.779161,0.723721,0.728479,0.672415,0.633634,0.263414,0.218527,0.716067,1.000000,0.984097,0.129286,0.969523,0.336999,0.721402,0.712151,0.733855,0.161780,0.235070,0.486588,0.496365,0.095075,0.488128
0.490778,0.531937,0.265160,0.634766,0.588172,0.679798,0.684500,0.752250,0.673657,0.639029,0.554959,0.717029,0.749173,0.598548,0.583107,0.550549,0.472783,0.306845,0.454685,0.501612,0.378817,0.400980,0.353997,0.411513,0.310042,0.389786,0.389312,0.431188,0.349796,0.336646,0.230762,0.373096,0.196650,0.523941,-0.010193,0.003886,0.317112,0.642757,0.390593,0.795173,0.723190,0.784263,0.732416,0.701156,0.619282,0.716894,0.759436,0.684621,0.682269,0.647057,0.617901,0.236672,0.176645,0.668058,0.984097,1.000000,0.093942,0.968190,0.305819,0.687217,0.683696,0.718009,0.114399,0.193508,0.456474,0.474567,0.089384,0.478183
0.361031,0.321418,0.073436,0.425798,0.390911,0.358567,0.364266,0.263510,0.312888,0.088176,0.499223,0.416791,0.277316,0.475285,0.509437,0.136714,0.245303,0.404115,0.290075,0.545224,0.479881,0.482364,0.349752,0.485594,0.314415,0.368413,0.322586,0.282352,0.275854,0.250297,0.015228,0.360500,-0.060319,0.392588,0.090960,0.101317,0.134225,0.371946,0.303972,0.097644,0.349956,0.176924,0.106574,0.120559,0.467026,0.434156,0.305145,0.452197,0.492365,0.337681,0.296889,0.732987,0.779398,0.494217,0.129286,0.093942,1.000000,0.135277,0.724204,0.340433,0.324486,0.289318,0.645557,0.643007,0.475259,0.488215,0.119531,0.252858
0.540944,0.577809,0.297835,0.702652,0.637188,0.726348,0.731783,0.792609,0.713332,0.643868,0.624205,0.777208,0.790084,0.665251,0.650951,0.557935,0.506690,0.345585,0.494359,0.571497,0.436587,0.459538,0.405877,0.472639,0.358197,0.439122,0.435653,0.475323,0.392079,0.378257,0.259844,0.425542,0.190037,0.578417,0.023738,0.048826,0.361825,0.714490,0.436903,0.824802,0.778074,0.819315,0.754929,0.718016,0.685451,0.785548,0.804109,0.751216,0.752131,0.688272,0.650498,0.269803,0.233760,0.737571,0.969523,0.968190,0.135277,1.000000,0.368834,0.749321,0.734156,0.769554,0.192100,0.265224,0.508493,0.514165,0.090747,0.513231
0.398814,0.379812,0.188997,0.562296,0.438715,0.482247,0.465166,0.446363,0.448490,0.305769,0.551448,0.556750,0.457468,0.545375,0.552365,0.243601,0.314272,0.345939,0.347057,0.544713,0.453658,0.458894,0.363918,0.473325,0.331267,0.382215,0.356297,0.335698,0.321025,0.311930,0.121947,0.373304,0.004035,0.417908,0.150094,0.174986,0.237637,0.530498,0.461698,0.374758,0.534816,0.396499,0.453179,0.432738,0.537604,0.571153,0.474940,0.550429,0.578867,0.573519,0.611693,0.710569,0.822415,0.570883,0.336999,0.305819,0.724204,0.368834,1.000000,0.513479,0.499977,0.505171,0.835301,0.885373,0.797363,0.764802,0.167343,0.443917
0.524546,0.563124,0.291945,0.713367,0.643020,0.752561,0.745444,0.789245,0.735472,0.607985,0.652408,0.805822,0.790115,0.685912,0.692494,0.464475,0.463430,0.376673,0.464653,0.628385,0.437737,0.459889,0.406516,0.482580,0.355784,0.447255,0.435041,0.462752,0.384841,0.379195,0.226366,0.451834,0.114332,0.585996,0.167190,0.141268,0.371149,0.689161,0.608744,0.760508,0.802915,0.777118,0.703579,0.702347,0.690712,0.802995,0.783907,0.752761,0.794259,0.783895,0.723701,0.415754,0.427310,0.762543,0.721402,0.687217,0.340433,0.749321,0.513479,1.000000,0.970163,0.909047,0.414408,0.462523,0.651469,0.660318,0.093625,0.631052
0.517489,0.560691,0.274375,0.708300,0.646208,0.768796,0.753852,0.809983,0.759486,0.651887,0.609136,0.811201,0.813492,0.651073,0.655829,0.482676,0.460379,0.354497,0.454238,0.584490,0.403776,0.424357,0.377116,0.447122,0.328897,0.417183,0.407425,0.450305,0.367970,0.370124,0.212112,0.428932,0.120425,0.580689,0.100468,0.068777,0.340753,0.672351,0.604391,0.802897,0.816017,0.805303,0.728050,0.745712,0.651929,0.794258,0.802475,0.722501,0.750613,0.822663,0.758558,0.423994,0.434519,0.712213,0.712151,0.683696,0.324486,0.734156,0.499977,0.970163,1.000000,0.959570,0.395634,0.460207,0.670029,0.681956,0.081521,0.664346
0.530492,0.573764,0.285945,0.729765,0.652696,0.779682,0.767924,0.838013,0.767124,0.680294,0.583348,0.827502,0.840672,0.632070,0.636238,0.505553,0.476498,0.338786,0.468480,0.557087,0.394634,0.414654,0.381551,0.437093,0.336232,0.415702,0.411537,0.457458,0.379199,0.380900,0.231105,0.426336,0.147664,0.583198,0.015205,0.002686,0.342040,0.696281,0.599921,0.863625,0.858064,0.849211,0.765898,0.797068,0.629008,0.800914,0.828621,0.708749,0.727606,0.849116,0.794272,0.411001,0.424975,0.687388,0.733855,0.718009,0.289318,0.769554,0.505171,0.909047,0.959570,1.000000,0.384916,0.468909,0.684695,0.700829,0.085117,0.706323
0.339213,0.299247,0.126834,0.466535,0.355508,0.363115,0.357019,0.307224,0.326037,0.153159,0.508907,0.450078,0.322207,0.488432,0.511531,0.165512,0.276533,0.363466,0.313294,0.531591,0.445484,0.452187,0.374758,0.463683,0.340462,0.385633,0.357521,0.314312,0.312887,0.292608,0.115370,0.366791,-0.022629,0.355845,0.076567,0.109329,0.180727,0.434239,0.390451,0.202039,0.424454,0.248597,0.255582,0.248617,0.479487,0.475775,0.351550,0.478406,0.519133,0.438239,0.421369,0.649562,0.776571,0.519687,0.161780,0.114399,0.645557,0.192100,0.835301,0.414408,0.395634,0.384916,1.000000,0.943585,0.645258,0.581668,0.120750,0.349715
0.386453,0.361460,0.174772,0.538339,0.422457,0.457038,0.445904,0.413260,0.422618,0.267671,0.515734,0.531820,0.428689,0.510408,0.531338,0.237225,0.332213,0.345529,0.358080,0.533499,0.440733,0.448570,0.383491,0.464523,0.350949,0.405313,0.380608,0.359157,0.343611,0.338298,0.139791,0.386351,-0.001748,0.406907,0.091557,0.133369,0.226751,0.504404,0.438075,0.324397,0.511837,0.360691,0.384531,0.393538,0.493083,0.545064,0.441097,0.507757,0.540772,0.565567,0.585088,0.722687,0.862717,0.531359,0.235070,0.193508,0.643007,0.265224,0.885373,0.462523,0.460207,0.468909,0.943585,1.000000,0.797279,0.721302,0.141773,0.418185
0.466762,0.473052,0.256636,0.651158,0.542372,0.634235,0.613985,0.643014,0.622424,0.543890,0.510352,0.679774,0.651102,0.538017,0.548041,0.388886,0.416973,0.300808,0.421026,0.497586,0.373839,0.383877,0.361608,0.417989,0.336240,0.414724,0.396650,0.418134,0.373800,0.392026,0.193091,0.405260,0.042146,0.498026,0.192089,0.218875,0.305420,0.624704,0.570927,0.644325,0.675229,0.626550,0.693447,0.725805,0.518111,0.672618,0.633798,0.570836,0.589059,0.823160,0.912915,0.635166,0.741477,0.556863,0.486588,0.456474,0.475259,0.508493,0.797363,0.651469,0.670029,0.684695,0.645258,0.797279,1.000000,0.930206,0.159148,0.597425
