1.000000,0.118971,0.128900,0.044838,0.013340,0.022295,-0.059281,-0.066520,0.080205,-0.029839,-0.016105,-0.007817,-0.063209,-0.002845,0.018399,0.006794,-0.038598,-0.073250,0.010582,0.086140,0.042871,0.089874,-0.088871,0.165451,0.081495,0.103374,-0.073229,-0.006812,0.034965,-0.003019,0.011599,-0.000014,0.051024,0.092690,-0.051188,0.037127,-0.006105,0.027173,-0.078715,0.069112,-0.056421,-0.033200,-0.023166,-0.024341,-0.070788,-0.011211,-0.005617,-0.066779,-0.037374,0.087042,0.011245,-0.002767,-0.015110,0.013958,0.067600,-0.029525,0.006879,0.062777,0.123964,-0.038124,0.042353,0.089755,0.002551,0.064850,-0.000527,0.056923,0.061612,-0.076204
0.118971,1.000000,0.066891,0.109713,0.058691,0.006539,-0.035067,-0.024672,0.014171,-0.082312,0.007961,0.000435,-0.047672,0.025699,-0.033667,0.000498,-0.008399,-0.034083,0.018904,0.038040,-0.052606,-0.074946,-0.043344,0.105114,-0.005782,-0.103470,-0.045997,-0.013846,-0.016500,0.022681,0.038937,0.005615,-0.005189,0.004397,-0.011739,0.151786,-0.021440,0.030857,0.001864,-0.004939,0.036777,-0.003194,-0.073703,-0.015825,-0.041626,-0.075430,0.016875,0.016444,-0.054576,0.086872,0.022714,-0.073486,-0.109440,0.032081,0.011171,0.011649,-0.120880,-0.046603,0.097156,0.043792,0.035396,0.012852,0.055503,0.007756,0.041039,0.037899,-0.087177,-0.064719
0.128900,0.066891,1.000000,0.054479,0.039194,-0.013721,-0.004907,-0.010572,-0.026293,-0.012074,0.067389,0.045452,0.060188,0.023279,-0.007830,-0.052500,0.033957,0.015237,0.015462,-0.042826,0.100002,0.026304,0.030639,0.107775,-0.002089,0.146034,0.049077,0.084089,-0.098827,-0.006217,0.000118,-0.018139,-0.006216,0.060679,0.087770,0.050601,-0.025092,-0.023620,0.025386,0.003341,0.013975,-0.016938,0.029091,-0.024670,0.084069,0.032941,-0.052637,0.037818,0.016453,0.086992,0.043119,-0.000019,-0.094052,-0.017633,-0.140496,-0.056915,0.035185,0.032927,0.048943,-0.069083,0.033126,-0.075439,-0.053602,-0.049725,-0.035990,-0.013467,0.056151,-0.043376
0.044838,0.109713,0.054479,1.000000,0.016886,-0.038014,0.016255,0.017480,0.095296,-0.048119,0.005570,0.036704,-0.022604,-0.029394,0.019670,0.026256,0.043565,0.061051,0.030553,-0.072282,-0.108754,-0.147099,0.019437,-0.027026,-0.043418,-0.006063,0.040546,-0.066028,-0.010899,-0.021354,0.028420,0.071783,0.021094,0.056376,-0.054823,0.029418,-0.033106,0.121879,-0.017869,-0.022573,0.094134,-0.004823,0.000618,-0.040009,-0.038040,-0.019852,-0.023815,-0.032854,-0.005550,0.043968,-0.035063,-0.020523,-0.103776,-0.005057,-0.017614,0.023690,-0.075747,0.035494,-0.067112,0.033815,0.030951,0.062731,0.022948,-0.070943,0.003272,0.072628,-0.006199,-0.008331
0.013340,0.058691,0.039194,0.016886,1.000000,0.058526,0.026105,-0.004023,0.066168,-0.070934,-0.079836,-0.072928,0.001532,-0.048888,-0.042968,-0.008427,-0.007632,-0.022725,0.054195,-0.039656,-0.018850,-0.011639,0.023220,0.031853,-0.016627,0.029330,0.020795,-0.016572,0.024775,-0.020057,-0.084436,-0.003469,0.001925,0.142837,0.032627,-0.017343,-0.059951,0.064103,0.095270,0.115195,0.000411,-0.007206,0.005417,-0.063205,-0.026152,0.044184,-0.030871,-0.009908,-0.067313,0.000201,-0.023890,-0.066342,-0.045106,-0.015603,-0.002119,0.014840,0.013420,0.040397,0.046117,0.083110,-0.053178,-0.091025,0.060541,-0.008350,-0.016756,-0.026309,0.037453,0.070066
0.022295,0.006539,-0.013721,-0.038014,0.058526,1.000000,0.045044,-0.024986,0.145609,-0.041719,-0.003519,0.029688,-0.041333,0.047119,-0.024467,0.065374,-0.006002,-0.087692,-0.039809,0.004666,0.020968,0.024651,-0.044700,0.033006,0.130492,0.100891,0.036269,-0.038095,0.085661,-0.086528,0.035280,0.056766,-0.026137,0.030511,-0.000886,-0.030391,0.000498,-0.092107,0.040721,0.013473,0.062646,0.027385,0.019306,-0.021039,0.023407,-0.006828,-0.001800,-0.006108,0.010016,-0.030842,-0.002242,0.014352,0.011058,0.076451,0.042578,0.016171,0.073996,-0.077573,-0.033802,0.029801,-0.048381,-0.105101,-0.036459,-0.019472,-0.095916,0.011535,-0.072298,0.036078
-0.059281,-0.035067,-0.004907,0.016255,0.026105,0.045044,1.000000,0.174857,-0.055500,0.040320,0.020287,-0.029854,0.030665,0.041864,0.132771,-0.030341,-0.000652,0.113505,-0.022130,0.137976,-0.020928,-0.034075,-0.011518,-0.053496,-0.017101,0.090152,0.014038,-0.017515,0.028324,-0.035884,0.010713,-0.042796,0.012869,0.010981,-0.017538,0.043461,-0.010782,0.041588,0.067434,-0.023931,0.029054,0.139762,0.024988,0.074042,0.017969,0.010489,0.098861,0.006141,-0.017306,0.073726,-0.033940,0.025441,-0.013692,0.002287,0.026207,-0.007391,0.000789,0.044548,0.007951,0.041498,0.008386,-0.084422,-0.038379,-0.032426,-0.012740,0.045881,0.039419,-0.034424
-0.066520,-0.024672,-0.010572,0.017480,-0.004023,-0.024986,0.174857,1.000000,-0.016053,0.074550,0.021933,0.005370,0.304763,0.189960,0.093121,-0.036599,0.035344,0.006819,0.010229,0.142267,-0.019465,0.016022,0.005582,-0.030731,-0.001418,0.064677,0.027161,0.014481,-0.008062,0.047082,0.001851,0.052293,0.032661,-0.037850,-0.005922,-0.036903,0.086217,0.051336,0.005753,0.058330,0.104216,0.585856,0.127168,0.145634,0.102351,-0.036065,0.076836,0.117671,0.017627,0.074757,0.074639,0.018142,0.043223,0.007254,-0.034201,-0.010225,0.004829,-0.023900,-0.006806,-0.029792,-0.023562,-0.030838,0.009130,0.027501,0.011281,-0.016830,0.044661,0.019306
0.080205,0.014171,-0.026293,0.095296,0.066168,0.145609,-0.055500,-0.016053,1.000000,-0.011192,0.009500,-0.064247,-0.002338,-0.043842,-0.043892,-0.010440,-0.000787,-0.078139,-0.020450,-0.043069,-0.017708,-0.007041,-0.014623,0.037173,0.005971,0.096393,0.011285,0.024227,0.055413,0.017883,0.042329,-0.035542,0.004033,0.042358,0.020809,-0.009891,-0.005230,0.033299,-0.012956,0.074647,0.014952,0.020286,0.024434,0.039592,-0.052445,-0.012904,-0.061454,-0.093338,-0.096298,-0.023445,0.023196,0.002762,0.037029,-0.084733,0.090940,0.000737,0.029926,-0.010033,-0.038041,0.047744,-0.007476,-0.032086,-0.035419,0.063318,0.064583,-0.131093,0.035720,-0.002560
-0.029839,-0.082312,-0.012074,-0.048119,-0.070934,-0.041719,0.040320,0.074550,-0.011192,1.000000,0.008569,-0.028416,-0.006097,0.078243,-0.010710,-0.051663,0.055124,0.045371,0.035206,-0.007829,0.052769,0.051199,0.094535,0.025464,0.023459,-0.089819,-0.031557,-0.011883,0.019091,0.056260,0.032973,-0.086750,-0.019093,0.058651,0.108916,0.044432,0.028921,-0.047998,0.038261,-0.052830,-0.011733,0.069468,0.062079,0.322484,0.172664,-0.062411,-0.054537,0.070132,0.035262,-0.008191,0.005854,0.096949,0.039179,-0.037508,-0.062140,0.033586,-0.014113,0.091620,-0.031706,0.064500,0.138689,-0.011715,-0.032737,0.080378,0.019668,-0.038403,-0.073496,0.061204
-0.016105,0.007961,0.067389,0.005570,-0.079836,-0.003519,0.020287,0.021933,0.009500,0.008569,1.000000,-0.021206,0.077413,0.555406,0.020609,0.000702,0.000088,-0.004821,-0.039952,0.041698,-0.017532,-0.028741,-0.024219,-0.075868,0.030645,-0.018324,0.040571,-0.043263,0.065022,0.086224,-0.018645,-0.032304,0.018465,0.061116,0.102440,-0.022664,0.043809,0.025458,-0.054653,-0.012121,-0.013796,0.064759,-0.004234,0.092203,0.181091,0.004022,-0.076210,0.121337,0.048106,-0.007630,0.093461,0.034979,-0.022533,0.047601,-0.095707,-0.004894,-0.050369,-0.050658,0.051457,-0.125071,-0.082656,-0.041515,0.014348,-0.075684,0.078246,0.104259,0.014945,0.064012
-0.007817,0.000435,0.045452,0.036704,-0.072928,0.029688,-0.029854,0.005370,-0.064247,-0.028416,-0.021206,1.000000,0.156612,-0.021505,0.134639,-0.025962,-0.086981,0.082001,-0.085973,-0.004277,0.029657,-0.007170,-0.043702,-0.046395,0.007721,0.128263,0.022608,-0.030481,-0.023775,0.042347,0.091279,-0.059752,0.083034,-0.098180,-0.084923,-0.004308,0.070980,0.007184,-0.048546,0.066326,-0.009441,-0.026267,0.091925,-0.067253,-0.000191,0.033980,0.066053,0.003318,0.102272,-0.032354,0.005615,-0.061528,-0.030203,-0.022947,-0.061736,0.019050,0.042262,0.047919,0.058330,0.040354,0.059146,-0.022278,0.046137,0.050012,-0.016320,0.017425,0.014494,0.115715
-0.063209,-0.047672,0.060188,-0.022604,0.001532,-0.041333,0.030665,0.304763,-0.002338,-0.006097,0.077413,0.156612,1.000000,0.128202,0.091200,-0.063171,-0.005229,0.109954,0.012356,-0.000714,-0.051871,-0.000853,0.020988,-0.018852,-0.007425,0.054498,-0.026350,-0.020458,-0.024652,0.081067,0.053248,-0.008297,0.075630,-0.051821,-0.017032,0.019216,0.067703,0.016205,0.061902,0.023594,-0.024342,0.169948,0.027565,0.093684,0.006458,-0.051282,0.127481,0.012586,0.004148,-0.045898,0.137234,-0.044218,0.015901,0.010334,-0.024782,0.019657,0.078198,0.043614,0.014981,0.013157,0.001375,-0.139963,0.086840,0.014088,0.121266,-0.089317,0.123303,0.036335
-0.002845,0.025699,0.023279,-0.029394,-0.048888,0.047119,0.041864,0.189960,-0.043842,0.078243,0.555406,-0.021505,0.128202,1.000000,0.235117,-0.028664,0.019890,0.077561,-0.034096,0.261173,0.043142,0.029416,-0.020980,0.023330,0.033922,0.019405,-0.033375,0.009261,0.024987,0.053667,0.013939,0.030402,0.002181,0.139796,0.054500,-0.051878,0.082684,-0.026022,0.001102,0.012403,0.028154,0.167015,0.024925,0.195106,0.193292,-0.022598,-0.032421,0.243916,0.108423,0.029990,0.084323,0.032701,-0.006549,0.044185,-0.029917,0.005018,-0.058907,-0.097270,-0.025990,-0.035467,-0.015112,0.001967,-0.021024,0.005256,0.079672,0.030806,-0.009304,0.111342
0.018399,-0.033667,-0.007830,0.019670,-0.042968,-0.024467,0.132771,0.093121,-0.043892,-0.010710,0.020609,0.134639,0.091200,0.235117,1.000000,-0.045452,-0.028924,0.060141,-0.035049,0.387631,-0.062080,-0.038480,0.008612,-0.002801,-0.028627,0.099779,-0.029557,0.066887,-0.075858,-0.043345,0.066926,0.018045,-0.054306,0.041939,-0.057751,0.056573,0.067040,0.021424,0.036415,0.035477,0.067979,0.059067,0.051586,-0.017729,0.027660,0.008546,0.076693,-0.024622,0.161673,0.154325,-0.021547,0.021840,-0.076698,-0.030299,0.050265,0.025699,-0.052308,0.014200,0.020087,0.121580,0.094532,0.056123,-0.079238,-0.004074,0.031224,-0.033731,0.060853,0.017235
0.006794,0.000498,-0.052500,0.026256,-0.008427,0.065374,-0.030341,-0.036599,-0.010440,-0.051663,0.000702,-0.025962,-0.063171,-0.028664,-0.045452,1.000000,0.008419,-0.016829,0.042407,-0.029358,-0.051269,0.001517,0.016112,0.019555,0.030928,0.000456,-0.034325,-0.055344,-0.021939,0.054044,-0.058393,0.036496,0.057069,-0.050006,0.018096,0.004421,0.027755,0.076689,0.005184,-0.017507,0.044171,0.018735,0.017293,-0.007934,0.027158,-0.014631,0.011062,-0.030654,-0.035230,-0.048661,0.029924,-0.011920,0.031991,0.023967,0.026664,-0.050882,-0.043438,-0.117731,-0.073712,0.024275,-0.040191,0.005719,0.033174,0.020822,0.078650,0.014016,-0.000616,0.013387
-0.038598,-0.008399,0.033957,0.043565,-0.007632,-0.006002,-0.000652,0.035344,-0.000787,0.055124,0.000088,-0.086981,-0.005229,0.019890,-0.028924,0.008419,1.000000,-0.070692,0.073079,-0.079997,-0.030997,0.028058,0.030606,-0.079892,-0.014952,-0.068878,0.028880,0.007698,0.010982,0.024004,-0.082022,0.051593,0.028287,0.136263,-0.020609,-0.032768,0.065609,-0.004452,-0.009294,0.013184,0.038894,0.015942,-0.056271,0.008443,-0.035341,0.017199,-0.003909,-0.018738,-0.091027,0.073004,-0.022399,0.012792,0.085121,-0.022463,-0.013169,0.002881,-0.020569,0.018605,0.076815,-0.107456,0.034963,0.052883,-0.007656,-0.022344,-0.055064,-0.005933,0.019399,-0.064420
-0.073250,-0.034083,0.015237,0.061051,-0.022725,-0.087692,0.113505,0.006819,-0.078139,0.045371,-0.004821,0.082001,0.109954,0.077561,0.060141,-0.016829,-0.070692,1.000000,0.113173,0.072689,0.046665,-0.007851,0.075417,-0.006044,-0.094789,-0.008496,0.070641,-0.045708,-0.060568,0.096241,-0.041073,0.032701,0.099274,0.060752,-0.019195,0.013977,0.041931,-0.003434,0.070115,-0.012544,0.018364,-0.026267,-0.020978,0.058440,-0.037398,0.037993,0.020659,-0.023211,0.057356,-0.032366,-0.006704,-0.030578,-0.042006,0.014470,0.065274,0.083130,0.011179,-0.015434,0.103260,-0.016024,0.021670,-0.033398,-0.031639,-0.045390,0.049526,-0.068313,0.067496,0.032093
0.010582,0.018904,0.015462,0.030553,0.054195,-0.039809,-0.022130,0.010229,-0.020450,0.035206,-0.039952,-0.085973,0.012356,-0.034096,-0.035049,0.042407,0.073079,0.113173,1.000000,-0.024110,-0.119944,-0.028204,-0.013617,-0.051007,-0.046995,-0.015797,-0.021553,-0.007628,-0.012510,0.054319,-0.074101,0.014671,-0.059807,0.004012,-0.004853,0.013185,-0.006559,-0.049035,0.010596,-0.095380,-0.088571,-0.010679,-0.035453,0.022750,-0.026862,0.001810,0.027768,0.011445,0.022516,0.002623,0.021003,-0.061136,0.084518,-0.007576,0.031803,-0.019749,-0.017694,0.031231,0.007752,0.062724,-0.059289,-0.008024,-0.058932,-0.073701,-0.047871,-0.028338,-0.019599,-0.105178
0.086140,0.038040,-0.042826,-0.072282,-0.039656,0.004666,0.137976,0.142267,-0.043069,-0.007829,0.041698,-0.004277,-0.000714,0.261173,0.387631,-0.029358,-0.079997,0.072689,-0.024110,1.000000,0.059538,0.033048,-0.032305,0.032371,0.014234,0.070022,0.018065,-0.023824,-0.031467,-0.015877,0.045950,0.029437,0.016736,-0.012093,-0.020402,0.026105,-0.011834,-0.028106,0.085684,0.084743,0.024241,0.140103,0.032818,0.098711,0.035305,-0.032625,0.011703,0.045913,0.098356,0.037806,0.033669,0.049348,-0.107286,0.003406,0.052818,0.047435,0.017480,0.003882,-0.010900,0.058278,0.043334,0.056291,-0.011125,0.058957,0.063101,-0.002042,-0.028795,0.023522
0.042871,-0.052606,0.100002,-0.108754,-0.018850,0.020968,-0.020928,-0.019465,-0.017708,0.052769,-0.017532,0.029657,-0.051871,0.043142,-0.062080,-0.051269,-0.030997,0.046665,-0.119944,0.059538,1.000000,0.511844,0.021841,0.158040,0.068653,0.084438,0.019447,0.123049,0.014227,-0.038595,0.056933,-0.010606,0.017531,-0.014372,0.053280,-0.045711,0.026893,0.006624,-0.076497,0.034898,0.013184,-0.031185,-0.042637,0.022843,0.010846,0.060826,-0.060640,-0.058035,-0.034203,0.016224,0.050095,0.019029,0.067361,0.056838,0.070185,0.037130,-0.001116,-0.021216,0.041790,-0.034338,0.054306,-0.023977,0.033279,0.096422,-0.009417,-0.014345,0.017002,0.100782
0.089874,-0.074946,0.026304,-0.147099,-0.011639,0.024651,-0.034075,0.016022,-0.007041,0.051199,-0.028741,-0.007170,-0.000853,0.029416,-0.038480,0.001517,0.028058,-0.007851,-0.028204,0.033048,0.511844,1.000000,-0.023877,0.206610,0.123136,-0.018864,-0.001664,0.063283,0.002904,-0.001588,-0.049862,0.073265,0.075726,0.000343,0.028033,-0.004390,0.012736,0.012248,-0.088523,0.031770,-0.072242,-0.020289,-0.065578,0.049515,0.047060,0.062196,0.022440,-0.019251,-0.101810,-0.021527,-0.010583,0.015488,0.011351,-0.021898,0.100162,0.081121,0.019640,0.011353,0.005758,-0.028359,0.060132,-0.013850,0.032157,0.093201,-0.094534,-0.029630,0.024233,0.074393
-0.088871,-0.043344,0.030639,0.019437,0.023220,-0.044700,-0.011518,0.005582,-0.014623,0.094535,-0.024219,-0.043702,0.020988,-0.020980,0.008612,0.016112,0.030606,0.075417,-0.013617,-0.032305,0.021841,-0.023877,1.000000,-0.042896,-0.009460,-0.007638,0.023198,0.026936,-0.009107,-0.052127,-0.040161,-0.002421,0.114246,0.070553,-0.044933,-0.000102,-0.035461,0.053106,0.026603,0.119514,0.078069,0.018182,0.028068,0.080160,0.037717,0.032965,0.076725,0.062064,0.063817,0.002554,0.023388,0.007062,0.003108,0.033444,0.008707,0.006010,-0.010488,-0.051114,0.082077,0.037334,0.009099,-0.011386,-0.024781,-0.024247,0.026474,-0.092308,0.004236,0.065170
0.165451,0.105114,0.107775,-0.027026,0.031853,0.033006,-0.053496,-0.030731,0.037173,0.025464,-0.075868,-0.046395,-0.018852,0.023330,-0.002801,0.019555,-0.079892,-0.006044,-0.051007,0.032371,0.158040,0.206610,-0.042896,1.000000,0.016063,0.048841,-0.060781,0.071007,-0.029946,-0.063455,0.007592,-0.000544,0.075815,-0.004615,0.073439,0.086649,-0.039995,0.001299,0.009274,0.019185,-0.096939,-0.080682,-0.007182,-0.028811,0.020129,-0.039205,0.035294,0.020283,0.002519,0.027551,-0.024276,0.046722,-0.077570,-0.019514,0.018847,0.061827,-0.013949,-0.035057,-0.062599,0.107120,0.031513,-0.012153,-0.035384,0.046401,-0.027665,0.045849,-0.009130,0.045677
0.081495,-0.005782,-0.002089,-0.043418,-0.016627,0.130492,-0.017101,-0.001418,0.005971,0.023459,0.030645,0.007721,-0.007425,0.033922,-0.028627,0.030928,-0.014952,-0.094789,-0.046995,0.014234,0.068653,0.123136,-0.009460,0.016063,1.000000,0.094909,-0.033925,-0.079339,0.038089,-0.051570,0.023452,0.081105,0.036434,-0.001760,0.043176,-0.086219,-0.011199,-0.061777,-0.122392,-0.028267,-0.000268,-0.034995,-0.028651,0.029504,0.039841,-0.027120,-0.077585,-0.044300,-0.005717,-0.035561,0.053712,-0.007237,0.022258,-0.007068,0.092939,0.013931,-0.004453,-0.024558,-0.028085,0.050355,-0.050411,-0.049135,0.104832,0.045886,-0.017808,0.050880,0.030141,-0.036616
0.103374,-0.103470,0.146034,-0.006063,0.029330,0.100891,0.090152,0.064677,0.096393,-0.089819,-0.018324,0.128263,0.054498,0.019405,0.099779,0.000456,-0.068878,-0.008496,-0.015797,0.070022,0.084438,-0.018864,-0.007638,0.048841,0.094909,1.000000,0.196371,0.069163,0.039356,-0.010304,0.042124,-0.105872,0.042105,-0.118299,0.033452,-0.026630,0.030191,0.067587,-0.061743,0.103820,0.050403,0.037044,0.049555,0.003461,0.167992,0.058855,0.044083,0.041737,0.172198,0.001253,-0.050461,0.068114,-0.027315,0.032759,0.044863,-0.054517,0.041460,-0.061270,-0.063347,0.000686,-0.075256,-0.017313,-0.054106,0.012427,-0.044127,0.086802,0.073985,-0.007824
-0.073229,-0.045997,0.049077,0.040546,0.020795,0.036269,0.014038,0.027161,0.011285,-0.031557,0.040571,0.022608,-0.026350,-0.033375,-0.029557,-0.034325,0.028880,0.070641,-0.021553,0.018065,0.019447,-0.001664,0.023198,-0.060781,-0.033925,0.196371,1.000000,0.100953,-0.033195,0.011422,-0.077013,0.012340,0.115244,0.027575,-0.005645,-0.007093,-0.010095,-0.017434,0.029585,0.083463,0.093745,0.011731,0.039288,-0.038468,0.040175,0.008572,-0.082050,-0.022762,0.044101,-0.086691,-0.010286,-0.078338,-0.023117,-0.005330,-0.027108,-0.057891,0.075035,0.028161,-0.066893,-0.018991,0.070350,-0.002085,-0.111900,-0.099100,-0.020964,0.058961,0.056512,0.043323
-0.006812,-0.013846,0.084089,-0.066028,-0.016572,-0.038095,-0.017515,0.014481,0.024227,-0.011883,-0.043263,-0.030481,-0.020458,0.009261,0.066887,-0.055344,0.007698,-0.045708,-0.007628,-0.023824,0.123049,0.063283,0.026936,0.071007,-0.079339,0.069163,0.100953,1.000000,-0.025737,0.021481,-0.033936,0.010124,-0.025935,0.029883,0.050655,0.034323,-0.096553,0.052632,-0.033880,0.007596,0.031248,-0.013132,-0.008875,0.031741,0.029666,0.003738,0.062355,0.033740,0.083877,0.067369,-0.011583,-0.003405,-0.025457,-0.012311,-0.032059,0.029449,-0.010368,0.043733,-0.048860,0.044647,-0.022665,-0.002875,-0.162813,-0.031460,-0.029498,-0.045664,0.039330,-0.030946
0.034965,-0.016500,-0.098827,-0.010899,0.024775,0.085661,0.028324,-0.008062,0.055413,0.019091,0.065022,-0.023775,-0.024652,0.024987,-0.075858,-0.021939,0.010982,-0.060568,-0.012510,-0.031467,0.014227,0.002904,-0.009107,-0.029946,0.038089,0.039356,-0.033195,-0.025737,1.000000,0.087941,-0.019150,0.016868,0.033790,-0.012035,-0.030799,0.020400,0.064544,0.148018,-0.150412,-0.039863,-0.059007,-0.008575,0.072232,0.041810,0.056570,-0.022773,0.042650,0.014171,-0.011407,-0.010382,-0.068770,0.010883,0.043501,0.101147,-0.002597,0.034753,0.018281,-0.000312,0.033256,-0.004906,-0.032310,-0.056742,0.064333,0.010017,-0.065638,0.095606,-0.068560,-0.057396
-0.003019,0.022681,-0.006217,-0.021354,-0.020057,-0.086528,-0.035884,0.047082,0.017883,0.056260,0.086224,0.042347,0.081067,0.053667,-0.043345,0.054044,0.024004,0.096241,0.054319,-0.015877,-0.038595,-0.001588,-0.052127,-0.063455,-0.051570,-0.010304,0.011422,0.021481,0.087941,1.000000,-0.022004,0.008550,0.031990,-0.033227,0.017097,0.064344,0.038457,-0.063486,-0.075471,-0.044010,-0.016871,0.079681,0.047312,0.073114,0.109701,-0.149096,-0.002220,-0.009671,-0.094255,-0.024415,0.022515,0.026468,0.137394,-0.056581,-0.009868,0.011385,-0.020971,-0.035193,0.054640,-0.014083,-0.015319,-0.064564,-0.022185,-0.003954,0.029018,0.001863,0.055575,-0.013267
0.011599,0.038937,0.000118,0.028420,-0.084436,0.035280,0.010713,0.001851,0.042329,0.032973,-0.018645,0.091279,0.053248,0.013939,0.066926,-0.058393,-0.082022,-0.041073,-0.074101,0.045950,0.056933,-0.049862,-0.040161,0.007592,0.023452,0.042124,-0.077013,-0.033936,-0.019150,-0.022004,1.000000,-0.014836,-0.041122,-0.136497,-0.026869,0.013755,0.076840,-0.059459,-0.013878,0.003622,-0.005476,0.014586,0.059484,0.034427,0.065951,-0.023413,0.048086,0.016521,0.021976,0.073132,0.028885,-0.045315,-0.074409,-0.022124,-0.053886,-0.101235,0.033849,0.070066,0.072865,0.048838,-0.045342,0.089529,-0.012045,0.060019,0.039618,0.054106,0.017085,0.150513
-0.000014,0.005615,-0.018139,0.071783,-0.003469,0.056766,-0.042796,0.052293,-0.035542,-0.086750,-0.032304,-0.059752,-0.008297,0.030402,0.018045,0.036496,0.051593,0.032701,0.014671,0.029437,-0.010606,0.073265,-0.002421,-0.000544,0.081105,-0.105872,0.012340,0.010124,0.016868,0.008550,-0.014836,1.000000,0.098150,-0.024606,-0.067454,0.031411,0.062419,-0.051570,-0.098323,0.006988,0.095022,-0.037168,0.000490,0.024334,0.001112,0.019405,-0.058981,0.028487,0.036419,-0.019469,0.060835,0.006313,0.065123,0.039319,0.028537,-0.007280,0.011958,-0.110932,-0.061295,0.001264,-0.015400,0.059255,0.083025,-0.038422,0.032419,0.088252,-0.009273,-0.070862
0.051024,-0.005189,-0.006216,0.021094,0.001925,-0.026137,0.012869,0.032661,0.004033,-0.019093,0.018465,0.083034,0.075630,0.002181,-0.054306,0.057069,0.028287,0.099274,-0.059807,0.016736,0.017531,0.075726,0.114246,0.075815,0.036434,0.042105,0.115244,-0.025935,0.033790,0.031990,-0.041122,0.098150,1.000000,0.048708,-0.149191,-0.026801,0.045824,0.009067,-0.054437,0.100654,0.020576,0.003406,0.059278,0.011852,-0.009481,0.051657,-0.030804,-0.011709,0.016139,-0.153779,-0.081488,0.016754,0.093907,-0.008119,-0.020449,-0.032436,0.030726,-0.051919,-0.077554,-0.030939,-0.014305,-0.014978,0.104893,0.046416,0.063686,0.004434,0.033120,-0.064022
0.092690,0.004397,0.060679,0.056376,0.142837,0.030511,0.010981,-0.037850,0.042358,0.058651,0.061116,-0.098180,-0.051821,0.139796,0.041939,-0.050006,0.136263,0.060752,0.004012,-0.012093,-0.014372,0.000343,0.070553,-0.004615,-0.001760,-0.118299,0.027575,0.029883,-0.012035,-0.033227,-0.136497,-0.024606,0.048708,1.000000,0.007156,-0.003021,0.029139,0.109246,0.037935,0.048729,-0.091184,0.011223,-0.005715,0.061057,-0.020852,0.084587,0.060222,0.064498,0.038623,0.074648,0.015294,0.004433,0.052927,-0.031556,-0.007360,0.013954,0.009301,0.023053,0.011165,-0.024915,0.091756,0.097338,-0.092796,-0.022515,0.086287,-0.002806,-0.006669,-0.024461
-0.051188,-0.011739,0.087770,-0.054823,0.032627,-0.000886,-0.017538,-0.005922,0.020809,0.108916,0.102440,-0.084923,-0.017032,0.054500,-0.057751,0.018096,-0.020609,-0.019195,-0.004853,-0.020402,0.053280,0.028033,-0.044933,0.073439,0.043176,0.033452,-0.005645,0.050655,-0.030799,0.017097,-0.026869,-0.067454,-0.149191,0.007156,1.000000,0.102814,-0.003096,0.036479,0.022694,0.027942,-0.020160,0.009241,-0.001819,0.023643,0.109397,-0.032971,-0.026083,0.034362,-0.012562,0.039483,0.035941,0.070937,0.010092,0.018488,-0.023636,-0.004710,-0.024793,0.068428,0.007393,-0.041392,0.056101,-0.104262,-0.033992,0.047004,0.095175,-0.030021,0.011682,0.174062
0.037127,0.151786,0.050601,0.029418,-0.017343,-0.030391,0.043461,-0.036903,-0.009891,0.044432,-0.022664,-0.004308,0.019216,-0.051878,0.056573,0.004421,-0.032768,0.013977,0.013185,0.026105,-0.045711,-0.004390,-0.000102,0.086649,-0.086219,-0.026630,-0.007093,0.034323,0.020400,0.064344,0.013755,0.031411,-0.026801,-0.003021,0.102814,1.000000,-0.013609,0.026549,0.061702,-0.089573,0.036057,-0.025907,0.008980,0.033980,-0.021145,-0.034386,0.048274,-0.032659,-0.036217,-0.027581,-0.013384,0.075891,0.066700,-0.034482,-0.045297,-0.025946,-0.063281,0.006781,0.018140,0.064453,0.055233,-0.058500,0.034291,0.085966,0.014790,0.049750,-0.004786,-0.040084
-0.006105,-0.021440,-0.025092,-0.033106,-0.059951,0.000498,-0.010782,0.086217,-0.005230,0.028921,0.043809,0.070980,0.067703,0.082684,0.067040,0.027755,0.065609,0.041931,-0.006559,-0.011834,0.026893,0.012736,-0.035461,-0.039995,-0.011199,0.030191,-0.010095,-0.096553,0.064544,0.038457,0.076840,0.062419,0.045824,0.029139,-0.003096,-0.013609,1.000000,0.084201,-0.099034,-0.055069,0.015033,-0.014672,0.016386,0.113404,-0.056431,-0.010274,-0.072297,-0.012487,0.040622,0.035004,-0.014089,0.008630,0.110914,-0.020962,-0.034969,-0.004804,-0.005427,-0.075315,-0.003718,-0.124574,0.098685,0.122947,0.007110,0.024690,0.060919,-0.028481,0.005376,0.128228
0.027173,0.030857,-0.023620,0.121879,0.064103,-0.092107,0.041588,0.051336,0.033299,-0.047998,0.025458,0.007184,0.016205,-0.026022,0.021424,0.076689,-0.004452,-0.003434,-0.049035,-0.028106,0.006624,0.012248,0.053106,0.001299,-0.061777,0.067587,-0.017434,0.052632,0.148018,-0.063486,-0.059459,-0.051570,0.009067,0.109246,0.036479,0.026549,0.084201,1.000000,0.006159,0.017922,0.018286,0.096403,-0.014951,-0.014451,0.054515,0.065386,0.063291,0.006757,0.049908,-0.000157,0.006585,0.058510,-0.015324,0.044113,-0.084061,-0.107437,-0.000887,-0.087776,0.019535,-0.057615,-0.031921,0.000486,0.090379,0.079680,-0.008174,-0.013556,0.094932,0.010483
-0.078715,0.001864,0.025386,-0.017869,0.095270,0.040721,0.067434,0.005753,-0.012956,0.038261,-0.054653,-0.048546,0.061902,0.001102,0.036415,0.005184,-0.009294,0.070115,0.010596,0.085684,-0.076497,-0.088523,0.026603,0.009274,-0.122392,-0.061743,0.029585,-0.033880,-0.150412,-0.075471,-0.013878,-0.098323,-0.054437,0.037935,0.022694,0.061702,-0.099034,0.006159,1.000000,0.099633,0.041022,0.005085,-0.058197,0.007821,-0.047510,0.005965,0.021961,-0.039186,0.012822,0.033667,-0.033201,-0.016820,0.014679,-0.073260,-0.075003,0.024701,-0.020204,0.068787,-0.031886,0.041075,-0.050427,0.006580,-0.021081,-0.002738,0.094580,0.057907,-0.008958,0.199392
0.069112,-0.004939,0.003341,-0.022573,0.115195,0.013473,-0.023931,0.058330,0.074647,-0.052830,-0.012121,0.066326,0.023594,0.012403,0.035477,-0.017507,0.013184,-0.012544,-0.095380,0.084743,0.034898,0.031770,0.119514,0.019185,-0.028267,0.103820,0.083463,0.007596,-0.039863,-0.044010,0.003622,0.006988,0.100654,0.048729,0.027942,-0.089573,-0.055069,0.017922,0.099633,1.000000,0.021016,0.141419,0.193010,-0.013717,0.113465,-0.019107,0.038071,0.006292,0.057408,0.063352,0.026290,0.023836,-0.008746,0.008647,0.077546,0.032675,0.012190,0.051756,0.056912,0.036442,0.049112,0.009407,0.004988,-0.018729,-0.021114,-0.088852,-0.015252,0.148187
-0.056421,0.036777,0.013975,0.094134,0.000411,0.062646,0.029054,0.104216,0.014952,-0.011733,-0.013796,-0.009441,-0.024342,0.028154,0.067979,0.044171,0.038894,0.018364,-0.088571,0.024241,0.013184,-0.072242,0.078069,-0.096939,-0.000268,0.050403,0.093745,0.031248,-0.059007,-0.016871,-0.005476,0.095022,0.020576,-0.091184,-0.020160,0.036057,0.015033,0.018286,0.041022,0.021016,1.000000,0.019447,0.037956,0.010463,-0.057086,-0.028417,0.001206,-0.013984,0.061832,0.034534,0.102088,-0.027960,-0.025604,0.123405,-0.002597,-0.058700,0.040826,-0.093402,-0.001347,0.013846,-0.013034,-0.004886,0.033867,0.034014,0.026800,0.004391,0.040186,0.005491
-0.033200,-0.003194,-0.016938,-0.004823,-0.007206,0.027385,0.139762,0.585856,0.020286,0.069468,0.064759,-0.026267,0.169948,0.167015,0.059067,0.018735,0.015942,-0.026267,-0.010679,0.140103,-0.031185,-0.020289,0.018182,-0.080682,-0.034995,0.037044,0.011731,-0.013132,-0.008575,0.079681,0.014586,-0.037168,0.003406,0.011223,0.009241,-0.025907,-0.014672,0.096403,0.005085,0.141419,0.019447,1.000000,0.151871,0.125457,0.100427,-0.005835,0.069683,0.153699,0.039194,0.078473,0.013215,-0.000536,-0.005621,-0.014818,-0.030839,-0.101613,0.005717,0.006836,0.035457,-0.043243,-0.016404,-0.014135,-0.011206,0.101281,0.007204,-0.004085,0.068023,0.045749
-0.023166,-0.073703,0.029091,0.000618,0.005417,0.019306,0.024988,0.127168,0.024434,0.062079,-0.004234,0.091925,0.027565,0.024925,0.051586,0.017293,-0.056271,-0.020978,-0.035453,0.032818,-0.042637,-0.065578,0.028068,-0.007182,-0.028651,0.049555,0.039288,-0.008875,0.072232,0.047312,0.059484,0.000490,0.059278,-0.005715,-0.001819,0.008980,0.016386,-0.014951,-0.058197,0.193010,0.037956,0.151871,1.000000,0.168358,0.084275,-0.097079,0.007729,-0.045697,-0.025695,0.032340,0.015468,-0.018943,-0.051769,-0.056023,-0.032533,-0.071420,0.083359,0.031572,0.073532,0.121967,0.048300,-0.008024,0.039753,0.032556,-0.043894,-0.010189,-0.054949,0.057797
-0.024341,-0.015825,-0.024670,-0.040009,-0.063205,-0.021039,0.074042,0.145634,0.039592,0.322484,0.092203,-0.067253,0.093684,0.195106,-0.017729,-0.007934,0.008443,0.058440,0.022750,0.098711,0.022843,0.049515,0.080160,-0.028811,0.029504,0.003461,-0.038468,0.031741,0.041810,0.073114,0.034427,0.024334,0.011852,0.061057,0.023643,0.033980,0.113404,-0.014451,0.007821,-0.013717,0.010463,0.125457,0.168358,1.000000,0.145485,-0.091695,-0.017027,0.051246,-0.041272,-0.018637,0.064771,-0.012681,0.060870,0.001211,-0.035028,-0.016667,0.018244,-0.029809,0.054611,0.090009,-0.024085,0.009466,0.067963,0.141744,0.020185,0.029827,-0.038910,0.033780
-0.070788,-0.041626,0.084069,-0.038040,-0.026152,0.023407,0.017969,0.102351,-0.052445,0.172664,0.181091,-0.000191,0.006458,0.193292,0.027660,0.027158,-0.035341,-0.037398,-0.026862,0.035305,0.010846,0.047060,0.037717,0.020129,0.039841,0.167992,0.040175,0.029666,0.056570,0.109701,0.065951,0.001112,-0.009481,-0.020852,0.109397,-0.021145,-0.056431,0.054515,-0.047510,0.113465,-0.057086,0.100427,0.084275,0.145485,1.000000,-0.016506,0.041327,0.485951,0.135217,-0.024332,0.016220,0.078003,-0.063465,0.125773,-0.124596,-0.045014,0.107484,-0.063423,-0.033980,0.044746,0.014737,-0.004449,0.025121,0.018867,-0.031278,0.004946,0.017580,0.114170
-0.011211,-0.075430,0.032941,-0.019852,0.044184,-0.006828,0.010489,-0.036065,-0.012904,-0.062411,0.004022,0.033980,-0.051282,-0.022598,0.008546,-0.014631,0.017199,0.037993,0.001810,-0.032625,0.060826,0.062196,0.032965,-0.039205,-0.027120,0.058855,0.008572,0.003738,-0.022773,-0.149096,-0.023413,0.019405,0.051657,0.084587,-0.032971,-0.034386,-0.010274,0.065386,0.005965,-0.019107,-0.028417,-0.005835,-0.097079,-0.091695,-0.016506,1.000000,0.117103,0.072824,0.149255,-0.000954,-0.101053,-0.002228,-0.036666,0.109141,0.003926,0.030089,-0.023173,0.042026,0.035261,-0.066487,0.021990,0.017223,0.007479,0.062642,-0.014429,-0.031518,0.014326,0.062473
-0.005617,0.016875,-0.052637,-0.023815,-0.030871,-0.001800,0.098861,0.076836,-0.061454,-0.054537,-0.076210,0.066053,0.127481,-0.032421,0.076693,0.011062,-0.003909,0.020659,0.027768,0.011703,-0.060640,0.022440,0.076725,0.035294,-0.077585,0.044083,-0.082050,0.062355,0.042650,-0.002220,0.048086,-0.058981,-0.030804,0.060222,-0.026083,0.048274,-0.072297,0.063291,0.021961,0.038071,0.001206,0.069683,0.007729,-0.017027,0.041327,0.117103,1.000000,0.109204,0.164791,0.029134,0.003681,0.017054,-0.054967,0.127805,0.033009,0.049766,-0.037323,0.076210,-0.003828,0.065417,0.063446,0.024136,-0.040159,0.028605,-0.051818,-0.153727,0.047504,0.005950
-0.066779,0.016444,0.037818,-0.032854,-0.009908,-0.006108,0.006141,0.117671,-0.093338,0.070132,0.121337,0.003318,0.012586,0.243916,-0.024622,-0.030654,-0.018738,-0.023211,0.011445,0.045913,-0.058035,-0.019251,0.062064,0.020283,-0.044300,0.041737,-0.022762,0.033740,0.014171,-0.009671,0.016521,0.028487,-0.011709,0.064498,0.034362,-0.032659,-0.012487,0.006757,-0.039186,0.006292,-0.013984,0.153699,-0.045697,0.051246,0.485951,0.072824,0.109204,1.000000,0.224752,-0.011443,-0.009207,-0.024993,-0.086860,0.174540,-0.094948,-0.040321,0.011929,0.009567,-0.030611,0.052864,0.032616,0.049096,0.019711,-0.017990,0.002242,0.004230,-0.077813,0.079509
-0.037374,-0.054576,0.016453,-0.005550,-0.067313,0.010016,-0.017306,0.017627,-0.096298,0.035262,0.048106,0.102272,0.004148,0.108423,0.161673,-0.035230,-0.091027,0.057356,0.022516,0.098356,-0.034203,-0.101810,0.063817,0.002519,-0.005717,0.172198,0.044101,0.083877,-0.011407,-0.094255,0.021976,0.036419,0.016139,0.038623,-0.012562,-0.036217,0.040622,0.049908,0.012822,0.057408,0.061832,0.039194,-0.025695,-0.041272,0.135217,0.149255,0.164791,0.224752,1.000000,0.036849,-0.022286,0.019604,-0.064269,0.200647,-0.017740,-0.036823,0.020086,0.021396,-0.054287,0.085639,-0.036263,0.069781,-0.024778,0.028205,-0.051957,-0.019888,-0.026651,0.023271
0.087042,0.086872,0.086992,0.043968,0.000201,-0.030842,0.073726,0.074757,-0.023445,-0.008191,-0.007630,-0.032354,-0.045898,0.029990,0.154325,-0.048661,0.073004,-0.032366,0.002623,0.037806,0.016224,-0.021527,0.002554,0.027551,-0.035561,0.001253,-0.086691,0.067369,-0.010382,-0.024415,0.073132,-0.019469,-0.153779,0.074648,0.039483,-0.027581,0.035004,-0.000157,0.033667,0.063352,0.034534,0.078473,0.032340,-0.018637,-0.024332,-0.000954,0.029134,-0.011443,0.036849,1.000000,-0.035081,0.089701,-0.045807,0.007321,-0.002350,0.050266,0.028632,0.114200,0.090269,0.001364,0.012310,0.037029,-0.129101,-0.050335,-0.057193,-0.009038,0.064945,-0.043169
0.011245,0.022714,0.043119,-0.035063,-0.023890,-0.002242,-0.033940,0.074639,0.023196,0.005854,0.093461,0.005615,0.137234,0.084323,-0.021547,0.029924,-0.022399,-0.006704,0.021003,0.033669,0.050095,-0.010583,0.023388,-0.024276,0.053712,-0.050461,-0.010286,-0.011583,-0.068770,0.022515,0.028885,0.060835,-0.081488,0.015294,0.035941,-0.013384,-0.014089,0.006585,-0.033201,0.026290,0.102088,0.013215,0.015468,0.064771,0.016220,-0.101053,0.003681,-0.009207,-0.022286,-0.035081,1.000000,0.007839,0.012350,0.042578,-0.076529,-0.077384,0.065617,-0.041029,0.013655,0.050476,-0.040890,0.045483,-0.030731,0.013485,0.031338,0.002337,-0.032543,0.112594
-0.002767,-0.073486,-0.000019,-0.020523,-0.066342,0.014352,0.025441,0.018142,0.002762,0.096949,0.034979,-0.061528,-0.044218,0.032701,0.021840,-0.011920,0.012792,-0.030578,-0.061136,0.049348,0.019029,0.015488,0.007062,0.046722,-0.007237,0.068114,-0.078338,-0.003405,0.010883,0.026468,-0.045315,0.006313,0.016754,0.004433,0.070937,0.075891,0.008630,0.058510,-0.016820,0.023836,-0.027960,-0.000536,-0.018943,-0.012681,0.078003,-0.002228,0.017054,-0.024993,0.019604,0.089701,0.007839,1.000000,0.097311,0.029785,-0.011121,0.050563,-0.066208,0.043369,0.004625,-0.002952,-0.020351,-0.051420,0.034644,0.031153,-0.009972,0.059263,-0.072763,0.008379
-0.015110,-0.109440,-0.094052,-0.103776,-0.045106,0.011058,-0.013692,0.043223,0.037029,0.039179,-0.022533,-0.030203,0.015901,-0.006549,-0.076698,0.031991,0.085121,-0.042006,0.084518,-0.107286,0.067361,0.011351,0.003108,-0.077570,0.022258,-0.027315,-0.023117,-0.025457,0.043501,0.137394,-0.074409,0.065123,0.093907,0.052927,0.010092,0.066700,0.110914,-0.015324,0.014679,-0.008746,-0.025604,-0.005621,-0.051769,0.060870,-0.063465,-0.036666,-0.054967,-0.086860,-0.064269,-0.045807,0.012350,0.097311,1.000000,-0.003962,-0.026650,-0.065350,0.014319,-0.125473,-0.024809,-0.068914,-0.015287,-0.068773,0.046618,-0.020172,0.014828,-0.030502,0.026433,-0.122411
0.013958,0.032081,-0.017633,-0.005057,-0.015603,0.076451,0.002287,0.007254,-0.084733,-0.037508,0.047601,-0.022947,0.010334,0.044185,-0.030299,0.023967,-0.022463,0.014470,-0.007576,0.003406,0.056838,-0.021898,0.033444,-0.019514,-0.007068,0.032759,-0.005330,-0.012311,0.101147,-0.056581,-0.022124,0.039319,-0.008119,-0.031556,0.018488,-0.034482,-0.020962,0.044113,-0.073260,0.008647,0.123405,-0.014818,-0.056023,0.001211,0.125773,0.109141,0.127805,0.174540,0.200647,0.007321,0.042578,0.029785,-0.003962,1.000000,-0.021151,-0.057397,-0.004467,-0.050166,0.002084,-0.071871,-0.055480,0.003996,0.070995,0.046635,-0.139922,-0.057300,-0.031352,-0.005717
0.067600,0.011171,-0.140496,-0.017614,-0.002119,0.042578,0.026207,-0.034201,0.090940,-0.062140,-0.095707,-0.061736,-0.024782,-0.029917,0.050265,0.026664,-0.013169,0.065274,0.031803,0.052818,0.070185,0.100162,0.008707,0.018847,0.092939,0.044863,-0.027108,-0.032059,-0.002597,-0.009868,-0.053886,0.028537,-0.020449,-0.007360,-0.023636,-0.045297,-0.034969,-0.084061,-0.075003,0.077546,-0.002597,-0.030839,-0.032533,-0.035028,-0.124596,0.003926,0.033009,-0.094948,-0.017740,-0.002350,-0.076529,-0.011121,-0.026650,-0.021151,1.000000,0.409433,-0.012556,0.015910,0.021621,0.063034,0.060835,0.001310,-0.017151,0.033553,0.040269,-0.054248,0.049248,-0.031626
-0.029525,0.011649,-0.056915,0.023690,0.014840,0.016171,-0.007391,-0.010225,0.000737,0.033586,-0.004894,0.019050,0.019657,0.005018,0.025699,-0.050882,0.002881,0.083130,-0.019749,0.047435,0.037130,0.081121,0.006010,0.061827,0.013931,-0.054517,-0.057891,0.029449,0.034753,0.011385,-0.101235,-0.007280,-0.032436,0.013954,-0.004710,-0.025946,-0.004804,-0.107437,0.024701,0.032675,-0.058700,-0.101613,-0.071420,-0.016667,-0.045014,0.030089,0.049766,-0.040321,-0.036823,0.050266,-0.077384,0.050563,-0.065350,-0.057397,0.409433,1.000000,-0.073452,0.136433,0.014833,0.071466,0.082112,-0.034204,-0.071082,0.072066,0.093690,-0.008631,0.019426,0.021872
0.006879,-0.120880,0.035185,-0.075747,0.013420,0.073996,0.000789,0.004829,0.029926,-0.014113,-0.050369,0.042262,0.078198,-0.058907,-0.052308,-0.043438,-0.020569,0.011179,-0.017694,0.017480,-0.001116,0.019640,-0.010488,-0.013949,-0.004453,0.041460,0.075035,-0.010368,0.018281,-0.020971,0.033849,0.011958,0.030726,0.009301,-0.024793,-0.063281,-0.005427,-0.000887,-0.020204,0.012190,0.040826,0.005717,0.083359,0.018244,0.107484,-0.023173,-0.037323,0.011929,0.020086,0.028632,0.065617,-0.066208,0.014319,-0.004467,-0.012556,-0.073452,1.000000,-0.091355,0.093490,-0.043963,0.011766,-0.023936,0.044079,-0.024208,-0.010827,-0.024875,0.002349,-0.021240
0.062777,-0.046603,0.032927,0.035494,0.040397,-0.077573,0.044548,-0.023900,-0.010033,0.091620,-0.050658,0.047919,0.043614,-0.097270,0.014200,-0.117731,0.018605,-0.015434,0.031231,0.003882,-0.021216,0.011353,-0.051114,-0.035057,-0.024558,-0.061270,0.028161,0.043733,-0.000312,-0.035193,0.070066,-0.110932,-0.051919,0.023053,0.068428,0.006781,-0.075315,-0.087776,0.068787,0.051756,-0.093402,0.006836,0.031572,-0.029809,-0.063423,0.042026,0.076210,0.009567,0.021396,0.114200,-0.041029,0.043369,-0.125473,-0.050166,0.015910,0.136433,-0.091355,1.000000,0.113972,-0.003099,0.059161,-0.084109,-0.048137,0.006211,-0.080502,-0.095312,0.050743,0.122787
0.123964,0.097156,0.048943,-0.067112,0.046117,-0.033802,0.007951,-0.006806,-0.038041,-0.031706,0.051457,0.058330,0.014981,-0.025990,0.020087,-0.073712,0.076815,0.103260,0.007752,-0.010900,0.041790,0.005758,0.082077,-0.062599,-0.028085,-0.063347,-0.066893,-0.048860,0.033256,0.054640,0.072865,-0.061295,-0.077554,0.011165,0.007393,0.018140,-0.003718,0.019535,-0.031886,0.056912,-0.001347,0.035457,0.073532,0.054611,-0.033980,0.035261,-0.003828,-0.030611,-0.054287,0.090269,0.013655,0.004625,-0.024809,0.002084,0.021621,0.014833,0.093490,0.113972,1.000000,-0.010124,-0.074840,-0.113081,0.084482,-0.030405,-0.014443,0.092833,0.045802,0.042658
-0.038124,0.043792,-0.069083,0.033815,0.083110,0.029801,0.041498,-0.029792,0.047744,0.064500,-0.125071,0.040354,0.013157,-0.035467,0.121580,0.024275,-0.107456,-0.016024,0.062724,0.058278,-0.034338,-0.028359,0.037334,0.107120,0.050355,0.000686,-0.018991,0.044647,-0.004906,-0.014083,0.048838,0.001264,-0.030939,-0.024915,-0.041392,0.064453,-0.124574,-0.057615,0.041075,0.036442,0.013846,-0.043243,0.121967,0.090009,0.044746,-0.066487,0.065417,0.052864,0.085639,0.001364,0.050476,-0.002952,-0.068914,-0.071871,0.063034,0.071466,-0.043963,-0.003099,-0.010124,1.000000,0.012525,0.027968,0.003947,0.087780,0.054218,0.046668,-0.026748,0.071756
0.042353,0.035396,0.033126,0.030951,-0.053178,-0.048381,0.008386,-0.023562,-0.007476,0.138689,-0.082656,0.059146,0.001375,-0.015112,0.094532,-0.040191,0.034963,0.021670,-0.059289,0.043334,0.054306,0.060132,0.009099,0.031513,-0.050411,-0.075256,0.070350,-0.022665,-0.032310,-0.015319,-0.045342,-0.015400,-0.014305,0.091756,0.056101,0.055233,0.098685,-0.031921,-0.050427,0.049112,-0.013034,-0.016404,0.048300,-0.024085,0.014737,0.021990,0.063446,0.032616,-0.036263,0.012310,-0.040890,-0.020351,-0.015287,-0.055480,0.060835,0.082112,0.011766,0.059161,-0.074840,0.012525,1.000000,0.170769,-0.047338,0.102046,0.038715,-0.059438,-0.056274,0.089213
0.089755,0.012852,-0.075439,0.062731,-0.091025,-0.105101,-0.084422,-0.030838,-0.032086,-0.011715,-0.041515,-0.022278,-0.139963,0.001967,0.056123,0.005719,0.052883,-0.033398,-0.008024,0.056291,-0.023977,-0.013850,-0.011386,-0.012153,-0.049135,-0.017313,-0.002085,-0.002875,-0.056742,-0.064564,0.089529,0.059255,-0.014978,0.097338,-0.104262,-0.058500,0.122947,0.000486,0.006580,0.009407,-0.004886,-0.014135,-0.008024,0.009466,-0.004449,0.017223,0.024136,0.049096,0.069781,0.037029,0.045483,-0.051420,-0.068773,0.003996,0.001310,-0.034204,-0.023936,-0.084109,-0.113081,0.027968,0.170769,1.000000,-0.089345,0.028879,-0.023723,0.029791,0.050975,0.051327
