1.000000,0.521573,0.409368,0.352480,0.506298,0.193147,0.083405,0.011011,-0.013939,-0.028826,0.339959,0.149400,0.092447,0.314513,0.396926,0.408894,0.431146,0.337365,0.197930,0.327630,0.023970,0.015507,-0.004095,0.003813,-0.162520,-0.049848,-0.044817,0.198018,0.098342,0.192228,0.158475,0.405134,0.135499,0.815135,-0.097682,-0.043761,0.215404,0.125054,-0.115298,-0.189871,0.001459,-0.251787,-0.128758,-0.155309,0.183362,-0.200581,-0.286838,0.062363,0.137709,-0.094017,-0.072486,-0.157060,-0.195829,0.107174,-0.051524,-0.052635,-0.100946,-0.021275,-0.066177,-0.010121,0.084674,0.053174,-0.035243,-0.073876,-0.096533,-0.132395,0.059160,-0.123833
0.521573,1.000000,0.318603,0.152460,0.624104,0.321166,0.365923,0.209348,0.255062,0.130925,0.172326,0.004123,0.153423,0.185034,0.230673,0.328950,0.343638,0.320022,0.104209,0.254201,0.149159,0.152423,-0.051980,0.127188,-0.186741,-0.114429,-0.158927,-0.025183,0.059366,0.031259,0.118709,0.138830,0.024827,0.573838,0.006120,0.052746,0.087266,0.172272,-0.080780,-0.039654,0.261512,0.001773,0.099533,-0.011129,0.052174,-0.076008,-0.113395,-0.004990,0.056855,-0.136139,-0.129010,-0.045034,-0.098149,-0.006349,-0.000510,0.010337,0.013756,-0.001025,-0.002129,-0.059545,0.051892,-0.027674,0.129901,0.037218,-0.092374,-0.127213,0.076041,-0.110733
0.409368,0.318603,1.000000,0.426775,0.329770,0.337844,0.169723,0.231621,0.207445,0.138334,0.316733,0.209035,0.291621,0.340281,0.353905,0.252260,0.282746,0.298171,0.230548,0.254288,0.098600,0.101040,-0.036757,0.087332,-0.177734,-0.137561,-0.155441,-0.029490,0.079957,0.148555,0.156135,0.204439,0.100429,0.386643,-0.038677,0.008423,0.364028,0.358871,-0.022570,-0.012269,0.238762,0.002421,0.082305,0.013792,0.266256,-0.053120,-0.089277,0.156415,0.264754,-0.028054,0.037764,0.023093,-0.023321,0.196742,-0.049567,-0.045310,-0.047476,-0.064271,-0.063633,-0.002021,-0.017152,-0.093332,0.129496,0.100379,-0.000287,-0.082373,0.124533,-0.020334
0.352480,0.152460,0.426775,1.000000,0.289365,0.364280,0.176450,0.362643,0.176157,0.008195,0.215826,0.775629,0.583560,0.294348,0.248327,0.101251,0.160851,0.061575,0.006374,0.181893,0.035519,0.044802,-0.075214,0.052345,-0.182646,-0.219520,-0.194296,-0.113853,0.009610,0.018950,0.031437,-0.011366,0.046604,0.232937,-0.011667,0.001242,0.538655,0.740932,0.015508,0.079920,0.324248,0.141946,0.117760,-0.045709,0.048920,0.068084,0.118678,0.004166,0.076142,-0.071736,0.010154,-0.043466,-0.050936,-0.001888,-0.020723,-0.012512,0.006931,-0.025766,0.026080,0.117143,0.140888,0.039510,0.222834,0.121984,0.017291,-0.013640,0.118776,0.026625
0.506298,0.624104,0.329770,0.289365,1.000000,0.463254,0.460326,0.280968,0.283126,0.104959,0.292617,0.126079,0.272033,0.325288,0.320459,0.362792,0.430687,0.290386,0.079364,0.282430,0.057967,0.061675,-0.131513,0.042978,-0.242585,-0.200911,-0.238062,-0.109672,0.006776,-0.000441,0.106083,0.102217,0.030764,0.699568,0.018944,0.044327,0.110748,0.209503,-0.082842,-0.055410,0.268342,-0.048086,0.073284,-0.075398,0.037958,-0.100508,-0.128415,-0.044635,0.079807,-0.184387,-0.158062,-0.027950,-0.105392,0.004090,-0.027490,-0.009786,0.007693,-0.015879,0.045699,-0.011049,0.157523,0.092792,0.163282,0.057915,-0.096842,-0.050946,0.066807,-0.067605
0.193147,0.321166,0.337844,0.364280,0.463254,1.000000,0.562739,0.829097,0.822363,0.555144,0.447122,0.253186,0.715284,0.550344,0.376973,0.321210,0.299504,0.254611,0.235625,0.267956,0.033487,0.063780,-0.059776,0.028821,-0.164403,-0.214778,-0.222378,-0.156880,0.054081,0.069411,0.134687,-0.034949,0.073314,0.228068,0.115892,0.123201,0.204490,0.438206,0.051802,0.225782,0.638260,0.420358,0.446315,0.282881,0.235609,0.055103,0.096333,0.115489,0.227766,-0.033781,0.018033,0.220951,0.087633,0.115849,0.024147,0.037255,0.012926,-0.016970,0.078661,0.070848,0.090808,0.061217,0.361804,0.288656,0.073197,0.022457,0.120362,0.109474
0.083405,0.365923,0.169723,0.176450,0.460326,0.562739,1.000000,0.545945,0.624662,0.386407,0.089077,0.110963,0.385537,0.145274,0.085601,0.140366,0.199239,0.069642,0.040755,0.061074,0.002768,0.030019,-0.095155,0.006614,-0.118793,-0.163550,-0.191488,-0.163569,-0.016305,-0.029294,0.065176,-0.092121,-0.000737,0.144869,0.126020,0.097486,0.131541,0.267713,0.016507,0.288927,0.546666,0.412236,0.417435,0.276777,0.042174,0.075732,0.147339,0.035148,0.057814,-0.022327,0.044144,0.130430,0.082683,-0.014688,0.009323,0.023331,0.011886,0.011968,0.074869,0.028214,0.054225,0.036720,0.276181,0.259777,0.074272,0.072953,0.069588,0.063523
0.011011,0.209348,0.231621,0.362643,0.280968,0.829097,0.545945,1.000000,0.739203,0.601905,0.258837,0.357439,0.879994,0.390235,0.138262,0.135939,0.128252,0.077849,0.087030,0.072999,0.015296,0.053837,-0.066676,0.030475,-0.079487,-0.172273,-0.164220,-0.163801,0.012787,-0.017825,0.101060,-0.145427,0.053422,0.005902,0.146614,0.140830,0.214270,0.545804,0.108190,0.357681,0.661829,0.742460,0.503852,0.416802,0.147407,0.258421,0.395588,0.078768,0.109699,0.033807,0.064454,0.252962,0.125614,0.021364,0.038374,0.039011,0.019195,-0.032221,0.065427,0.100786,0.069409,0.051354,0.318265,0.281837,0.080746,0.063848,0.143282,0.154893
-0.013939,0.255062,0.207445,0.176157,0.283126,0.822363,0.624662,0.739203,1.000000,0.717314,0.199172,0.079131,0.505761,0.293620,0.143370,0.211933,0.175437,0.127847,0.168999,0.093706,-0.009594,0.029771,-0.043131,-0.027455,-0.131851,-0.197503,-0.208462,-0.165090,0.015898,0.002156,0.090227,-0.132172,0.040814,0.011303,0.204455,0.177047,0.107166,0.293749,0.132026,0.424306,0.708460,0.576918,0.690064,0.546696,0.168253,0.052378,0.154942,0.134020,0.142426,0.125737,0.141539,0.289729,0.240308,0.056008,0.009950,0.031262,0.034901,-0.009778,0.090531,0.106297,0.069872,0.067735,0.418772,0.406748,0.184537,0.075789,0.080685,0.188606
-0.028826,0.130925,0.138334,0.008195,0.104959,0.555144,0.386407,0.601905,0.717314,1.000000,0.206776,-0.135074,0.327358,0.265136,0.052255,0.321687,0.165913,0.129270,0.131111,0.023464,-0.043064,-0.004741,-0.041584,-0.047144,-0.028736,-0.066292,-0.065706,-0.067252,0.036824,-0.030792,0.054570,-0.081005,0.074566,-0.014589,0.279237,0.244204,0.047982,0.160801,0.201048,0.335607,0.447010,0.580913,0.574910,0.815047,0.200756,-0.030223,0.132813,0.136626,0.088178,0.353183,0.283963,0.388634,0.311892,0.034715,0.008436,0.030624,0.047313,-0.015373,0.054336,0.049585,0.004600,0.104256,0.261603,0.332178,0.217469,0.136325,0.072421,0.276359
0.339959,0.172326,0.316733,0.215826,0.292617,0.447122,0.089077,0.258837,0.199172,0.206776,1.000000,0.086701,0.316460,0.958899,0.777784,0.423542,0.294320,0.401157,0.313502,0.526783,0.005529,-0.013778,0.022977,0.013450,-0.094712,-0.043422,-0.053593,0.054944,0.132129,0.138418,0.123004,0.201745,0.117462,0.366678,0.004352,0.048070,0.082536,0.210707,-0.023969,-0.128156,0.094593,-0.110932,-0.040421,-0.048590,0.408293,-0.146889,-0.245637,0.136985,0.353794,-0.083074,-0.075458,0.100810,-0.070537,0.244135,-0.004158,0.010868,-0.006165,-0.036503,0.031844,-0.001192,0.050669,0.050033,0.060255,-0.000378,-0.057958,-0.036320,0.109448,0.002966
0.149400,0.004123,0.209035,0.775629,0.126079,0.253186,0.110963,0.357439,0.079131,-0.135074,0.086701,1.000000,0.665235,0.186473,0.081310,-0.095135,-0.007694,-0.153007,-0.079751,-0.011626,0.010733,0.020400,-0.117664,0.022532,-0.152170,-0.214569,-0.174928,-0.184590,-0.001130,-0.027607,-0.000322,-0.129288,-0.020474,0.003950,-0.162310,-0.134682,0.417688,0.552155,-0.058903,0.037099,0.216446,0.147346,0.030244,-0.145198,-0.017313,0.197003,0.264889,-0.005562,-0.028253,-0.139287,-0.077602,-0.066949,-0.081976,-0.064661,0.011535,-0.002084,-0.039253,-0.029657,-0.003294,0.084229,0.133696,0.028531,0.179191,0.046954,-0.040007,-0.065730,0.083893,-0.064493
0.092447,0.153423,0.291621,0.583560,0.272033,0.715284,0.385537,0.879994,0.505761,0.327358,0.316460,0.665235,1.000000,0.464430,0.210328,0.076018,0.104620,0.013721,0.052279,0.083639,0.015059,0.044484,-0.080326,0.047868,-0.117536,-0.221385,-0.194667,-0.185246,0.020920,0.004430,0.098837,-0.124468,0.041193,0.046804,0.024011,0.044342,0.304876,0.674098,0.031274,0.209084,0.523724,0.543443,0.299445,0.160221,0.145698,0.317642,0.406443,0.059771,0.106890,-0.070766,-0.021913,0.149327,0.032700,0.029873,0.033180,0.022373,-0.005594,-0.042125,0.035076,0.099664,0.071051,0.028908,0.266375,0.176227,0.002283,0.007899,0.129440,0.067399
0.314513,0.185034,0.340281,0.294348,0.325288,0.550344,0.145274,0.390235,0.293620,0.265136,0.958899,0.186473,0.464430,1.000000,0.766842,0.401990,0.299448,0.353212,0.261938,0.513494,0.013607,0.004700,-0.026027,0.031291,-0.140988,-0.115843,-0.103797,-0.010007,0.121034,0.091139,0.120582,0.116958,0.119697,0.341334,0.024597,0.076881,0.114925,0.294549,-0.002874,-0.069328,0.194297,-0.011170,0.041261,0.003024,0.368102,-0.094306,-0.153686,0.102488,0.298496,-0.091671,-0.063614,0.147137,-0.029438,0.181264,0.011925,0.028016,0.009411,-0.025717,0.030536,-0.001820,0.041869,0.042045,0.136903,0.065496,-0.028452,-0.015863,0.125707,0.034564
0.396926,0.230673,0.353905,0.248327,0.320459,0.376973,0.085601,0.138262,0.143370,0.052255,0.777784,0.081310,0.210328,0.766842,1.000000,0.405397,0.325890,0.639097,0.321552,0.848675,0.173028,0.125660,0.056357,0.156487,-0.098503,-0.002527,-0.060235,0.068606,0.108095,0.150975,0.118511,0.300164,0.105529,0.439346,0.003168,0.041633,0.091260,0.206519,-0.059200,-0.119744,0.128947,-0.180605,-0.041669,-0.129595,0.342128,-0.173647,-0.300427,0.089897,0.380300,-0.134643,-0.093967,0.074901,-0.102724,0.258463,-0.026893,-0.015794,0.014247,-0.036640,0.053810,-0.014803,0.079378,0.029327,0.079906,0.002474,-0.045898,-0.056930,0.115263,-0.040079
0.408894,0.328950,0.252260,0.101251,0.362792,0.321210,0.140366,0.135939,0.211933,0.321687,0.423542,-0.095135,0.076018,0.401990,0.405397,1.000000,0.629440,0.469146,0.336184,0.329428,0.057440,0.051374,0.014378,0.059200,-0.030171,0.062808,0.045934,0.185663,0.186467,0.251294,0.173804,0.363862,0.082285,0.517695,0.043016,0.087703,0.080411,0.044466,0.000952,-0.073070,0.079824,-0.118469,0.034210,0.067432,0.183412,-0.266270,-0.286538,0.052540,0.162769,0.031328,-0.005798,0.131997,0.046875,0.123826,0.043013,0.053966,0.028915,0.020859,0.032574,-0.071697,0.065784,0.069610,0.064568,0.063903,-0.004202,-0.014404,0.074735,0.043683
0.431146,0.343638,0.282746,0.160851,0.430687,0.299504,0.199239,0.128252,0.175437,0.165913,0.294320,-0.007694,0.104620,0.299448,0.325890,0.629440,1.000000,0.374132,0.232395,0.292684,0.017680,0.025967,-0.034241,0.048712,-0.109735,-0.052542,-0.054325,0.067704,0.122200,0.143190,0.347425,0.257837,0.045459,0.556781,0.022218,0.075242,0.115926,0.086812,-0.024732,-0.070616,0.126597,-0.136705,0.007176,-0.043492,0.057033,-0.190264,-0.214077,-0.021577,0.092487,-0.049459,-0.041712,0.014952,-0.029406,0.043516,0.002307,0.017391,0.026265,0.016210,-0.022179,-0.081661,0.078264,0.073737,0.070729,0.036888,-0.021569,-0.030782,0.019360,0.003080
0.337365,0.320022,0.298171,0.061575,0.290386,0.254611,0.069642,0.077849,0.127847,0.129270,0.401157,-0.153007,0.013721,0.353212,0.639097,0.469146,0.374132,1.000000,0.505130,0.697578,0.411952,0.359633,0.264560,0.386976,0.028979,0.055744,-0.068985,0.066867,0.169120,0.291505,0.138462,0.504409,0.127681,0.432471,0.075599,0.093257,0.020969,0.101598,-0.031257,-0.131481,0.096749,-0.113652,-0.038670,-0.037977,0.252340,-0.176087,-0.245122,0.135900,0.421905,-0.108560,-0.096572,0.154492,-0.068774,0.333408,0.065884,0.065668,0.141594,0.053162,0.061818,0.044842,0.075262,-0.033572,0.056092,0.000048,-0.065764,-0.035512,0.098666,-0.029159
0.197930,0.104209,0.230548,0.006374,0.079364,0.235625,0.040755,0.087030,0.168999,0.131111,0.313502,-0.079751,0.052279,0.261938,0.321552,0.336184,0.232395,0.505130,1.000000,0.117473,0.023748,0.005304,0.432533,0.044684,0.165390,0.028117,-0.067408,0.142790,0.360234,0.715051,0.203848,0.544591,0.188858,0.238345,-0.042286,-0.024800,-0.029774,0.042760,-0.130537,-0.108771,-0.013025,-0.095267,-0.025553,-0.031602,0.519896,-0.089385,-0.175221,0.499141,0.614439,-0.034690,-0.034126,0.040829,-0.072231,0.592484,-0.030106,-0.031204,-0.053636,0.033848,-0.044060,0.045405,-0.117900,-0.140836,0.026189,-0.000458,-0.027374,-0.036841,0.004628,-0.086192
0.327630,0.254201,0.254288,0.181893,0.282430,0.267956,0.061074,0.072999,0.093706,0.023464,0.526783,-0.011626,0.083639,0.513494,0.848675,0.329428,0.292684,0.697578,0.117473,1.000000,0.333991,0.266639,0.003485,0.279824,-0.086995,0.020887,-0.028125,0.035290,0.027781,-0.000077,0.056176,0.234327,0.036551,0.377876,0.073657,0.086395,0.096048,0.169768,-0.012545,-0.087030,0.150928,-0.134320,-0.031132,-0.099666,0.082448,-0.159415,-0.263274,-0.118742,0.201448,-0.140202,-0.111762,0.091992,-0.101424,0.084499,-0.022373,-0.013343,0.091539,-0.030949,0.107124,0.021953,0.151578,0.056240,0.069559,-0.017907,-0.044988,-0.059406,0.109183,-0.032613
0.023970,0.149159,0.098600,0.035519,0.057967,0.033487,0.002768,0.015296,-0.009594,-0.043064,0.005529,0.010733,0.015059,0.013607,0.173028,0.057440,0.017680,0.411952,0.023748,0.333991,1.000000,0.951979,0.062120,0.845448,-0.038393,-0.066109,-0.104085,-0.072530,0.041768,-0.033274,0.027466,0.073742,0.001279,0.056606,0.050855,0.032811,0.047745,0.066669,-0.077814,-0.089132,0.017933,-0.003702,-0.076787,-0.073934,0.005563,-0.032392,0.004360,-0.003858,0.088431,-0.085738,-0.097821,0.202419,-0.009043,0.040394,0.418440,0.406081,0.289857,0.310160,0.178390,0.112137,0.078615,-0.055374,0.042871,-0.054396,-0.015304,0.033594,0.065979,-0.088567
0.015507,0.152423,0.101040,0.044802,0.061675,0.063780,0.030019,0.053837,0.029771,-0.004741,-0.013778,0.020400,0.044484,0.004700,0.125660,0.051374,0.025967,0.359633,0.005304,0.266639,0.951979,1.000000,0.045717,0.847837,-0.066624,-0.087621,-0.104459,-0.087971,0.019050,-0.058979,0.017724,0.031852,-0.024866,0.037741,0.039789,0.014125,0.065067,0.082237,-0.086125,-0.074986,0.041192,0.038204,-0.050275,-0.046696,0.006220,-0.018010,0.038717,0.006104,0.069394,-0.095845,-0.104792,0.186499,-0.011501,0.029219,0.475090,0.461102,0.294746,0.342763,0.161224,0.095323,0.067437,-0.052351,0.034071,-0.045032,-0.013606,0.049642,0.081508,-0.098730
-0.004095,-0.051980,-0.036757,-0.075214,-0.131513,-0.059776,-0.095155,-0.066676,-0.043131,-0.041584,0.022977,-0.117664,-0.080326,-0.026027,0.056357,0.014378,-0.034241,0.264560,0.432533,0.003485,0.062120,0.045717,1.000000,0.178988,0.616241,0.122221,-0.058760,0.136215,0.255606,0.518123,0.007360,0.423403,0.128450,0.023066,-0.002967,-0.038293,-0.082875,-0.041840,0.004475,-0.066772,-0.105808,-0.069681,-0.066281,-0.050119,0.188838,-0.003289,-0.071611,0.240497,0.360933,0.035791,0.027329,0.050764,0.035274,0.385428,0.067308,0.042666,0.049665,0.046286,-0.014307,0.115955,-0.044722,-0.049138,-0.058219,-0.037005,-0.000714,0.030219,0.009516,0.013630
0.003813,0.127188,0.087332,0.052345,0.042978,0.028821,0.006614,0.030475,-0.027455,-0.047144,0.013450,0.022532,0.047868,0.031291,0.156487,0.059200,0.048712,0.386976,0.044684,0.279824,0.845448,0.847837,0.178988,1.000000,0.033650,-0.028913,-0.111400,-0.066383,0.069969,0.007882,0.016549,0.119398,0.025641,0.044208,0.058931,0.028225,0.085749,0.101552,-0.060809,-0.080614,0.019295,0.005690,-0.084864,-0.072606,0.017414,-0.006144,0.027967,0.012933,0.111445,-0.064192,-0.062173,0.209506,0.024914,0.077374,0.409847,0.388614,0.287434,0.290049,0.150669,0.125801,0.077685,-0.035179,0.021254,-0.040954,0.007666,0.056927,0.073256,-0.055317
-0.162520,-0.186741,-0.177734,-0.182646,-0.242585,-0.164403,-0.118793,-0.079487,-0.131851,-0.028736,-0.094712,-0.152170,-0.117536,-0.140988,-0.098503,-0.030171,-0.109735,0.028979,0.165390,-0.086995,-0.038393,-0.066624,0.616241,0.033650,1.000000,0.381958,0.235761,0.259918,0.263808,0.365090,-0.022454,0.279389,0.040268,-0.129874,0.066588,0.031020,-0.084241,-0.076498,0.057175,0.006169,-0.134555,0.026803,-0.081351,0.014338,0.008816,0.162886,0.091692,0.054769,0.098973,0.165756,0.109882,-0.018689,0.031631,0.149102,0.057629,0.038870,-0.044048,0.026152,-0.023069,0.051094,0.039017,0.052813,-0.147030,-0.083090,0.068997,0.037233,-0.056744,0.076792
-0.049848,-0.114429,-0.137561,-0.219520,-0.200911,-0.214778,-0.163550,-0.172273,-0.197503,-0.066292,-0.043422,-0.214569,-0.221385,-0.115843,-0.002527,0.062808,-0.052542,0.055744,0.028117,0.020887,-0.066109,-0.087621,0.122221,-0.028913,0.381958,1.000000,0.747507,0.576750,0.122791,0.168806,-0.054562,0.316637,-0.008217,-0.029727,0.052635,0.065892,-0.126682,-0.125371,0.026868,-0.072730,-0.178936,-0.079289,-0.146983,-0.054252,-0.036559,0.034719,-0.027875,-0.036381,0.006136,0.096833,0.076509,-0.113129,-0.029823,0.038901,-0.016192,-0.037394,-0.070551,-0.038277,-0.019384,-0.051290,0.039405,0.063846,-0.203253,-0.125823,0.036983,-0.061371,-0.008026,0.034396
-0.044817,-0.158927,-0.155441,-0.194296,-0.238062,-0.222378,-0.191488,-0.164220,-0.208462,-0.065706,-0.053593,-0.174928,-0.194667,-0.103797,-0.060235,0.045934,-0.054325,-0.068985,-0.067408,-0.028125,-0.104085,-0.104459,-0.058760,-0.111400,0.235761,0.747507,1.000000,0.714110,0.079826,0.073182,-0.040923,0.172409,-0.046908,-0.030962,0.078685,0.097584,-0.111870,-0.128806,0.068235,-0.042954,-0.155595,-0.052738,-0.132418,-0.044847,-0.112691,0.051091,-0.002602,-0.120174,-0.122906,0.068542,0.063017,-0.095422,-0.048039,-0.073307,-0.001757,0.001472,-0.068763,0.007132,-0.026991,-0.110851,0.003088,0.092452,-0.210491,-0.131366,0.033571,-0.053440,-0.027956,0.064236
0.198018,-0.025183,-0.029490,-0.113853,-0.109672,-0.156880,-0.163569,-0.163801,-0.165090,-0.067252,0.054944,-0.184590,-0.185246,-0.010007,0.068606,0.185663,0.067704,0.066867,0.142790,0.035290,-0.072530,-0.087971,0.136215,-0.066383,0.259918,0.576750,0.714110,1.000000,0.179702,0.275889,0.058731,0.403910,0.059379,0.217940,0.079277,0.067028,-0.077157,-0.113560,0.039244,-0.068489,-0.131617,-0.127013,-0.123349,-0.055180,0.024429,-0.067143,-0.148189,-0.011752,-0.005184,0.059868,0.037283,-0.104663,-0.061818,0.050866,0.013860,-0.006082,-0.065150,0.022604,-0.032380,-0.058050,-0.028092,0.055239,-0.160546,-0.085976,-0.008309,-0.097126,-0.072346,0.058542
0.098342,0.059366,0.079957,0.009610,0.006776,0.054081,-0.016305,0.012787,0.015898,0.036824,0.132129,-0.001130,0.020920,0.121034,0.108095,0.186467,0.122200,0.169120,0.360234,0.027781,0.041768,0.019050,0.255606,0.069969,0.263808,0.122791,0.079826,0.179702,1.000000,0.488888,0.096883,0.339451,0.045214,0.108141,-0.044714,-0.032875,-0.013350,0.008898,-0.053735,-0.036436,-0.035245,-0.064196,-0.024808,0.006471,0.187588,-0.020891,-0.065198,0.190885,0.223400,0.074162,0.076717,0.027661,0.023197,0.219139,0.058213,0.059797,0.000756,0.030959,-0.035515,0.018895,-0.051432,-0.059620,0.006963,0.012002,0.081296,0.020706,0.016275,-0.021730
0.192228,0.031259,0.148555,0.018950,-0.000441,0.069411,-0.029294,-0.017825,0.002156,-0.030792,0.138418,-0.027607,0.004430,0.091139,0.150975,0.251294,0.143190,0.291505,0.715051,-0.000077,-0.033274,-0.058979,0.518123,0.007882,0.365090,0.168806,0.073182,0.275889,0.488888,1.000000,0.179241,0.634004,0.167543,0.205598,-0.076084,-0.088902,0.025729,0.037432,-0.093134,-0.074911,-0.070042,-0.147855,-0.073832,-0.102538,0.379193,-0.021504,-0.138920,0.397346,0.458307,-0.015982,-0.013657,-0.066561,-0.108266,0.490666,0.003228,-0.018145,-0.118889,0.023094,-0.067556,0.009421,-0.101236,-0.080612,-0.022436,-0.024488,-0.050450,-0.040295,-0.054598,-0.066870
0.158475,0.118709,0.156135,0.031437,0.106083,0.134687,0.065176,0.101060,0.090227,0.054570,0.123004,-0.000322,0.098837,0.120582,0.118511,0.173804,0.347425,0.138462,0.203848,0.056176,0.027466,0.017724,0.007360,0.016549,-0.022454,-0.054562,-0.040923,0.058731,0.096883,0.179241,1.000000,0.140615,0.033077,0.161128,0.009577,0.045387,0.030936,0.068859,0.040737,0.027785,0.087191,-0.005295,0.032198,0.022546,0.175365,0.014313,-0.008549,0.132310,0.155385,0.048325,0.054319,0.047539,-0.011143,0.131876,0.006423,0.015224,0.009960,0.009203,-0.043424,0.044923,0.017690,0.010356,0.061255,0.041725,-0.008323,0.032570,0.045351,0.037640
0.405134,0.138830,0.204439,-0.011366,0.102217,-0.034949,-0.092121,-0.145427,-0.132172,-0.081005,0.201745,-0.129288,-0.124468,0.116958,0.300164,0.363862,0.257837,0.504409,0.544591,0.234327,0.073742,0.031852,0.423403,0.119398,0.279389,0.316637,0.172409,0.403910,0.339451,0.634004,0.140615,1.000000,0.184247,0.445848,-0.081399,-0.080547,-0.044785,-0.090326,-0.119122,-0.194981,-0.158073,-0.272984,-0.188256,-0.151429,0.259326,-0.195267,-0.305625,0.216256,0.342059,-0.018258,-0.016078,-0.120132,-0.152379,0.365264,-0.032268,-0.050525,-0.084228,-0.077057,-0.061111,-0.055050,-0.043528,-0.050972,-0.106749,-0.104617,-0.047577,-0.071922,-0.028297,-0.084404
0.135499,0.024827,0.100429,0.046604,0.030764,0.073314,-0.000737,0.053422,0.040814,0.074566,0.117462,-0.020474,0.041193,0.119697,0.105529,0.082285,0.045459,0.127681,0.188858,0.036551,0.001279,-0.024866,0.128450,0.025641,0.040268,-0.008217,-0.046908,0.059379,0.045214,0.167543,0.033077,0.184247,1.000000,0.098332,-0.038301,-0.028914,-0.028373,-0.002427,-0.036998,-0.006954,-0.001111,-0.008120,0.020650,0.038142,0.155410,-0.098868,-0.085053,0.144587,0.147857,-0.045924,-0.011931,-0.027092,-0.025181,0.147829,-0.015437,-0.011735,-0.102673,-0.006744,-0.037575,0.015147,0.008011,0.007102,0.051117,0.023880,-0.031265,0.018307,0.107048,-0.002788
0.815135,0.573838,0.386643,0.232937,0.699568,0.228068,0.144869,0.005902,0.011303,-0.014589,0.366678,0.003950,0.046804,0.341334,0.439346,0.517695,0.556781,0.432471,0.238345,0.377876,0.056606,0.037741,0.023066,0.044208,-0.129874,-0.029727,-0.030962,0.217940,0.108141,0.205598,0.161128,0.445848,0.098332,1.000000,-0.068608,0.001283,0.099410,0.063354,-0.129029,-0.224122,0.013586,-0.304662,-0.143297,-0.203299,0.147271,-0.260445,-0.349048,0.024820,0.159455,-0.150791,-0.149042,-0.141085,-0.194208,0.127459,-0.045770,-0.049892,-0.076730,-0.024496,-0.059039,-0.084921,0.084172,0.063377,-0.023209,-0.094568,-0.144487,-0.164429,-0.000876,-0.122391
-0.097682,0.006120,-0.038677,-0.011667,0.018944,0.115892,0.126020,0.146614,0.204455,0.279237,0.004352,-0.162310,0.024011,0.024597,0.003168,0.043016,0.022218,0.075599,-0.042286,0.073657,0.050855,0.039789,-0.002967,0.058931,0.066588,0.052635,0.078685,0.079277,-0.044714,-0.076084,0.009577,-0.081399,-0.038301,-0.068608,1.000000,0.830815,-0.089083,0.170393,0.565950,0.340599,0.345296,0.255744,0.329892,0.360040,-0.072916,0.111254,0.086030,-0.123414,-0.087325,0.265914,0.311590,0.331176,0.331228,-0.108694,0.075160,0.108246,0.289371,0.102572,0.111572,0.218926,0.122310,0.144557,0.243462,0.367845,0.298121,0.380906,0.112616,0.649439
-0.043761,0.052746,0.008423,0.001242,0.044327,0.123201,0.097486,0.140830,0.177047,0.244204,0.048070,-0.134682,0.044342,0.076881,0.041633,0.087703,0.075242,0.093257,-0.024800,0.086395,0.032811,0.014125,-0.038293,0.028225,0.031020,0.065892,0.097584,0.067028,-0.032875,-0.088902,0.045387,-0.080547,-0.028914,0.001283,0.830815,1.000000,-0.076538,0.136082,0.490035,0.299870,0.310993,0.202265,0.271657,0.290765,-0.064007,0.072249,0.047592,-0.124831,-0.075441,0.241523,0.268536,0.283386,0.296379,-0.110942,0.044409,0.080291,0.266596,0.092773,0.081086,0.152821,0.092468,0.107534,0.239758,0.337116,0.255188,0.317240,0.097721,0.545364
0.215404,0.087266,0.364028,0.538655,0.110748,0.204490,0.131541,0.214270,0.107166,0.047982,0.082536,0.417688,0.304876,0.114925,0.091260,0.080411,0.115926,0.020969,-0.029774,0.096048,0.047745,0.065067,-0.082875,0.085749,-0.084241,-0.126682,-0.111870,-0.077157,-0.013350,0.025729,0.030936,-0.044785,-0.028373,0.099410,-0.089083,-0.076538,1.000000,0.417058,0.012656,0.088705,0.176872,0.111720,0.089470,0.001521,-0.029060,0.001600,0.045817,-0.062731,-0.010090,0.025835,0.071196,0.007177,-0.005620,-0.067564,0.007312,0.003289,-0.012717,-0.010222,0.041851,0.028085,0.041366,0.023920,0.142734,0.128892,0.071564,0.002787,0.087172,0.012894
0.125054,0.172272,0.358871,0.740932,0.209503,0.438206,0.267713,0.545804,0.293749,0.160801,0.210707,0.552155,0.674098,0.294549,0.206519,0.044466,0.086812,0.101598,0.042760,0.169768,0.066669,0.082237,-0.041840,0.101552,-0.076498,-0.125371,-0.128806,-0.113560,0.008898,0.037432,0.068859,-0.090326,-0.002427,0.063354,0.170393,0.136082,0.417058,1.000000,0.086451,0.154473,0.449454,0.396256,0.212460,0.086635,0.106298,0.456668,0.419255,0.036234,0.161898,-0.045821,0.019973,0.076283,0.019168,0.088190,0.025778,0.018057,0.037057,-0.013731,0.030442,0.147478,0.124145,0.046694,0.220544,0.163253,-0.013797,0.018779,0.116467,0.096715
-0.115298,-0.080780,-0.022570,0.015508,-0.082842,0.051802,0.016507,0.108190,0.132026,0.201048,-0.023969,-0.058903,0.031274,-0.002874,-0.059200,0.000952,-0.024732,-0.031257,-0.130537,-0.012545,-0.077814,-0.086125,0.004475,-0.060809,0.057175,0.026868,0.068235,0.039244,-0.053735,-0.093134,0.040737,-0.119122,-0.036998,-0.129029,0.565950,0.490035,0.012656,0.086451,1.000000,0.555818,0.334519,0.277424,0.398384,0.413916,-0.135106,0.035594,0.025317,-0.171749,-0.134305,0.393018,0.483435,0.299661,0.292971,-0.133474,0.011233,0.040856,0.192816,0.030515,0.100966,0.151108,0.161663,0.298761,0.283674,0.414178,0.326108,0.397254,0.069702,0.858933
-0.189871,-0.039654,-0.012269,0.079920,-0.055410,0.225782,0.288927,0.357681,0.424306,0.335607,-0.128156,0.037099,0.209084,-0.069328,-0.119744,-0.073070,-0.070616,-0.131481,-0.108771,-0.087030,-0.089132,-0.074986,-0.066772,-0.080614,0.006169,-0.072730,-0.042954,-0.068489,-0.036436,-0.074911,0.027785,-0.194981,-0.006954,-0.224122,0.340599,0.299870,0.088705,0.154473,0.555818,1.000000,0.588755,0.651416,0.796344,0.583380,-0.116166,0.120912,0.211244,-0.134941,-0.172144,0.299567,0.438714,0.234102,0.272652,-0.204646,-0.070104,-0.045074,0.007802,-0.027230,0.038538,0.074691,0.144642,0.236867,0.397397,0.524368,0.400129,0.261093,0.029347,0.529306
0.001459,0.261512,0.238762,0.324248,0.268342,0.638260,0.546666,0.661829,0.708460,0.447010,0.094593,0.216446,0.523724,0.194297,0.128947,0.079824,0.126597,0.096749,-0.013025,0.150928,0.017933,0.041192,-0.105808,0.019295,-0.134555,-0.178936,-0.155595,-0.131617,-0.035245,-0.070042,0.087191,-0.158073,-0.001111,0.013586,0.345296,0.310993,0.176872,0.449454,0.334519,0.588755,1.000000,0.601041,0.740535,0.450796,-0.005305,0.146435,0.205528,-0.074079,-0.014440,0.069702,0.199559,0.259951,0.254254,-0.103783,-0.008782,0.023425,0.069006,0.010831,0.115908,0.114941,0.136438,0.115183,0.545159,0.568430,0.244236,0.151443,0.103682,0.346804
-0.251787,0.001773,0.002421,0.141946,-0.048086,0.420358,0.412236,0.742460,0.576918,0.580913,-0.110932,0.147346,0.543443,-0.011170,-0.180605,-0.118469,-0.136705,-0.113652,-0.095267,-0.134320,-0.003702,0.038204,-0.069681,0.005690,0.026803,-0.079289,-0.052738,-0.127013,-0.064196,-0.147855,-0.005295,-0.272984,-0.008120,-0.304662,0.255744,0.202265,0.111720,0.396256,0.277424,0.651416,0.601041,1.000000,0.643563,0.653324,-0.013671,0.377895,0.615721,0.003452,-0.067973,0.226498,0.261377,0.272060,0.207796,-0.110393,0.016344,0.020173,0.003374,-0.015009,0.047019,0.115592,0.063179,0.103297,0.257978,0.320583,0.207995,0.144603,0.095666,0.295884
-0.128758,0.099533,0.082305,0.117760,0.073284,0.446315,0.417435,0.503852,0.690064,0.574910,-0.040421,0.030244,0.299445,0.041261,-0.041669,0.034210,0.007176,-0.038670,-0.025553,-0.031132,-0.076787,-0.050275,-0.066281,-0.084864,-0.081351,-0.146983,-0.132418,-0.123349,-0.024808,-0.073832,0.032198,-0.188256,0.020650,-0.143297,0.329892,0.271657,0.089470,0.212460,0.398384,0.796344,0.740535,0.643563,1.000000,0.741184,-0.017924,0.072846,0.185839,-0.039932,-0.084377,0.318861,0.399936,0.322786,0.409155,-0.140250,-0.085943,-0.054817,0.000534,-0.062027,0.049733,0.089546,0.124327,0.181226,0.545730,0.639199,0.389015,0.197806,0.061619,0.419779
-0.155309,-0.011129,0.013792,-0.045709,-0.075398,0.282881,0.276777,0.416802,0.546696,0.815047,-0.048590,-0.145198,0.160221,0.003024,-0.129595,0.067432,-0.043492,-0.037977,-0.031602,-0.099666,-0.073934,-0.046696,-0.050119,-0.072606,0.014338,-0.054252,-0.044847,-0.055180,0.006471,-0.102538,0.022546,-0.151429,0.038142,-0.203299,0.360040,0.290765,0.001521,0.086635,0.413916,0.583380,0.450796,0.653324,0.741184,1.000000,0.053998,0.027958,0.204992,0.040681,-0.054989,0.585542,0.564629,0.418572,0.425431,-0.082368,-0.037185,-0.010940,0.040337,-0.032014,0.049136,0.075349,0.047350,0.187415,0.312617,0.464275,0.403798,0.251544,0.039087,0.470124
0.183362,0.052174,0.266256,0.048920,0.037958,0.235609,0.042174,0.147407,0.168253,0.200756,0.408293,-0.017313,0.145698,0.368102,0.342128,0.183412,0.057033,0.252340,0.519896,0.082448,0.005563,0.006220,0.188838,0.017414,0.008816,-0.036559,-0.112691,0.024429,0.187588,0.379193,0.175365,0.259326,0.155410,0.147271,-0.072916,-0.064007,-0.029060,0.106298,-0.135106,-0.116166,-0.005305,-0.013671,-0.017924,0.053998,1.000000,-0.101960,-0.096580,0.864157,0.706781,0.004438,-0.050615,0.080366,-0.021773,0.726553,-0.015974,-0.012285,0.002029,0.016448,0.047511,0.031112,-0.089719,-0.087255,0.015519,0.006338,-0.032115,-0.010621,0.065562,-0.091751
-0.200581,-0.076008,-0.053120,0.068084,-0.100508,0.055103,0.075732,0.258421,0.052378,-0.030223,-0.146889,0.197003,0.317642,-0.094306,-0.173647,-0.266270,-0.190264,-0.176087,-0.089385,-0.159415,-0.032392,-0.018010,-0.003289,-0.006144,0.162886,0.034719,0.051091,-0.067143,-0.020891,-0.021504,0.014313,-0.195267,-0.098868,-0.260445,0.111254,0.072249,0.001600,0.456668,0.035594,0.120912,0.146435,0.377895,0.072846,0.027958,-0.101960,1.000000,0.841534,-0.023270,-0.031261,-0.008974,0.015285,-0.016425,-0.015412,-0.023025,0.010123,0.005655,-0.064529,-0.000708,-0.060485,0.077496,0.070999,0.043768,-0.014054,-0.001542,-0.040245,0.024708,-0.022190,0.037943
-0.286838,-0.113395,-0.089277,0.118678,-0.128415,0.096333,0.147339,0.395588,0.154942,0.132813,-0.245637,0.264889,0.406443,-0.153686,-0.300427,-0.286538,-0.214077,-0.245122,-0.175221,-0.263274,0.004360,0.038717,-0.071611,0.027967,0.091692,-0.027875,-0.002602,-0.148189,-0.065198,-0.138920,-0.008549,-0.305625,-0.085053,-0.349048,0.086030,0.047592,0.045817,0.419255,0.025317,0.211244,0.205528,0.615721,0.185839,0.204992,-0.096580,0.841534,1.000000,0.038147,-0.075923,0.052322,0.053764,0.071806,0.047076,-0.084828,0.032037,0.032559,-0.029761,0.020214,-0.033257,0.086134,0.054348,0.038339,0.040990,0.050137,0.022498,0.057608,0.047188,0.043837
0.062363,-0.004990,0.156415,0.004166,-0.044635,0.115489,0.035148,0.078768,0.134020,0.136626,0.136985,-0.005562,0.059771,0.102488,0.089897,0.052540,-0.021577,0.135900,0.499141,-0.118742,-0.003858,0.006104,0.240497,0.012933,0.054769,-0.036381,-0.120174,-0.011752,0.190885,0.397346,0.132310,0.216256,0.144587,0.024820,-0.123414,-0.124831,-0.062731,0.036234,-0.171749,-0.134941,-0.074079,0.003452,-0.039932,0.040681,0.864157,-0.023270,0.038147,1.000000,0.723820,0.025100,-0.051855,0.042933,-0.037837,0.769146,-0.020801,-0.013630,-0.014585,0.015143,0.007849,0.044927,-0.085180,-0.088185,-0.028104,-0.049460,-0.044983,-0.018046,0.042701,-0.138485
0.137709,0.056855,0.264754,0.076142,0.079807,0.227766,0.057814,0.109699,0.142426,0.088178,0.353794,-0.028253,0.106890,0.298496,0.380300,0.162769,0.092487,0.421905,0.614439,0.201448,0.088431,0.069394,0.360933,0.111445,0.098973,0.006136,-0.122906,-0.005184,0.223400,0.458307,0.155385,0.342059,0.147857,0.159455,-0.087325,-0.075441,-0.010090,0.161898,-0.134305,-0.172144,-0.014440,-0.067973,-0.084377,-0.054989,0.706781,-0.031261,-0.075923,0.723820,1.000000,-0.067155,-0.098933,0.085606,-0.084249,0.930571,0.019908,0.016995,-0.004603,0.025374,0.034338,0.154526,-0.014214,-0.055923,-0.012482,-0.057663,-0.078026,-0.058774,0.072723,-0.115641
-0.094017,-0.136139,-0.028054,-0.071736,-0.184387,-0.033781,-0.022327,0.033807,0.125737,0.353183,-0.083074,-0.139287,-0.070766,-0.091671,-0.134643,0.031328,-0.049459,-0.108560,-0.034690,-0.140202,-0.085738,-0.095845,0.035791,-0.064192,0.165756,0.096833,0.068542,0.059868,0.074162,-0.015982,0.048325,-0.018258,-0.045924,-0.150791,0.265914,0.241523,0.025835,-0.045821,0.393018,0.299567,0.069702,0.226498,0.318861,0.585542,0.004438,-0.008974,0.052322,0.025100,-0.067155,1.000000,0.806224,0.300602,0.397757,-0.051083,-0.059768,-0.037756,-0.012988,-0.076669,-0.043191,0.049660,0.031165,0.145261,0.092141,0.301480,0.553112,0.342182,0.015437,0.480263
-0.072486,-0.129010,0.037764,0.010154,-0.158062,0.018033,0.044144,0.064454,0.141539,0.283963,-0.075458,-0.077602,-0.021913,-0.063614,-0.093967,-0.005798,-0.041712,-0.096572,-0.034126,-0.111762,-0.097821,-0.104792,0.027329,-0.062173,0.109882,0.076509,0.063017,0.037283,0.076717,-0.013657,0.054319,-0.016078,-0.011931,-0.149042,0.311590,0.268536,0.071196,0.019973,0.483435,0.438714,0.199559,0.261377,0.399936,0.564629,-0.050615,0.015285,0.053764,-0.051855,-0.098933,0.806224,1.000000,0.283735,0.451440,-0.089779,-0.067209,-0.047812,-0.005912,-0.066534,-0.017540,0.045086,0.065435,0.209489,0.203420,0.456161,0.701880,0.429844,0.078653,0.582828
-0.157060,-0.045034,0.023093,-0.043466,-0.027950,0.220951,0.130430,0.252962,0.289729,0.388634,0.100810,-0.066949,0.149327,0.147137,0.074901,0.131997,0.014952,0.154492,0.040829,0.091992,0.202419,0.186499,0.050764,0.209506,-0.018689,-0.113129,-0.095422,-0.104663,0.027661,-0.066561,0.047539,-0.120132,-0.027092,-0.141085,0.331176,0.283386,0.007177,0.076283,0.299661,0.234102,0.259951,0.272060,0.322786,0.418572,0.080366,-0.016425,0.071806,0.042933,0.085606,0.300602,0.283735,1.000000,0.644833,0.048546,0.243375,0.283999,0.460472,0.216955,0.276373,0.205508,0.047147,0.084031,0.414367,0.473386,0.295271,0.379230,0.242896,0.368812
-0.195829,-0.098149,-0.023321,-0.050936,-0.105392,0.087633,0.082683,0.125614,0.240308,0.311892,-0.070537,-0.081976,0.032700,-0.029438,-0.102724,0.046875,-0.029406,-0.068774,-0.072231,-0.101424,-0.009043,-0.011501,0.035274,0.024914,0.031631,-0.029823,-0.048039,-0.061818,0.023197,-0.108266,-0.011143,-0.152379,-0.025181,-0.194208,0.331228,0.296379,-0.005620,0.019168,0.292971,0.272652,0.254254,0.207796,0.409155,0.425431,-0.021773,-0.015412,0.047076,-0.037837,-0.084249,0.397757,0.451440,0.644833,1.000000,-0.106905,0.118916,0.152009,0.443919,0.130600,0.209200,0.156691,0.068544,0.117875,0.457825,0.645688,0.519901,0.484949,0.102154,0.410700
0.107174,-0.006349,0.196742,-0.001888,0.004090,0.115849,-0.014688,0.021364,0.056008,0.034715,0.244135,-0.064661,0.029873,0.181264,0.258463,0.123826,0.043516,0.333408,0.592484,0.084499,0.040394,0.029219,0.385428,0.077374,0.149102,0.038901,-0.073307,0.050866,0.219139,0.490666,0.131876,0.365264,0.147829,0.127459,-0.108694,-0.110942,-0.067564,0.088190,-0.133474,-0.204646,-0.103783,-0.110393,-0.140250,-0.082368,0.726553,-0.023025,-0.084828,0.769146,0.930571,-0.051083,-0.089779,0.048546,-0.106905,1.000000,0.033230,0.003744,-0.036219,0.031522,0.030641,0.119068,-0.061195,-0.055562,-0.076504,-0.098549,-0.089919,-0.041605,0.021843,-0.124695
-0.051524,-0.000510,-0.049567,-0.020723,-0.027490,0.024147,0.009323,0.038374,0.009950,0.008436,-0.004158,0.011535,0.033180,0.011925,-0.026893,0.043013,0.002307,0.065884,-0.030106,-0.022373,0.418440,0.475090,0.067308,0.409847,0.057629,-0.016192,-0.001757,0.013860,0.058213,0.003228,0.006423,-0.032268,-0.015437,-0.045770,0.075160,0.044409,0.007312,0.025778,0.011233,-0.070104,-0.008782,0.016344,-0.085943,-0.037185,-0.015974,0.010123,0.032037,-0.020801,0.019908,-0.059768,-0.067209,0.243375,0.118916,0.033230,1.000000,0.944215,0.467353,0.786468,0.297933,0.111271,-0.036255,-0.039440,0.136529,0.059662,-0.075898,0.204664,0.067136,0.048287
-0.052635,0.010337,-0.045310,-0.012512,-0.009786,0.037255,0.023331,0.039011,0.031262,0.030624,0.010868,-0.002084,0.022373,0.028016,-0.015794,0.053966,0.017391,0.065668,-0.031204,-0.013343,0.406081,0.461102,0.042666,0.388614,0.038870,-0.037394,0.001472,-0.006082,0.059797,-0.018145,0.015224,-0.050525,-0.011735,-0.049892,0.108246,0.080291,0.003289,0.018057,0.040856,-0.045074,0.023425,0.020173,-0.054817,-0.010940,-0.012285,0.005655,0.032559,-0.013630,0.016995,-0.037756,-0.047812,0.283999,0.152009,0.003744,0.944215,1.000000,0.512516,0.853425,0.342868,0.113915,-0.005131,-0.002984,0.174916,0.094844,-0.046855,0.256999,0.101506,0.092385
-0.100946,0.013756,-0.047476,0.006931,0.007693,0.012926,0.011886,0.019195,0.034901,0.047313,-0.006165,-0.039253,-0.005594,0.009411,0.014247,0.028915,0.026265,0.141594,-0.053636,0.091539,0.289857,0.294746,0.049665,0.287434,-0.044048,-0.070551,-0.068763,-0.065150,0.000756,-0.118889,0.009960,-0.084228,-0.102673,-0.076730,0.289371,0.266596,-0.012717,0.037057,0.192816,0.007802,0.069006,0.003374,0.000534,0.040337,0.002029,-0.064529,-0.029761,-0.014585,-0.004603,-0.012988,-0.005912,0.460472,0.443919,-0.036219,0.467353,0.512516,1.000000,0.516018,0.543176,0.242291,0.086096,0.055818,0.328080,0.249334,0.018377,0.401122,0.094950,0.268430
-0.021275,-0.001025,-0.064271,-0.025766,-0.015879,-0.016970,0.011968,-0.032221,-0.009778,-0.015373,-0.036503,-0.029657,-0.042125,-0.025717,-0.036640,0.020859,0.016210,0.053162,0.033848,-0.030949,0.310160,0.342763,0.046286,0.290049,0.026152,-0.038277,0.007132,0.022604,0.030959,0.023094,0.009203,-0.077057,-0.006744,-0.024496,0.102572,0.092773,-0.010222,-0.013731,0.030515,-0.027230,0.010831,-0.015009,-0.062027,-0.032014,0.016448,-0.000708,0.020214,0.015143,0.025374,-0.076669,-0.066534,0.216955,0.130600,0.031522,0.786468,0.853425,0.516018,1.000000,0.438023,0.139534,0.012987,0.037389,0.198564,0.108585,-0.038765,0.267854,0.054256,0.095466
-0.066177,-0.002129,-0.063633,0.026080,0.045699,0.078661,0.074869,0.065427,0.090531,0.054336,0.031844,-0.003294,0.035076,0.030536,0.053810,0.032574,-0.022179,0.061818,-0.044060,0.107124,0.178390,0.161224,-0.014307,0.150669,-0.023069,-0.019384,-0.026991,-0.032380,-0.035515,-0.067556,-0.043424,-0.061111,-0.037575,-0.059039,0.111572,0.081086,0.041851,0.030442,0.100966,0.038538,0.115908,0.047019,0.049733,0.049136,0.047511,-0.060485,-0.033257,0.007849,0.034338,-0.043191,-0.017540,0.276373,0.209200,0.030641,0.297933,0.342868,0.543176,0.438023,1.000000,0.238662,0.201313,0.214642,0.380484,0.237013,0.012509,0.211802,0.128528,0.148290
-0.010121,-0.059545,-0.002021,0.117143,-0.011049,0.070848,0.028214,0.100786,0.106297,0.049585,-0.001192,0.084229,0.099664,-0.001820,-0.014803,-0.071697,-0.081661,0.044842,0.045405,0.021953,0.112137,0.095323,0.115955,0.125801,0.051094,-0.051290,-0.110851,-0.058050,0.018895,0.009421,0.044923,-0.055050,0.015147,-0.084921,0.218926,0.152821,0.028085,0.147478,0.151108,0.074691,0.114941,0.115592,0.089546,0.075349,0.031112,0.077496,0.086134,0.044927,0.154526,0.049660,0.045086,0.205508,0.156691,0.119068,0.111271,0.113915,0.242291,0.139534,0.238662,1.000000,0.539852,0.173996,0.108950,0.084676,0.065557,0.140861,0.157012,0.171963
0.084674,0.051892,-0.017152,0.140888,0.157523,0.090808,0.054225,0.069409,0.069872,0.004600,0.050669,0.133696,0.071051,0.041869,0.079378,0.065784,0.078264,0.075262,-0.117900,0.151578,0.078615,0.067437,-0.044722,0.077685,0.039017,0.039405,0.003088,-0.028092,-0.051432,-0.101236,0.017690,-0.043528,0.008011,0.084172,0.122310,0.092468,0.041366,0.124145,0.161663,0.144642,0.136438,0.063179,0.124327,0.047350,-0.089719,0.070999,0.054348,-0.085180,-0.014214,0.031165,0.065435,0.047147,0.068544,-0.061195,-0.036255,-0.005131,0.086096,0.012987,0.201313,0.539852,1.000000,0.670689,0.107314,0.104828,0.075378,0.063104,0.108863,0.180238
0.053174,-0.027674,-0.093332,0.039510,0.092792,0.061217,0.036720,0.051354,0.067735,0.104256,0.050033,0.028531,0.028908,0.042045,0.029327,0.069610,0.073737,-0.033572,-0.140836,0.056240,-0.055374,-0.052351,-0.049138,-0.035179,0.052813,0.063846,0.092452,0.055239,-0.059620,-0.080612,0.010356,-0.050972,0.007102,0.063377,0.144557,0.107534,0.023920,0.046694,0.298761,0.236867,0.115183,0.103297,0.181226,0.187415,-0.087255,0.043768,0.038339,-0.088185,-0.055923,0.145261,0.209489,0.084031,0.117875,-0.055562,-0.039440,-0.002984,0.055818,0.037389,0.214642,0.173996,0.670689,1.000000,0.149770,0.199119,0.137874,0.210130,0.019715,0.372981
-0.035243,0.129901,0.129496,0.222834,0.163282,0.361804,0.276181,0.318265,0.418772,0.261603,0.060255,0.179191,0.266375,0.136903,0.079906,0.064568,0.070729,0.056092,0.026189,0.069559,0.042871,0.034071,-0.058219,0.021254,-0.147030,-0.203253,-0.210491,-0.160546,0.006963,-0.022436,0.061255,-0.106749,0.051117,-0.023209,0.243462,0.239758,0.142734,0.220544,0.283674,0.397397,0.545159,0.257978,0.545730,0.312617,0.015519,-0.014054,0.040990,-0.028104,-0.012482,0.092141,0.203420,0.414367,0.457825,-0.076504,0.136529,0.174916,0.328080,0.198564,0.380484,0.108950,0.107314,0.149770,1.000000,0.794942,0.251239,0.265558,0.154350,0.327642
