1.000000,0.954337,0.367769,0.108582,0.847872,-0.124807,0.353654,-0.087939,-0.128122,-0.162929,0.029008,0.013403,-0.016735,0.040273,0.288238,0.174328,0.283285,0.377523,0.395130,0.242906,0.566557,0.577619,0.675712,0.599891,0.687243,0.665188,0.752233,0.871707,0.489382,0.455868,0.409190,0.490713,0.446050,0.876153,0.005477,0.045221,0.156880,0.032711,0.028728,-0.000162,-0.009575,-0.091317,-0.033206,-0.054638,0.009304,-0.071225,-0.118933,0.040478,0.151349,-0.044829,-0.046260,-0.065370,-0.033174,0.116874,-0.030182,-0.049844,-0.031847,-0.039394,-0.035895,0.082725,0.054879,0.055540,-0.005323,0.007259,-0.004586,-0.018821,-0.117977,0.043589
0.954337,1.000000,0.364693,0.080263,0.867025,-0.130397,0.369493,-0.119487,-0.135549,-0.171774,-0.017031,-0.023004,-0.064250,-0.010108,0.224921,0.170646,0.277388,0.343411,0.380045,0.184887,0.536461,0.548860,0.663635,0.574529,0.675217,0.633450,0.727054,0.845149,0.473417,0.442679,0.400441,0.479396,0.456973,0.868612,-0.010261,0.030469,0.133048,0.004627,0.000635,-0.029694,-0.038541,-0.124936,-0.058081,-0.082380,-0.039961,-0.102393,-0.156029,-0.014932,0.097310,-0.070625,-0.070250,-0.076378,-0.057175,0.067730,-0.060147,-0.078795,-0.054347,-0.063003,-0.054451,0.074676,0.049467,0.044404,-0.031921,-0.023437,-0.033644,-0.043663,-0.124504,0.013067
0.367769,0.364693,1.000000,0.718406,0.321822,-0.183797,0.127005,-0.225537,-0.121747,-0.149671,-0.103367,0.522637,-0.023854,-0.121138,0.047436,0.045802,0.038867,0.125290,0.134208,0.059583,0.234109,0.234207,0.290100,0.247317,0.309873,0.249261,0.243511,0.264377,0.155787,0.111696,0.095044,0.047869,0.195301,0.265692,-0.034840,-0.089345,0.842436,0.672148,-0.117705,-0.204735,-0.140826,-0.188269,-0.216472,-0.179573,-0.124019,0.502812,0.252203,-0.112599,-0.032216,-0.049906,-0.036211,-0.007726,-0.014563,-0.035942,0.010546,0.024217,0.051413,0.030036,0.031648,-0.104824,-0.106467,-0.106731,-0.028293,-0.006923,0.006432,0.019212,-0.044169,-0.063975
0.108582,0.080263,0.718406,1.000000,0.124818,0.007112,0.194507,0.000381,0.094184,0.072278,0.035445,0.874794,0.247210,-0.002834,0.115946,0.098020,0.060964,0.154764,0.155990,0.142363,0.125836,0.108808,0.216675,0.119485,0.220690,0.120146,0.069502,0.031052,0.138556,0.108039,0.120777,0.026944,0.158016,0.038908,0.120493,0.007348,0.897149,0.973871,0.071079,-0.028614,0.062271,0.054675,-0.016361,0.044867,0.039143,0.860468,0.632147,0.023515,0.097164,0.227139,0.249656,0.238785,0.243824,0.117197,0.215892,0.241388,0.257217,0.249318,0.263932,-0.143006,-0.122419,-0.091367,0.197296,0.219371,0.245828,0.251511,-0.006445,0.149683
0.847872,0.867025,0.321822,0.124818,1.000000,-0.015633,0.512969,-0.102174,-0.028939,-0.072712,-0.024002,0.025452,-0.088984,-0.026084,0.179402,0.223098,0.320720,0.350283,0.345805,0.172222,0.453911,0.464852,0.667284,0.486509,0.680456,0.531844,0.612192,0.761988,0.440755,0.413029,0.406443,0.479142,0.481791,0.939592,0.013154,0.044855,0.154900,0.062793,0.023055,-0.016854,-0.022552,-0.122815,-0.016281,-0.029774,-0.049165,-0.038656,-0.118467,-0.052568,0.047994,-0.053911,-0.054584,-0.088672,-0.057474,0.029395,-0.041202,-0.049612,-0.041570,-0.037929,-0.032084,0.046528,0.042058,0.044184,-0.007346,-0.000818,-0.012084,-0.026370,-0.115017,0.026454
-0.124807,-0.130397,-0.183797,0.007112,-0.015633,1.000000,0.543459,0.753378,0.971138,0.867608,0.670297,0.085070,0.384777,0.640983,0.209407,0.265114,0.218904,0.128186,0.117150,0.229826,-0.135074,-0.187490,-0.000275,-0.209870,-0.011796,-0.121249,-0.161318,-0.206208,0.210619,0.219229,0.260305,0.164349,0.205348,-0.140368,0.532164,0.545956,-0.121194,0.019524,0.689934,0.754866,0.706620,0.645722,0.841203,0.839539,0.638128,0.127010,0.232574,0.486632,0.383231,0.590734,0.531342,0.518190,0.560544,0.457802,0.487254,0.486104,0.432704,0.489209,0.510861,0.153863,0.182985,0.280360,0.636637,0.621349,0.577011,0.523572,0.093087,0.629100
0.353654,0.369493,0.127005,0.194507,0.512969,0.543459,1.000000,0.393267,0.520015,0.333984,0.308882,0.158393,0.194160,0.293883,0.327148,0.126813,0.136946,0.178985,0.132314,0.365286,0.188762,0.153179,0.261721,0.140668,0.273498,0.270943,0.248393,0.298499,0.223254,0.197825,0.207581,0.185144,0.218892,0.336441,0.373569,0.388794,0.107701,0.172072,0.415551,0.412762,0.489934,0.310067,0.457770,0.407138,0.258302,0.149703,0.126242,0.181108,0.237998,0.319270,0.314275,0.293980,0.321237,0.251403,0.317695,0.316094,0.281769,0.311347,0.294355,0.064559,0.093714,0.148268,0.363559,0.367364,0.346584,0.331369,-0.012842,0.386789
-0.087939,-0.119487,-0.225537,0.000381,-0.102174,0.753378,0.393267,1.000000,0.712457,0.672970,0.702110,0.207682,0.801732,0.701369,0.304182,0.193852,0.166508,0.142137,0.119985,0.279299,-0.046750,-0.096335,0.003818,-0.120563,-0.011708,-0.043493,-0.083250,-0.124612,0.157348,0.162506,0.177427,0.124111,0.119007,-0.160748,0.537685,0.565047,-0.161074,0.025121,0.724191,0.908398,0.882393,0.967853,0.867876,0.824065,0.686894,0.205812,0.466604,0.608799,0.509587,0.644688,0.590972,0.565024,0.611054,0.544515,0.520750,0.505843,0.465946,0.513492,0.517246,0.168751,0.173850,0.261473,0.649065,0.645069,0.610085,0.556777,0.092966,0.674278
-0.128122,-0.135549,-0.121747,0.094184,-0.028939,0.971138,0.520015,0.712457,1.000000,0.902418,0.685871,0.173847,0.392099,0.648789,0.217367,0.288705,0.241835,0.178706,0.182597,0.235757,-0.113185,-0.169383,0.037179,-0.189647,0.025048,-0.107166,-0.155570,-0.220693,0.268974,0.274426,0.309188,0.193385,0.244722,-0.156604,0.543737,0.539798,-0.042020,0.105653,0.691499,0.727808,0.676077,0.625213,0.825134,0.845256,0.657266,0.208198,0.300042,0.503316,0.404854,0.612946,0.553921,0.556174,0.591197,0.485618,0.518643,0.517878,0.458775,0.519374,0.542709,0.143809,0.168162,0.265550,0.657558,0.643374,0.602734,0.553778,0.105861,0.639062
-0.162929,-0.171774,-0.149671,0.072278,-0.072712,0.867608,0.333984,0.672970,0.902418,1.000000,0.669508,0.170063,0.405196,0.629308,0.134527,0.405014,0.338666,0.213557,0.233447,0.148878,-0.170442,-0.226991,0.060192,-0.240596,0.039530,-0.177758,-0.204045,-0.274222,0.302009,0.322638,0.370072,0.247633,0.291713,-0.173937,0.456582,0.450879,-0.071332,0.080328,0.631045,0.679914,0.595240,0.611021,0.771765,0.858252,0.672887,0.202773,0.317224,0.511593,0.391571,0.603705,0.534587,0.548717,0.559167,0.486741,0.466716,0.468733,0.406792,0.475716,0.506256,0.123720,0.142063,0.240964,0.620390,0.605401,0.561282,0.509854,0.057162,0.604875
0.029008,-0.017031,-0.103367,0.035445,-0.024002,0.670297,0.308882,0.702110,0.685871,0.669508,1.000000,0.162470,0.520210,0.987877,0.448540,0.233963,0.226588,0.240429,0.231212,0.380858,0.064172,-0.005517,0.121336,-0.026405,0.109348,0.095130,0.048262,-0.029570,0.328547,0.323137,0.312825,0.257746,0.201107,-0.061762,0.567732,0.550996,-0.061557,0.038441,0.712492,0.731912,0.616484,0.651144,0.765126,0.777716,0.945249,0.173809,0.351154,0.875440,0.729539,0.638384,0.548494,0.632708,0.675204,0.774291,0.653107,0.599536,0.515259,0.612257,0.614788,0.274291,0.244326,0.329569,0.709945,0.690776,0.652760,0.618908,0.108817,0.672737
0.013403,-0.023004,0.522637,0.874794,0.025452,0.085070,0.158393,0.207682,0.173847,0.170063,0.162470,1.000000,0.537061,0.133907,0.164214,0.142400,0.116749,0.209905,0.207040,0.167188,0.114802,0.091740,0.194862,0.097622,0.187609,0.105971,0.048056,-0.024302,0.169803,0.144706,0.155761,0.064765,0.162910,-0.039227,0.173723,0.065247,0.756143,0.897357,0.159992,0.127757,0.192446,0.291601,0.113976,0.169512,0.172016,0.919017,0.833285,0.175120,0.210497,0.308119,0.315902,0.300106,0.310271,0.226376,0.268631,0.280032,0.282814,0.291025,0.308178,-0.087116,-0.077549,-0.041917,0.263138,0.280481,0.303013,0.302299,0.006174,0.231452
-0.016735,-0.064250,-0.023854,0.247210,-0.088984,0.384777,0.194160,0.801732,0.392099,0.405196,0.520210,0.537061,1.000000,0.533438,0.326918,0.181661,0.169384,0.208136,0.205059,0.269622,0.092412,0.056710,0.109685,0.047852,0.097017,0.088587,0.039605,-0.025360,0.181128,0.176586,0.172444,0.125312,0.123773,-0.107211,0.371378,0.356246,0.102070,0.282228,0.490163,0.656793,0.646292,0.869439,0.562171,0.552033,0.527780,0.462578,0.732978,0.534572,0.483109,0.507464,0.485349,0.452442,0.482515,0.480324,0.403012,0.389570,0.364849,0.403273,0.396318,0.081515,0.075787,0.133933,0.464197,0.470213,0.460235,0.434342,0.071763,0.494018
0.040273,-0.010108,-0.121138,-0.002834,-0.026084,0.640983,0.293883,0.701369,0.648789,0.629308,0.987877,0.133907,0.533438,1.000000,0.497528,0.209924,0.209550,0.242630,0.233001,0.416664,0.104151,0.035379,0.120394,0.013262,0.108809,0.135728,0.079834,-0.004687,0.326565,0.319166,0.299643,0.257430,0.187468,-0.051979,0.521969,0.521063,-0.086932,0.001491,0.672607,0.717161,0.591754,0.648318,0.736678,0.743565,0.926727,0.141873,0.334996,0.882756,0.750597,0.588008,0.497541,0.596103,0.633743,0.777904,0.616021,0.558148,0.471498,0.566409,0.558985,0.279427,0.241537,0.318352,0.657330,0.637755,0.595336,0.566814,0.108397,0.629354
0.288238,0.224921,0.047436,0.115946,0.179402,0.209407,0.327148,0.304182,0.217367,0.134527,0.448540,0.164214,0.326918,0.497528,1.000000,0.073609,0.090401,0.341957,0.210496,0.953720,0.566657,0.512956,0.237878,0.479668,0.229237,0.587003,0.469689,0.348631,0.236589,0.213301,0.157443,0.178392,0.125536,0.163581,0.295364,0.248821,0.062895,0.123214,0.298198,0.276274,0.245562,0.274750,0.282564,0.267902,0.475930,0.165967,0.225189,0.545173,0.768994,0.347234,0.373958,0.485119,0.482226,0.705306,0.480717,0.450849,0.430208,0.417573,0.353953,0.224041,0.189520,0.217067,0.353662,0.381160,0.369943,0.382645,0.032543,0.337552
0.174328,0.170646,0.045802,0.098020,0.223098,0.265114,0.126813,0.193852,0.288705,0.405014,0.233963,0.142400,0.181661,0.209924,0.073609,1.000000,0.937523,0.585591,0.594194,0.055968,0.031136,0.005806,0.408085,0.009749,0.368977,0.030625,0.058170,0.037262,0.508718,0.576321,0.665421,0.528276,0.470799,0.245822,0.132886,0.113679,0.063856,0.085981,0.187068,0.210008,0.173468,0.194145,0.224697,0.260247,0.255091,0.101658,0.140339,0.211293,0.195655,0.204029,0.158444,0.243657,0.206309,0.235833,0.172529,0.165977,0.152133,0.156164,0.147787,0.041240,0.039239,0.077562,0.194441,0.195583,0.181743,0.169505,-0.041073,0.207210
0.283285,0.277388,0.038867,0.060964,0.320720,0.218904,0.136946,0.166508,0.241835,0.338666,0.226588,0.116749,0.169384,0.209550,0.090401,0.937523,1.000000,0.674193,0.711412,0.054285,0.131544,0.112990,0.520615,0.120879,0.476553,0.134811,0.176427,0.154622,0.627056,0.699652,0.781583,0.663272,0.538075,0.368114,0.092788,0.089726,0.041410,0.044515,0.163353,0.200883,0.146901,0.173245,0.204128,0.229158,0.246737,0.060301,0.110419,0.220053,0.198350,0.146332,0.098721,0.186765,0.154092,0.228211,0.122448,0.106998,0.093142,0.100191,0.086886,0.051913,0.041245,0.069016,0.147478,0.150098,0.132865,0.117019,-0.063083,0.172459
0.377523,0.343411,0.125290,0.154764,0.350283,0.128186,0.178985,0.142137,0.178706,0.213557,0.240429,0.209905,0.208136,0.242630,0.341957,0.585591,0.674193,1.000000,0.884213,0.316516,0.378489,0.359454,0.726582,0.365799,0.685499,0.339645,0.345949,0.296118,0.757168,0.782100,0.774678,0.774191,0.564543,0.405965,0.170098,0.137310,0.136211,0.149257,0.199848,0.198210,0.117375,0.176121,0.192212,0.214224,0.288335,0.154208,0.195386,0.318798,0.373832,0.218010,0.188273,0.281205,0.242582,0.373698,0.261865,0.237392,0.220022,0.215143,0.171608,0.030605,0.000736,0.022114,0.203382,0.218332,0.203619,0.205801,-0.032725,0.235673
0.395130,0.380045,0.134208,0.155990,0.345805,0.117150,0.132314,0.119985,0.182597,0.233447,0.231212,0.207040,0.205059,0.233001,0.210496,0.594194,0.711412,0.884213,1.000000,0.138880,0.353980,0.339669,0.758800,0.366353,0.722930,0.345992,0.356696,0.292018,0.889738,0.921512,0.885399,0.817108,0.628057,0.410037,0.120433,0.103917,0.154083,0.144303,0.179736,0.191196,0.092633,0.164522,0.178702,0.217334,0.270883,0.145634,0.192385,0.299157,0.299609,0.158851,0.122398,0.213292,0.177790,0.299734,0.180493,0.152529,0.124224,0.147994,0.110330,0.008315,-0.035367,-0.021449,0.153487,0.163664,0.142107,0.139839,-0.029128,0.203749
0.242906,0.184887,0.059583,0.142363,0.172222,0.229826,0.365286,0.279299,0.235757,0.148878,0.380858,0.167188,0.269622,0.416664,0.953720,0.055968,0.054285,0.316516,0.138880,1.000000,0.519606,0.466943,0.183570,0.425347,0.175379,0.516148,0.406171,0.306213,0.159665,0.137094,0.096565,0.111263,0.089397,0.132465,0.315578,0.259923,0.081616,0.152674,0.288592,0.248773,0.248657,0.243767,0.264921,0.250821,0.402293,0.182858,0.207174,0.442339,0.671653,0.345865,0.379525,0.471011,0.466046,0.624843,0.486457,0.470814,0.455048,0.429790,0.372489,0.209825,0.199818,0.233331,0.360184,0.383752,0.379489,0.392085,0.021152,0.329505
0.566557,0.536461,0.234109,0.125836,0.453911,-0.135074,0.188762,-0.046750,-0.113185,-0.170442,0.064172,0.114802,0.092412,0.104151,0.566657,0.031136,0.131544,0.378489,0.353980,0.519606,1.000000,0.987461,0.478576,0.965007,0.482448,0.853242,0.786924,0.672897,0.349483,0.331760,0.231066,0.337926,0.249332,0.490483,-0.004054,0.008809,0.159861,0.106764,0.006092,-0.006919,-0.036246,-0.021749,-0.041844,-0.063329,0.078035,0.090683,0.087763,0.165108,0.305667,0.005231,0.025487,0.028691,0.055130,0.229634,0.021923,-0.001767,0.036553,-0.000748,0.009542,0.046089,0.013104,0.001343,-0.004670,0.012595,0.020864,0.024202,-0.002562,0.017660
0.577619,0.548860,0.234207,0.108808,0.464852,-0.187490,0.153179,-0.096335,-0.169383,-0.226991,-0.005517,0.091740,0.056710,0.035379,0.512956,0.005806,0.112990,0.359454,0.339669,0.466943,0.987461,1.000000,0.480103,0.983294,0.484751,0.848131,0.795921,0.695225,0.327344,0.308491,0.207407,0.321122,0.231958,0.513114,-0.054186,-0.028623,0.153247,0.087646,-0.042592,-0.052176,-0.079587,-0.067791,-0.092886,-0.118504,0.005176,0.060603,0.049340,0.095610,0.235016,-0.048303,-0.024201,-0.043421,-0.013844,0.154210,-0.049145,-0.069651,-0.025234,-0.068236,-0.052109,0.010289,-0.021122,-0.038286,-0.064387,-0.046935,-0.035616,-0.038625,-0.015610,-0.031641
0.675712,0.663635,0.290100,0.216675,0.667284,-0.000275,0.261721,0.003818,0.037179,0.060192,0.121336,0.194862,0.109685,0.120394,0.237878,0.408085,0.520615,0.726582,0.758800,0.183570,0.478576,0.480103,1.000000,0.518898,0.983892,0.482413,0.530373,0.566239,0.788581,0.761334,0.733510,0.784733,0.700551,0.710039,0.065087,0.047439,0.217235,0.173723,0.091073,0.070914,-0.000261,0.027245,0.060092,0.086013,0.145922,0.126997,0.110500,0.171765,0.239119,0.094179,0.072750,0.101854,0.099489,0.232382,0.078344,0.063622,0.074730,0.070520,0.071937,-0.020652,-0.047746,-0.029312,0.081594,0.095833,0.086054,0.081022,-0.082612,0.134765
0.599891,0.574529,0.247317,0.119485,0.486509,-0.209870,0.140668,-0.120563,-0.189647,-0.240596,-0.026405,0.097622,0.047852,0.013262,0.479668,0.009749,0.120879,0.365799,0.366353,0.425347,0.965007,0.983294,0.518898,1.000000,0.528648,0.857458,0.809158,0.713405,0.358871,0.335960,0.232125,0.340352,0.261186,0.539103,-0.071992,-0.047013,0.170003,0.097407,-0.053116,-0.070543,-0.103010,-0.087609,-0.111628,-0.131747,-0.016912,0.066754,0.050540,0.073842,0.210378,-0.057699,-0.033710,-0.064670,-0.035016,0.131252,-0.086061,-0.105575,-0.056830,-0.098116,-0.071646,-0.011716,-0.044823,-0.062219,-0.081580,-0.063131,-0.051689,-0.056312,-0.025684,-0.038228
0.687243,0.675217,0.309873,0.220690,0.680456,-0.011796,0.273498,-0.011708,0.025048,0.039530,0.109348,0.187609,0.097017,0.108809,0.229237,0.368977,0.476553,0.685499,0.722930,0.175379,0.482448,0.484751,0.983892,0.528648,1.000000,0.495892,0.541734,0.584303,0.777780,0.734251,0.693262,0.741479,0.686061,0.713609,0.063182,0.045793,0.232727,0.176181,0.084513,0.055442,-0.011837,0.008310,0.043393,0.069882,0.129039,0.121819,0.098765,0.154951,0.222706,0.086426,0.067618,0.086844,0.090316,0.215946,0.066318,0.054905,0.068309,0.064226,0.070060,-0.028524,-0.053847,-0.035627,0.074518,0.089605,0.080032,0.075224,-0.091281,0.126970
0.665188,0.633450,0.249261,0.120146,0.531844,-0.121249,0.270943,-0.043493,-0.107166,-0.177758,0.095130,0.105971,0.088587,0.135728,0.587003,0.030625,0.134811,0.339645,0.345992,0.516148,0.853242,0.848131,0.482413,0.857458,0.495892,1.000000,0.949775,0.814608,0.384886,0.350679,0.245635,0.327581,0.241547,0.558009,0.029348,0.050428,0.164434,0.096089,0.050546,0.005753,-0.020173,-0.027017,-0.022968,-0.038831,0.085719,0.076157,0.077980,0.168844,0.318632,0.032698,0.052915,0.046069,0.067508,0.246233,0.038916,0.007260,0.039123,0.014784,0.035230,0.068100,0.032436,0.028517,0.024576,0.044293,0.046723,0.045409,-0.049792,0.071301
0.752233,0.727054,0.243511,0.069502,0.612192,-0.161318,0.248393,-0.083250,-0.155570,-0.204045,0.048262,0.048056,0.039605,0.079834,0.469689,0.058170,0.176427,0.345949,0.356696,0.406171,0.786924,0.795921,0.530373,0.809158,0.541734,0.949775,1.000000,0.908135,0.417000,0.385729,0.283187,0.375096,0.273210,0.655111,-0.007677,0.034424,0.122073,0.032863,0.029781,-0.009403,-0.043487,-0.066161,-0.042600,-0.061521,0.030428,-0.007358,-0.009197,0.099392,0.229285,-0.022294,-0.009337,-0.025007,-0.007065,0.166290,-0.029602,-0.059378,-0.022663,-0.050211,-0.025414,0.071265,0.036031,0.030997,-0.022176,-0.004112,-0.004241,-0.012239,-0.099625,0.043026
0.871707,0.845149,0.264377,0.031052,0.761988,-0.206208,0.298499,-0.124612,-0.220693,-0.274222,-0.029570,-0.024302,-0.025360,-0.004687,0.348631,0.037262,0.154622,0.296118,0.292018,0.306213,0.672897,0.695225,0.566239,0.713405,0.584303,0.814608,0.908135,1.000000,0.370628,0.332841,0.247996,0.364271,0.294950,0.810205,-0.027344,0.030385,0.082666,-0.022524,-0.010183,-0.042395,-0.052598,-0.120990,-0.085818,-0.123446,-0.057936,-0.099769,-0.127168,-0.003642,0.114014,-0.093957,-0.082467,-0.128468,-0.089027,0.053794,-0.089714,-0.111769,-0.073972,-0.099945,-0.082261,0.056551,0.036408,0.030227,-0.066864,-0.054237,-0.057717,-0.068545,-0.114747,-0.005268
0.489382,0.473417,0.155787,0.138556,0.440755,0.210619,0.223254,0.157348,0.268974,0.302009,0.328547,0.169803,0.181128,0.326565,0.236589,0.508718,0.627056,0.757168,0.889738,0.159665,0.349483,0.327344,0.788581,0.358871,0.777780,0.384886,0.417000,0.370628,1.000000,0.972925,0.898807,0.851714,0.705566,0.480770,0.159110,0.163883,0.142425,0.114563,0.245605,0.245776,0.122583,0.171935,0.252617,0.300915,0.354666,0.111462,0.149859,0.361918,0.349206,0.185082,0.129664,0.228107,0.205166,0.361707,0.216740,0.184002,0.138872,0.184705,0.158727,0.060170,0.017739,0.044751,0.210955,0.209491,0.174527,0.167714,0.000387,0.255939
0.455868,0.442679,0.111696,0.108039,0.413029,0.219229,0.197825,0.162506,0.274426,0.322638,0.323137,0.144706,0.176586,0.319166,0.213301,0.576321,0.699652,0.782100,0.921512,0.137094,0.331760,0.308491,0.761334,0.335960,0.734251,0.350679,0.385729,0.332841,0.972925,1.000000,0.944472,0.887004,0.702522,0.458400,0.147571,0.156885,0.104069,0.081169,0.243118,0.251832,0.129629,0.178594,0.259749,0.306605,0.352107,0.083919,0.135699,0.353171,0.330053,0.180429,0.123915,0.223996,0.196847,0.344313,0.200305,0.168107,0.123725,0.167063,0.141722,0.063511,0.023379,0.047463,0.202144,0.202099,0.167299,0.157276,-0.009710,0.249016
0.409190,0.400441,0.095044,0.120777,0.406443,0.260305,0.207581,0.177427,0.309188,0.370072,0.312825,0.155761,0.172444,0.299643,0.157443,0.665421,0.781583,0.774678,0.885399,0.096565,0.231066,0.207407,0.733510,0.232125,0.693262,0.245635,0.283187,0.247996,0.898807,0.944472,1.000000,0.892972,0.734910,0.441840,0.156246,0.152619,0.099445,0.095448,0.238373,0.249532,0.149702,0.184442,0.267288,0.316749,0.343743,0.099923,0.141008,0.323898,0.299083,0.196634,0.139943,0.233741,0.209600,0.327791,0.202361,0.177964,0.141808,0.175436,0.153794,0.065645,0.039162,0.069038,0.212756,0.216350,0.184960,0.172698,-0.034587,0.246893
0.490713,0.479396,0.047869,0.026944,0.479142,0.164349,0.185144,0.124111,0.193385,0.247633,0.257746,0.064765,0.125312,0.257430,0.178392,0.528276,0.663272,0.774191,0.817108,0.111263,0.337926,0.321122,0.784733,0.340352,0.741479,0.327581,0.375096,0.364271,0.851714,0.887004,0.892972,1.000000,0.714715,0.547495,0.078577,0.092579,0.009225,-0.002711,0.170240,0.192798,0.084928,0.127286,0.204062,0.235338,0.278502,0.012318,0.070571,0.281272,0.272676,0.120852,0.058085,0.143943,0.122164,0.284426,0.113443,0.077918,0.048604,0.073332,0.055353,0.091728,0.056884,0.069326,0.122409,0.121329,0.095009,0.081311,-0.042123,0.170151
0.446050,0.456973,0.195301,0.158016,0.481791,0.205348,0.218892,0.119007,0.244722,0.291713,0.201107,0.162910,0.123773,0.187468,0.125536,0.470799,0.538075,0.564543,0.628057,0.089397,0.249332,0.231958,0.700551,0.261186,0.686061,0.241547,0.273210,0.294950,0.705566,0.702522,0.734910,0.714715,1.000000,0.491685,0.133007,0.120512,0.151053,0.127421,0.180088,0.172008,0.090766,0.119072,0.188338,0.236546,0.222102,0.114582,0.107477,0.193357,0.205166,0.158677,0.120876,0.164817,0.165552,0.233663,0.131314,0.127781,0.122523,0.139591,0.148284,0.002293,0.005202,0.040543,0.181507,0.181847,0.156760,0.142392,-0.027410,0.203693
0.876153,0.868612,0.265692,0.038908,0.939592,-0.140368,0.336441,-0.160748,-0.156604,-0.173937,-0.061762,-0.039227,-0.107211,-0.051979,0.163581,0.245822,0.368114,0.405965,0.410037,0.132465,0.490483,0.513114,0.710039,0.539103,0.713609,0.558009,0.655111,0.810205,0.480770,0.458400,0.441840,0.547495,0.491685,1.000000,-0.053820,-0.011837,0.089996,-0.019042,-0.044528,-0.066220,-0.096546,-0.166392,-0.088265,-0.111930,-0.084816,-0.112872,-0.170169,-0.058433,0.032469,-0.122735,-0.128648,-0.168489,-0.135013,-0.002949,-0.116176,-0.134193,-0.118062,-0.125676,-0.123407,0.052630,0.037140,0.028462,-0.090499,-0.081854,-0.089653,-0.106812,-0.097947,-0.042175
0.005477,-0.010261,-0.034840,0.120493,0.013154,0.532164,0.373569,0.537685,0.543737,0.456582,0.567732,0.173723,0.371378,0.521969,0.295364,0.132886,0.092788,0.170098,0.120433,0.315578,-0.004054,-0.054186,0.065087,-0.071992,0.063182,0.029348,-0.007677,-0.027344,0.159110,0.147571,0.156246,0.078577,0.133007,-0.053820,1.000000,0.882494,0.015481,0.133523,0.841951,0.644309,0.639840,0.519468,0.687686,0.636191,0.586400,0.173667,0.247400,0.501147,0.418812,0.731360,0.745755,0.586300,0.722401,0.464010,0.712830,0.715808,0.715715,0.753601,0.796966,0.173657,0.252157,0.395460,0.858800,0.854945,0.852256,0.839669,0.159835,0.838984
0.045221,0.030469,-0.089345,0.007348,0.044855,0.545956,0.388794,0.565047,0.539798,0.450879,0.550996,0.065247,0.356246,0.521063,0.248821,0.113679,0.089726,0.137310,0.103917,0.259923,0.008809,-0.028623,0.047439,-0.047013,0.045793,0.050428,0.034424,0.030385,0.163883,0.156885,0.152619,0.092579,0.120512,-0.011837,0.882494,1.000000,-0.082896,0.008887,0.851994,0.707789,0.692963,0.538587,0.730132,0.654385,0.539155,0.051179,0.161042,0.450280,0.349854,0.635568,0.623272,0.450251,0.582674,0.384203,0.570505,0.562883,0.554995,0.599524,0.646425,0.171208,0.235971,0.368341,0.768113,0.763103,0.745324,0.701035,0.155291,0.792480
0.156880,0.133048,0.842436,0.897149,0.154900,-0.121194,0.107701,-0.161074,-0.042020,-0.071332,-0.061557,0.756143,0.102070,-0.086932,0.062895,0.063856,0.041410,0.136211,0.154083,0.081616,0.159861,0.153247,0.217235,0.170003,0.232727,0.164434,0.122073,0.082666,0.142425,0.104069,0.099445,0.009225,0.151053,0.089996,0.015481,-0.082896,1.000000,0.881799,-0.054521,-0.158447,-0.097173,-0.103013,-0.161943,-0.108428,-0.063611,0.744809,0.480821,-0.048873,0.022459,0.051609,0.071588,0.080551,0.077862,0.029332,0.097742,0.112921,0.120485,0.123260,0.122821,-0.164671,-0.166094,-0.157806,0.049470,0.068605,0.091764,0.107096,-0.009387,0.013844
0.032711,0.004627,0.672148,0.973871,0.062793,0.019524,0.172072,0.025121,0.105653,0.080328,0.038441,0.897357,0.282228,0.001491,0.123214,0.085981,0.044515,0.149257,0.144303,0.152674,0.106764,0.087646,0.173723,0.097407,0.176181,0.096089,0.032863,-0.022524,0.114563,0.081169,0.095448,-0.002711,0.127421,-0.019042,0.133523,0.008887,0.881799,1.000000,0.071067,-0.022294,0.070587,0.084047,-0.012402,0.047293,0.041862,0.921336,0.696166,0.027985,0.102874,0.229996,0.257965,0.241114,0.245690,0.120020,0.231400,0.254458,0.263567,0.260643,0.271189,-0.161045,-0.140305,-0.109469,0.201364,0.223043,0.251459,0.259990,-0.004240,0.149433
0.028728,0.000635,-0.117705,0.071079,0.023055,0.689934,0.415551,0.724191,0.691499,0.631045,0.712492,0.159992,0.490163,0.672607,0.298198,0.187068,0.163353,0.199848,0.179736,0.288592,0.006092,-0.042592,0.091073,-0.053116,0.084513,0.050546,0.029781,-0.010183,0.245605,0.243118,0.238373,0.170240,0.180088,-0.044528,0.841951,0.851994,-0.054521,0.071067,1.000000,0.866548,0.803859,0.698490,0.899969,0.861640,0.719275,0.158587,0.305970,0.610738,0.501520,0.796322,0.768896,0.630389,0.741248,0.557417,0.671301,0.657126,0.634106,0.697029,0.762842,0.134580,0.168366,0.311642,0.895572,0.890096,0.857610,0.801620,0.136434,0.951815
-0.000162,-0.029694,-0.204735,-0.028614,-0.016854,0.754866,0.412762,0.908398,0.727808,0.679914,0.731912,0.127757,0.656793,0.717161,0.276274,0.210008,0.200883,0.198210,0.191196,0.248773,-0.006919,-0.052176,0.070914,-0.070543,0.055442,0.005753,-0.009403,-0.042395,0.245776,0.251832,0.249532,0.192798,0.172008,-0.066220,0.644309,0.707789,-0.158447,-0.022294,0.866548,1.000000,0.894804,0.890265,0.961249,0.898260,0.729237,0.116835,0.352879,0.640729,0.515931,0.677838,0.621396,0.547638,0.628888,0.555885,0.553354,0.525094,0.475171,0.547857,0.569361,0.180122,0.179169,0.286535,0.748345,0.737647,0.687028,0.611468,0.122537,0.799259
-0.009575,-0.038541,-0.140826,0.062271,-0.022552,0.706620,0.489934,0.882393,0.676077,0.595240,0.616484,0.192446,0.646292,0.591754,0.245562,0.173468,0.146901,0.117375,0.092633,0.248657,-0.036246,-0.079587,-0.000261,-0.103010,-0.011837,-0.020173,-0.043487,-0.052598,0.122583,0.129629,0.149702,0.084928,0.090766,-0.096546,0.639840,0.692963,-0.097173,0.070587,0.803859,0.894804,1.000000,0.856623,0.867476,0.783911,0.592253,0.189972,0.372430,0.488836,0.396189,0.675230,0.633900,0.547630,0.621844,0.437072,0.536415,0.530633,0.519589,0.542531,0.568416,0.144382,0.166758,0.265105,0.711298,0.713605,0.685470,0.609611,0.065783,0.734827
-0.091317,-0.124936,-0.188269,0.054675,-0.122815,0.645722,0.310067,0.967853,0.625213,0.611021,0.651144,0.291601,0.869439,0.648318,0.274750,0.194145,0.173245,0.176121,0.164522,0.243767,-0.021749,-0.067791,0.027245,-0.087609,0.008310,-0.027017,-0.066161,-0.120990,0.171935,0.178594,0.184442,0.127286,0.119072,-0.166392,0.519468,0.538587,-0.103013,0.084047,0.698490,0.890265,0.856623,1.000000,0.820486,0.780418,0.660198,0.277275,0.570555,0.608429,0.501718,0.629554,0.581249,0.545538,0.589074,0.529167,0.512955,0.493394,0.452685,0.507727,0.506800,0.136998,0.134165,0.216819,0.626963,0.625061,0.596121,0.546617,0.093062,0.662029
-0.033206,-0.058081,-0.216472,-0.016361,-0.016281,0.841203,0.457770,0.867876,0.825134,0.771765,0.765126,0.113976,0.562171,0.736678,0.282564,0.224697,0.204128,0.192212,0.178702,0.264921,-0.041844,-0.092886,0.060092,-0.111628,0.043393,-0.022968,-0.042600,-0.085818,0.252617,0.259749,0.267288,0.204062,0.188338,-0.088265,0.687686,0.730132,-0.161943,-0.012402,0.899969,0.961249,0.867476,0.820486,1.000000,0.957016,0.761170,0.118537,0.313599,0.640721,0.521518,0.743630,0.688973,0.623813,0.702774,0.580831,0.599901,0.581762,0.540627,0.598345,0.632850,0.205131,0.215793,0.332947,0.806613,0.798115,0.748773,0.671577,0.129731,0.838931
-0.054638,-0.082380,-0.179573,0.044867,-0.029774,0.839539,0.407138,0.824065,0.845256,0.858252,0.777716,0.169512,0.552033,0.743565,0.267902,0.260247,0.229158,0.214224,0.217334,0.250821,-0.063329,-0.118504,0.086013,-0.131747,0.069882,-0.038831,-0.061521,-0.123446,0.300915,0.306605,0.316749,0.235338,0.236546,-0.111930,0.636191,0.654385,-0.108428,0.047293,0.861640,0.898260,0.783911,0.780418,0.957016,1.000000,0.789122,0.179591,0.355225,0.657447,0.536982,0.767182,0.705371,0.651310,0.704143,0.608886,0.597370,0.582138,0.529770,0.599235,0.637699,0.163621,0.172139,0.292975,0.794762,0.789429,0.738052,0.663917,0.101504,0.832625
0.009304,-0.039961,-0.124019,0.039143,-0.049165,0.638128,0.258302,0.686894,0.657266,0.672887,0.945249,0.172016,0.527780,0.926727,0.475930,0.255091,0.246737,0.288335,0.270883,0.402293,0.078035,0.005176,0.145922,-0.016912,0.129039,0.085719,0.030428,-0.057936,0.354666,0.352107,0.343743,0.278502,0.222102,-0.084816,0.586400,0.539155,-0.063611,0.041862,0.719275,0.729237,0.592253,0.660198,0.761170,0.789122,1.000000,0.173225,0.360863,0.952032,0.807632,0.664932,0.600593,0.685252,0.733975,0.858734,0.717259,0.666960,0.575936,0.685181,0.672481,0.277856,0.244006,0.333961,0.744918,0.731557,0.690186,0.667412,0.108703,0.708065
-0.071225,-0.102393,0.502812,0.860468,-0.038656,0.127010,0.149703,0.205812,0.208198,0.202773,0.173809,0.919017,0.462578,0.141873,0.165967,0.101658,0.060301,0.154208,0.145634,0.182858,0.090683,0.060603,0.126997,0.066754,0.121819,0.076157,-0.007358,-0.099769,0.111462,0.083919,0.099923,0.012318,0.114582,-0.112872,0.173667,0.051179,0.744809,0.921336,0.158587,0.116835,0.189972,0.277275,0.118537,0.179591,0.173225,1.000000,0.880948,0.156832,0.198128,0.322120,0.335749,0.324531,0.323284,0.217455,0.290007,0.301658,0.302117,0.313788,0.336113,-0.139064,-0.124375,-0.086317,0.279063,0.294564,0.322543,0.328120,0.029210,0.230057
-0.118933,-0.156029,0.252203,0.632147,-0.118467,0.232574,0.126242,0.466604,0.300042,0.317224,0.351154,0.833285,0.732978,0.334996,0.225189,0.140339,0.110419,0.195386,0.192385,0.207174,0.087763,0.049340,0.110500,0.050540,0.098765,0.077980,-0.009197,-0.127168,0.149859,0.135699,0.141008,0.070571,0.107477,-0.170169,0.247400,0.161042,0.480821,0.696166,0.305970,0.352879,0.372430,0.570555,0.313599,0.355225,0.360863,0.880948,1.000000,0.367723,0.347032,0.423001,0.416499,0.399062,0.403235,0.356984,0.349881,0.341334,0.325435,0.363494,0.384428,-0.070076,-0.068639,-0.021210,0.373515,0.382164,0.396403,0.392098,0.063033,0.356011
0.040478,-0.014932,-0.112599,0.023515,-0.052568,0.486632,0.181108,0.608799,0.503316,0.511593,0.875440,0.175120,0.534572,0.882756,0.545173,0.211293,0.220053,0.318798,0.299157,0.442339,0.165108,0.095610,0.171765,0.073842,0.154951,0.168844,0.099392,-0.003642,0.361918,0.353171,0.323898,0.281272,0.193357,-0.058433,0.501147,0.450280,-0.048873,0.027985,0.610738,0.640729,0.488836,0.608429,0.640721,0.657447,0.952032,0.156832,0.367723,1.000000,0.881530,0.564355,0.509541,0.629694,0.669507,0.898133,0.681581,0.617310,0.518412,0.636580,0.597296,0.284749,0.225293,0.293405,0.644507,0.633961,0.591737,0.588557,0.111193,0.613828
0.151349,0.097310,-0.032216,0.097164,0.047994,0.383231,0.237998,0.509587,0.404854,0.391571,0.729539,0.210497,0.483109,0.750597,0.768994,0.195655,0.198350,0.373832,0.299609,0.671653,0.305667,0.235016,0.239119,0.210378,0.222706,0.318632,0.229285,0.114014,0.349206,0.330053,0.299083,0.272676,0.205166,0.032469,0.418812,0.349854,0.022459,0.102874,0.501520,0.515931,0.396189,0.501718,0.521518,0.536982,0.807632,0.198128,0.347032,0.881530,1.000000,0.525209,0.503256,0.686990,0.676136,0.975084,0.674902,0.615849,0.536141,0.613577,0.551745,0.297776,0.220588,0.266570,0.565806,0.574953,0.539685,0.551184,0.071887,0.536144
-0.044829,-0.070625,-0.049906,0.227139,-0.053911,0.590734,0.319270,0.644688,0.612946,0.603705,0.638384,0.308119,0.507464,0.588008,0.347234,0.204029,0.146332,0.218010,0.158851,0.345865,0.005231,-0.048303,0.094179,-0.057699,0.086426,0.032698,-0.022294,-0.093957,0.185082,0.180429,0.196634,0.120852,0.158677,-0.122735,0.731360,0.635568,0.051609,0.229996,0.796322,0.677838,0.675230,0.629554,0.743630,0.767182,0.664932,0.322120,0.423001,0.564355,0.525209,1.000000,0.938572,0.763825,0.827380,0.593242,0.710798,0.716781,0.718721,0.727166,0.789535,0.154132,0.199577,0.324714,0.848106,0.874679,0.890550,0.829006,0.114313,0.848318
-0.046260,-0.070250,-0.036211,0.249656,-0.054584,0.531342,0.314275,0.590972,0.553921,0.534587,0.548494,0.315902,0.485349,0.497541,0.373958,0.158444,0.098721,0.188273,0.122398,0.379525,0.025487,-0.024201,0.072750,-0.033710,0.067618,0.052915,-0.009337,-0.082467,0.129664,0.123915,0.139943,0.058085,0.120876,-0.128648,0.745755,0.623272,0.071588,0.257965,0.768896,0.621396,0.633900,0.581249,0.688973,0.705371,0.600593,0.335749,0.416499,0.509541,0.503256,0.938572,1.000000,0.766985,0.846615,0.560120,0.711849,0.731776,0.752531,0.742240,0.804812,0.142367,0.195759,0.320536,0.847590,0.884850,0.912962,0.857985,0.121022,0.839521
-0.065370,-0.076378,-0.007726,0.238785,-0.088672,0.518190,0.293980,0.565024,0.556174,0.548717,0.632708,0.300106,0.452442,0.596103,0.485119,0.243657,0.186765,0.281205,0.213292,0.471011,0.028691,-0.043421,0.101854,-0.064670,0.086844,0.046069,-0.025007,-0.128468,0.228107,0.223996,0.233741,0.143943,0.164817,-0.168489,0.586300,0.450251,0.080551,0.241114,0.630389,0.547638,0.547630,0.545538,0.623813,0.651310,0.685252,0.324531,0.399062,0.629694,0.686990,0.763825,0.766985,1.000000,0.925824,0.753728,0.780421,0.782949,0.789543,0.754431,0.748536,0.258377,0.242634,0.314254,0.744250,0.772352,0.766295,0.771378,0.083319,0.679196
-0.033174,-0.057175,-0.014563,0.243824,-0.057474,0.560544,0.321237,0.611054,0.591197,0.559167,0.675204,0.310271,0.482515,0.633743,0.482226,0.206309,0.154092,0.242582,0.177790,0.466046,0.055130,-0.013844,0.099489,-0.035016,0.090316,0.067508,-0.007065,-0.089027,0.205166,0.196847,0.209600,0.122164,0.165552,-0.135013,0.722401,0.582674,0.077862,0.245690,0.741248,0.628888,0.621844,0.589074,0.702774,0.704143,0.733975,0.323284,0.403235,0.669507,0.676136,0.827380,0.846615,0.925824,1.000000,0.739282,0.848946,0.857896,0.887531,0.849920,0.859365,0.310431,0.319812,0.415917,0.875457,0.901742,0.888477,0.879038,0.113198,0.783859
0.116874,0.067730,-0.035942,0.117197,0.029395,0.457802,0.251403,0.544515,0.485618,0.486741,0.774291,0.226376,0.480324,0.777904,0.705306,0.235833,0.228211,0.373698,0.299734,0.624843,0.229634,0.154210,0.232382,0.131252,0.215946,0.246233,0.166290,0.053794,0.361707,0.344313,0.327791,0.284426,0.233663,-0.002949,0.464010,0.384203,0.029332,0.120020,0.557417,0.555885,0.437072,0.529167,0.580831,0.608886,0.858734,0.217455,0.356984,0.898133,0.975084,0.593242,0.560120,0.753728,0.739282,1.000000,0.723765,0.670912,0.587032,0.668505,0.617732,0.297925,0.228419,0.285597,0.632296,0.636858,0.602822,0.611222,0.076072,0.592510
-0.030182,-0.060147,0.010546,0.215892,-0.041202,0.487254,0.317695,0.520750,0.518643,0.466716,0.653107,0.268631,0.403012,0.616021,0.480717,0.172529,0.122448,0.261865,0.180493,0.486457,0.021923,-0.049145,0.078344,-0.086061,0.066318,0.038916,-0.029602,-0.089714,0.216740,0.200305,0.202361,0.113443,0.131314,-0.116176,0.712830,0.570505,0.097742,0.231400,0.671301,0.553354,0.536415,0.512955,0.599901,0.597370,0.717259,0.290007,0.349881,0.681581,0.674902,0.710798,0.711849,0.780421,0.848946,0.723765,1.000000,0.978889,0.862121,0.955811,0.849189,0.302831,0.305479,0.389832,0.816082,0.820374,0.806426,0.824418,0.100145,0.705311
-0.049844,-0.078795,0.024217,0.241388,-0.049612,0.486104,0.316094,0.505843,0.517878,0.468733,0.599536,0.280032,0.389570,0.558148,0.450849,0.165977,0.106998,0.237392,0.152529,0.470814,-0.001767,-0.069651,0.063622,-0.105575,0.054905,0.007260,-0.059378,-0.111769,0.184002,0.168107,0.177964,0.077918,0.127781,-0.134193,0.715808,0.562883,0.112921,0.254458,0.657126,0.525094,0.530633,0.493394,0.581762,0.582138,0.666960,0.301658,0.341334,0.617310,0.615849,0.716781,0.731776,0.782949,0.857896,0.670912,0.978889,1.000000,0.902188,0.968711,0.863187,0.279386,0.298935,0.389588,0.814680,0.824210,0.810741,0.837526,0.098184,0.702503
-0.031847,-0.054347,0.051413,0.257217,-0.041570,0.432704,0.281769,0.465946,0.458775,0.406792,0.515259,0.282814,0.364849,0.471498,0.430208,0.152133,0.093142,0.220022,0.124224,0.455048,0.036553,-0.025234,0.074730,-0.056830,0.068309,0.039123,-0.022663,-0.073972,0.138872,0.123725,0.141808,0.048604,0.122523,-0.118062,0.715715,0.554995,0.120485,0.263567,0.634106,0.475171,0.519589,0.452685,0.540627,0.529770,0.575936,0.302117,0.325435,0.518412,0.536141,0.718721,0.752531,0.789543,0.887531,0.587032,0.862121,0.902188,1.000000,0.885466,0.862281,0.282134,0.322631,0.413787,0.805962,0.829984,0.825841,0.850374,0.087549,0.685816
-0.039394,-0.063003,0.030036,0.249318,-0.037929,0.489209,0.311347,0.513492,0.519374,0.475716,0.612257,0.291025,0.403273,0.566409,0.417573,0.156164,0.100191,0.215143,0.147994,0.429790,-0.000748,-0.068236,0.070520,-0.098116,0.064226,0.014784,-0.050211,-0.099945,0.184705,0.167063,0.175436,0.073332,0.139591,-0.125676,0.753601,0.599524,0.123260,0.260643,0.697029,0.547857,0.542531,0.507727,0.598345,0.599235,0.685181,0.313788,0.363494,0.636580,0.613577,0.727166,0.742240,0.754431,0.849920,0.668505,0.955811,0.968711,0.885466,1.000000,0.910965,0.228856,0.252752,0.357266,0.850754,0.848331,0.833104,0.864645,0.104922,0.744902
-0.035895,-0.054451,0.031648,0.263932,-0.032084,0.510861,0.294355,0.517246,0.542709,0.506256,0.614788,0.308178,0.396318,0.558985,0.353953,0.147787,0.086886,0.171608,0.110330,0.372489,0.009542,-0.052109,0.071937,-0.071646,0.070060,0.035230,-0.025414,-0.082261,0.158727,0.141722,0.153794,0.055353,0.148284,-0.123407,0.796966,0.646425,0.122821,0.271189,0.762842,0.569361,0.568416,0.506800,0.632850,0.637699,0.672481,0.336113,0.384428,0.597296,0.551745,0.789535,0.804812,0.748536,0.859365,0.617732,0.849189,0.863187,0.862281,0.910965,1.000000,0.172927,0.222105,0.353484,0.917187,0.897780,0.887640,0.904912,0.117005,0.815352
0.082725,0.074676,-0.104824,-0.143006,0.046528,0.153863,0.064559,0.168751,0.143809,0.123720,0.274291,-0.087116,0.081515,0.279427,0.224041,0.041240,0.051913,0.030605,0.008315,0.209825,0.046089,0.010289,-0.020652,-0.011716,-0.028524,0.068100,0.071265,0.056551,0.060170,0.063511,0.065645,0.091728,0.002293,0.052630,0.173657,0.171208,-0.164671,-0.161045,0.134580,0.180122,0.144382,0.136998,0.205131,0.163621,0.277856,-0.139064,-0.070076,0.284749,0.297776,0.154132,0.142367,0.258377,0.310431,0.297925,0.302831,0.279386,0.282134,0.228856,0.172927,1.000000,0.964598,0.911584,0.212417,0.231500,0.225338,0.195852,0.012614,0.081449
0.054879,0.049467,-0.106467,-0.122419,0.042058,0.182985,0.093714,0.173850,0.168162,0.142063,0.244326,-0.077549,0.075787,0.241537,0.189520,0.039239,0.041245,0.000736,-0.035367,0.199818,0.013104,-0.021122,-0.047746,-0.044823,-0.053847,0.032436,0.036031,0.036408,0.017739,0.023379,0.039162,0.056884,0.005202,0.037140,0.252157,0.235971,-0.166094,-0.140305,0.168366,0.179169,0.166758,0.134165,0.215793,0.172139,0.244006,-0.124375,-0.068639,0.225293,0.220588,0.199577,0.195759,0.242634,0.319812,0.228419,0.305479,0.298935,0.322631,0.252752,0.222105,0.964598,1.000000,0.973703,0.258266,0.275487,0.277770,0.246865,0.022096,0.123131
0.055540,0.044404,-0.106731,-0.091367,0.044184,0.280360,0.148268,0.261473,0.265550,0.240964,0.329569,-0.041917,0.133933,0.318352,0.217067,0.077562,0.069016,0.022114,-0.021449,0.233331,0.001343,-0.038286,-0.029312,-0.062219,-0.035627,0.028517,0.030997,0.030227,0.044751,0.047463,0.069038,0.069326,0.040543,0.028462,0.395460,0.368341,-0.157806,-0.109469,0.311642,0.286535,0.265105,0.216819,0.332947,0.292975,0.333961,-0.086317,-0.021210,0.293405,0.266570,0.324714,0.320536,0.314254,0.415917,0.285597,0.389832,0.389588,0.413787,0.357266,0.353484,0.911584,0.973703,1.000000,0.400548,0.412305,0.408826,0.379394,0.040578,0.283259
-0.005323,-0.031921,-0.028293,0.197296,-0.007346,0.636637,0.363559,0.649065,0.657558,0.620390,0.709945,0.263138,0.464197,0.657330,0.353662,0.194441,0.147478,0.203382,0.153487,0.360184,-0.004670,-0.064387,0.081594,-0.081580,0.074518,0.024576,-0.022176,-0.066864,0.210955,0.202144,0.212756,0.122409,0.181507,-0.090499,0.858800,0.768113,0.049470,0.201364,0.895572,0.748345,0.711298,0.626963,0.806613,0.794762,0.744918,0.279063,0.373515,0.644507,0.565806,0.848106,0.847590,0.744250,0.875457,0.632296,0.816082,0.814680,0.805962,0.850754,0.917187,0.212417,0.258266,0.400548,1.000000,0.976490,0.947526,0.910459,0.132003,0.909005
0.007259,-0.023437,-0.006923,0.219371,-0.000818,0.621349,0.367364,0.645069,0.643374,0.605401,0.690776,0.280481,0.470213,0.637755,0.381160,0.195583,0.150098,0.218332,0.163664,0.383752,0.012595,-0.046935,0.095833,-0.063131,0.089605,0.044293,-0.004112,-0.054237,0.209491,0.202099,0.216350,0.121329,0.181847,-0.081854,0.854945,0.763103,0.068605,0.223043,0.890096,0.737647,0.713605,0.625061,0.798115,0.789429,0.731557,0.294564,0.382164,0.633961,0.574953,0.874679,0.884850,0.772352,0.901742,0.636858,0.820374,0.824210,0.829984,0.848331,0.897780,0.231500,0.275487,0.412305,0.976490,1.000000,0.971780,0.924140,0.120047,0.911190
