1.000000,-0.065327,0.013439,0.005215,0.013865,-0.008657,-0.084993,-0.016108,0.006334,0.057871,0.092657,-0.076966,-0.046050,0.043345,0.054100,0.042633,-0.068036,-0.056787,-0.011899,-0.012236,-0.034644,-0.040183,0.055227,-0.027375,-0.026405,0.050904,-0.065378,0.016846,-0.008575,0.012723,0.070346,-0.027497,0.018594,0.033115,0.067627,0.015436,-0.065320,0.023594,0.021246,-0.043956,0.018315,-0.109574,-0.010297,-0.045798,-0.017228,-0.001735,0.117926,0.017210,0.011785,-0.060720,-0.008448,-0.056415,-0.046600,0.072247,0.069410,-0.075090,0.023032,-0.110653,0.041507,0.057263,-0.072607,0.082099,0.005130,0.095707,0.038823,-0.079725,-0.004282,0.011477
-0.065327,1.000000,0.028758,0.083739,0.028894,0.027030,0.026885,-0.043095,-0.010145,0.058755,-0.000607,0.013189,0.038082,0.051455,-0.008500,0.006190,-0.028690,0.025776,-0.028170,0.070163,0.005473,-0.014080,-0.032341,0.000806,0.009628,0.013897,-0.063289,-0.067354,0.107593,-0.000733,-0.100008,-0.069406,0.041553,0.009386,-0.036029,0.022905,0.026363,0.098666,0.007702,0.010620,-0.015125,-0.030765,0.028702,0.016468,0.036757,0.015039,0.009411,0.034319,0.019408,0.050416,0.056469,-0.006542,-0.023121,0.027454,-0.044655,0.026562,0.000600,-0.007016,0.028054,0.030410,-0.012076,0.054403,-0.022239,-0.039372,0.018828,-0.008929,0.058707,-0.001617
0.013439,0.028758,1.000000,-0.012250,0.043332,0.043964,0.067668,-0.010773,-0.006333,0.021757,-0.018108,-0.039923,-0.039624,-0.007451,-0.044933,-0.017195,-0.046129,0.059103,-0.054657,-0.087492,-0.012118,-0.106065,0.035590,0.014419,-0.050951,0.095912,-0.087959,-0.021410,-0.058283,0.107073,-0.044527,0.002137,-0.025703,0.041137,-0.026371,-0.043003,-0.050110,0.025384,-0.000481,0.053791,-0.009283,-0.032405,0.037681,0.013915,-0.078693,0.007958,-0.074060,0.021720,0.118222,0.024605,-0.023600,-0.000201,-0.020812,-0.073599,-0.004222,0.076290,0.017306,0.022031,0.038233,-0.023108,0.115141,-0.036208,0.015487,0.020835,0.078797,-0.007538,-0.036975,0.043908
0.005215,0.083739,-0.012250,1.000000,0.037056,0.010041,0.115786,-0.000597,-0.009565,-0.060510,0.033422,0.055298,0.025485,0.020442,0.050747,-0.026509,-0.033338,0.011051,-0.031044,0.041829,-0.039762,-0.031005,-0.032953,0.049506,0.074847,0.019939,-0.032376,-0.045284,0.026761,0.051431,0.082089,-0.025688,-0.055540,0.040743,0.002968,0.060727,0.012101,0.014727,-0.006518,0.028333,0.087861,0.036012,0.001849,-0.068434,-0.063994,-0.020245,-0.009539,0.053642,-0.087037,0.025989,0.155688,0.010164,0.018232,0.076328,-0.042273,0.028690,-0.003293,-0.031285,0.031474,0.036375,0.099816,-0.007828,0.019871,-0.060440,-0.088599,-0.019533,0.000261,-0.081616
0.013865,0.028894,0.043332,0.037056,1.000000,0.095301,-0.055362,-0.044446,0.064585,-0.004503,-0.065360,-0.009121,-0.038519,0.020675,-0.034589,0.114197,0.041473,-0.009733,-0.030915,0.035921,0.075278,-0.028251,0.032410,0.011632,-0.084488,-0.021876,0.002737,-0.068549,-0.089668,0.062457,-0.031866,0.019648,0.013585,0.045854,-0.069803,-0.094869,-0.013177,0.014765,-0.002301,0.009286,-0.006731,0.042772,-0.007115,0.022570,0.044575,0.052491,-0.062471,0.007692,-0.029233,0.017724,0.082784,0.015109,-0.012892,0.068330,0.000658,0.056859,0.039475,-0.018373,0.064246,-0.009595,-0.020760,0.077548,-0.018135,0.099265,-0.054112,-0.002016,-0.047118,0.037437
-0.008657,0.027030,0.043964,0.010041,0.095301,1.000000,-0.065466,-0.018310,-0.037854,0.039775,0.044809,0.059423,0.037692,0.067610,-0.017825,-0.016713,0.021268,-0.011390,-0.044796,-0.015258,-0.030809,0.054569,0.120378,0.033160,0.050698,-0.061232,0.019032,0.035444,0.020034,0.012709,-0.007215,0.053275,0.059236,0.083405,-0.012886,0.040541,-0.030387,-0.013743,0.002162,0.047678,0.028362,-0.127901,0.107362,-0.057549,0.041841,-0.008096,-0.010903,0.033931,0.017745,-0.051310,0.060490,0.021586,-0.157806,-0.030868,-0.002001,0.014120,-0.070451,-0.008018,0.026307,0.037563,-0.017026,-0.033101,-0.109682,0.023141,-0.052053,-0.011374,0.007587,0.037329
-0.084993,0.026885,0.067668,0.115786,-0.055362,-0.065466,1.000000,0.024427,0.005720,-0.012717,-0.045814,0.047458,-0.071871,-0.007001,-0.014622,0.025615,-0.046502,-0.038185,-0.008747,0.060622,-0.078412,-0.102833,-0.011400,-0.064631,0.009096,-0.060339,0.016559,-0.000742,-0.010652,0.020189,0.027099,-0.010518,-0.039412,-0.031975,-0.121965,0.028610,0.002998,0.077721,-0.067727,0.036052,-0.035750,0.090658,-0.030420,0.014118,0.036898,0.010709,-0.003319,0.023752,0.050765,0.017172,0.011415,0.057834,-0.009546,-0.039339,0.000339,0.006368,0.096340,0.068523,0.012401,0.073071,0.001508,0.001555,0.176963,-0.007495,-0.044642,-0.055446,0.028664,-0.009041
-0.016108,-0.043095,-0.010773,-0.000597,-0.044446,-0.018310,0.024427,1.000000,0.066391,-0.008877,0.017335,-0.025146,0.140947,0.071998,-0.024459,0.026381,-0.003591,0.068758,0.025412,-0.012090,0.017499,0.020111,0.023676,-0.076154,0.039058,0.134832,-0.045065,0.068102,-0.026636,0.009506,-0.019949,-0.043107,0.023552,0.026724,-0.002306,-0.037885,0.028014,-0.042984,0.026054,-0.031998,-0.040436,0.123621,-0.043239,-0.072820,-0.041135,-0.040429,-0.018020,0.006023,-0.016602,-0.081447,-0.033824,-0.006108,-0.004594,0.020746,-0.022567,-0.062190,0.144173,0.033220,0.065468,-0.002806,0.040249,-0.001267,0.029989,0.017919,-0.042029,-0.012946,0.106896,-0.042489
0.006334,-0.010145,-0.006333,-0.009565,0.064585,-0.037854,0.005720,0.066391,1.000000,-0.057255,0.038103,-0.058334,-0.094569,-0.040894,0.027046,0.027202,0.058269,0.004208,0.038124,-0.032009,-0.025914,-0.021270,-0.036446,-0.048610,-0.109054,0.041319,0.010359,-0.017926,-0.019819,0.026870,-0.054769,-0.000831,0.060503,0.001982,0.038515,0.063699,0.092590,-0.005550,0.004959,0.037519,-0.012025,0.030196,0.024751,-0.089332,-0.070288,-0.072451,0.003624,0.031725,0.012633,-0.041236,-0.004219,-0.028696,0.022897,0.064445,-0.078315,-0.007434,0.012002,0.023731,0.026403,0.041251,0.016428,-0.046685,0.047045,0.010480,0.017643,0.027199,-0.051791,0.025808
0.057871,0.058755,0.021757,-0.060510,-0.004503,0.039775,-0.012717,-0.008877,-0.057255,1.000000,0.053188,-0.023528,0.026305,0.054111,-0.025232,-0.011331,-0.034181,0.051402,-0.023685,0.015955,0.032828,0.047473,-0.005789,0.065505,-0.021094,-0.061392,0.051777,-0.069869,0.046804,0.037682,0.017965,0.041753,-0.020084,0.062806,-0.065027,-0.002493,0.032449,-0.067710,0.000646,-0.058116,-0.050495,-0.066755,0.056485,0.001468,0.033605,0.023102,0.118904,-0.103629,0.014791,-0.017981,0.016154,0.000105,-0.014014,-0.022713,0.034318,-0.033884,-0.015346,-0.025348,-0.057999,0.028497,0.035614,0.060728,-0.006066,0.055093,0.032300,-0.030451,0.026650,-0.068096
0.092657,-0.000607,-0.018108,0.033422,-0.065360,0.044809,-0.045814,0.017335,0.038103,0.053188,1.000000,-0.043630,-0.006768,0.233000,0.015643,-0.084266,-0.050224,0.042151,-0.028009,-0.111946,0.013262,0.120725,-0.004008,-0.017659,0.022316,0.045368,0.010003,0.001698,0.080798,0.006804,0.035078,0.090505,-0.029582,-0.082188,0.047501,0.009780,-0.037215,-0.016683,-0.064112,-0.023454,0.003804,-0.108362,-0.098106,0.034333,0.005693,0.019177,0.088240,0.017404,-0.093755,0.067757,-0.039277,0.004487,-0.057876,0.038892,0.003195,0.064929,-0.002532,-0.078507,-0.092723,0.006135,-0.044579,-0.046722,-0.035405,0.081765,0.077856,0.015989,-0.077661,-0.086710
-0.076966,0.013189,-0.039923,0.055298,-0.009121,0.059423,0.047458,-0.025146,-0.058334,-0.023528,-0.043630,1.000000,-0.040973,-0.023431,-0.009787,0.014816,-0.030223,0.041646,0.037853,0.013483,0.013351,-0.049335,0.020465,0.036346,0.050347,-0.034252,0.054830,0.016857,0.024628,0.013880,-0.079824,0.065475,-0.027551,-0.042351,-0.052256,-0.048655,0.049566,-0.038954,-0.058017,0.082936,0.008630,0.086955,0.009477,-0.023718,-0.027348,0.076559,0.016026,0.037943,0.049728,-0.061119,-0.027258,-0.010588,0.003370,0.037523,-0.061783,0.004467,0.039844,-0.004316,-0.093865,0.020307,-0.047492,0.017412,0.042442,0.002904,0.058776,-0.059001,-0.013617,0.040265
-0.046050,0.038082,-0.039624,0.025485,-0.038519,0.037692,-0.071871,0.140947,-0.094569,0.026305,-0.006768,-0.040973,1.000000,0.002792,0.044404,-0.090122,0.047931,0.053120,-0.015229,0.050194,0.054064,-0.017546,0.159084,-0.020792,0.007393,0.004730,-0.004809,0.028040,-0.052655,0.002738,-0.006290,0.025159,-0.007816,-0.002278,-0.023305,-0.032011,-0.059771,-0.106246,-0.064927,-0.009419,0.015538,0.057358,0.061794,0.041050,-0.101704,-0.051335,-0.039006,-0.001987,-0.057890,-0.073936,0.094688,-0.050767,-0.024347,-0.052227,-0.013393,-0.039036,-0.036105,0.013188,0.007493,0.052087,0.047043,-0.017658,0.018215,0.050434,-0.003558,-0.015474,0.051529,-0.047598
0.043345,0.051455,-0.007451,0.020442,0.020675,0.067610,-0.007001,0.071998,-0.040894,0.054111,0.233000,-0.023431,0.002792,1.000000,-0.003070,-0.008718,-0.010914,0.059023,-0.036886,-0.038548,-0.066226,0.034321,0.114642,-0.099461,0.011927,0.073912,0.064402,-0.045977,0.025953,0.007597,0.010751,0.003618,0.004059,0.039897,0.011710,-0.056381,-0.056896,0.075434,0.034343,0.017415,-0.082638,-0.034100,-0.111819,-0.007723,-0.056146,0.022451,0.024353,-0.079659,-0.009256,-0.007777,-0.080103,-0.071259,-0.044603,0.050137,-0.067286,0.032492,0.018309,-0.023328,-0.049015,0.004775,-0.021363,0.001828,-0.029729,0.064921,-0.001155,-0.009765,-0.026606,0.008562
0.054100,-0.008500,-0.044933,0.050747,-0.034589,-0.017825,-0.014622,-0.024459,0.027046,-0.025232,0.015643,-0.009787,0.044404,-0.003070,1.000000,-0.002593,0.052625,0.034789,-0.008448,-0.018323,0.055566,0.089007,0.080570,-0.040770,0.026152,0.032767,-0.007892,0.077291,-0.062452,0.006960,-0.049195,-0.006712,0.027554,-0.024284,-0.024252,0.025207,-0.024861,0.024561,0.008516,0.058081,0.048025,0.046462,0.058497,0.015465,0.085261,-0.015312,0.000157,0.053872,0.019198,-0.025151,-0.034508,-0.076915,-0.013849,-0.002477,0.066808,-0.030078,-0.032786,-0.073411,0.037090,-0.050848,0.059961,-0.041827,0.115175,0.000588,0.019505,-0.041782,0.040469,0.007637
0.042633,0.006190,-0.017195,-0.026509,0.114197,-0.016713,0.025615,0.026381,0.027202,-0.011331,-0.084266,0.014816,-0.090122,-0.008718,-0.002593,1.000000,0.040977,-0.045829,0.069185,0.074248,0.150896,0.017405,-0.017797,0.030393,0.062225,0.007224,-0.018494,-0.055181,-0.020960,0.040193,0.004672,0.001463,-0.043545,-0.094185,-0.019715,0.130853,0.068475,-0.046659,-0.022763,-0.017596,0.050381,-0.067894,0.067453,0.036973,0.027343,0.026547,0.023094,0.063349,0.071715,-0.029825,-0.009960,-0.013679,0.044259,0.065488,0.035439,-0.040061,-0.072743,0.012003,0.020796,0.041525,-0.052949,0.020194,-0.007035,-0.020336,0.057535,0.086804,0.019469,-0.070422
-0.068036,-0.028690,-0.046129,-0.033338,0.041473,0.021268,-0.046502,-0.003591,0.058269,-0.034181,-0.050224,-0.030223,0.047931,-0.010914,0.052625,0.040977,1.000000,0.005418,0.046591,0.015030,-0.033713,0.047140,-0.009342,0.113530,0.000875,0.078831,-0.009944,-0.004957,0.030201,-0.076851,-0.059575,-0.009351,-0.031622,0.096215,0.035924,-0.017200,0.073187,-0.059704,-0.036411,0.094937,-0.084968,0.016748,-0.022542,0.012842,0.026226,-0.058448,-0.053767,-0.015990,-0.033025,-0.017561,-0.015271,0.169332,0.031511,-0.001963,0.007844,0.001117,0.052991,0.060760,0.072975,0.054814,-0.057860,-0.061561,0.034777,0.066002,-0.056683,0.045915,0.020213,0.032097
-0.056787,0.025776,0.059103,0.011051,-0.009733,-0.011390,-0.038185,0.068758,0.004208,0.051402,0.042151,0.041646,0.053120,0.059023,0.034789,-0.045829,0.005418,1.000000,-0.022729,0.016331,-0.002243,-0.005438,0.063646,0.064991,-0.002940,0.109578,0.016343,-0.002957,0.074010,0.068260,0.048184,-0.017001,0.017718,0.103169,0.041053,-0.088566,-0.011646,0.015317,0.023135,-0.075516,0.028972,0.014725,-0.007488,0.063538,-0.098783,0.038034,0.146076,0.060870,0.063242,-0.068967,0.057270,0.085042,-0.080348,-0.022969,-0.053523,0.048193,0.014691,-0.113429,0.040671,-0.015051,0.022915,-0.045971,0.055215,0.030415,0.097713,-0.040448,-0.087918,-0.062236
-0.011899,-0.028170,-0.054657,-0.031044,-0.030915,-0.044796,-0.008747,0.025412,0.038124,-0.023685,-0.028009,0.037853,-0.015229,-0.036886,-0.008448,0.069185,0.046591,-0.022729,1.000000,0.032038,-0.070070,0.016109,-0.003272,-0.009851,-0.074232,0.052839,0.118036,-0.006634,0.056238,0.023268,0.023923,0.052982,0.021144,-0.027928,0.014524,0.101675,0.051273,-0.033438,0.031116,0.025954,-0.068315,0.040857,-0.071696,0.041548,-0.017524,0.009107,0.003560,0.013191,-0.039403,0.041091,-0.017700,-0.012414,0.041779,0.007124,0.032463,-0.006826,0.015186,-0.033967,0.031388,-0.047327,0.028249,0.058719,-0.007978,0.039862,0.016666,-0.073753,-0.022608,-0.011262
-0.012236,0.070163,-0.087492,0.041829,0.035921,-0.015258,0.060622,-0.012090,-0.032009,0.015955,-0.111946,0.013483,0.050194,-0.038548,-0.018323,0.074248,0.015030,0.016331,0.032038,1.000000,-0.012211,-0.018888,-0.008523,0.089626,0.010571,0.031275,-0.052692,-0.051412,0.070159,0.028067,0.040702,0.089785,-0.062151,-0.004234,0.063661,0.013458,-0.087129,-0.019723,0.076960,-0.037981,-0.006598,0.093728,0.097425,0.089148,0.005134,-0.066998,0.059461,0.034854,0.027792,-0.086125,0.051161,0.052390,-0.052156,0.058233,-0.087261,-0.078134,-0.014579,0.031729,0.010634,-0.007984,-0.042277,0.056625,-0.038617,0.007681,0.024383,0.009294,0.033677,-0.058236
-0.034644,0.005473,-0.012118,-0.039762,0.075278,-0.030809,-0.078412,0.017499,-0.025914,0.032828,0.013262,0.013351,0.054064,-0.066226,0.055566,0.150896,-0.033713,-0.002243,-0.070070,-0.012211,1.000000,0.112858,-0.101005,-0.059962,0.025664,0.014369,0.017788,-0.001952,-0.067441,0.000617,0.015511,-0.033964,-0.030756,0.032765,-0.059486,0.033589,-0.001539,-0.066100,-0.049625,-0.008620,-0.011434,-0.105363,-0.029200,-0.034544,0.052063,0.125611,0.011263,0.000435,0.045205,-0.027977,-0.005818,-0.006748,0.026156,0.079468,-0.022169,0.047310,-0.034619,0.027463,0.010431,-0.070069,0.034261,0.113449,-0.043435,0.094869,-0.059428,0.064461,0.042416,-0.051118
-0.040183,-0.014080,-0.106065,-0.031005,-0.028251,0.054569,-0.102833,0.020111,-0.021270,0.047473,0.120725,-0.049335,-0.017546,0.034321,0.089007,0.017405,0.047140,-0.005438,0.016109,-0.018888,0.112858,1.000000,-0.004557,0.122131,0.035930,0.090175,0.033043,0.131500,0.026868,-0.023133,-0.003097,0.075562,0.034900,0.072870,0.062428,-0.038938,-0.055163,0.006848,0.060810,-0.024380,0.053405,0.002616,-0.160440,-0.029441,0.086772,0.078550,-0.024027,-0.068234,-0.046266,0.016933,0.023157,0.066167,-0.049779,-0.012396,0.029450,0.078433,-0.085810,0.056414,-0.007245,-0.007149,-0.003721,0.039692,-0.134331,0.063524,0.078078,0.016252,0.111777,-0.012132
0.055227,-0.032341,0.035590,-0.032953,0.032410,0.120378,-0.011400,0.023676,-0.036446,-0.005789,-0.004008,0.020465,0.159084,0.114642,0.080570,-0.017797,-0.009342,0.063646,-0.003272,-0.008523,-0.101005,-0.004557,1.000000,0.099314,-0.005976,-0.039877,0.008362,-0.025092,-0.004460,0.057833,-0.033044,-0.022831,0.027841,-0.002605,-0.022543,-0.000021,-0.004764,-0.005713,0.015963,-0.017332,-0.061136,-0.021024,-0.021953,0.013036,-0.042425,-0.012337,-0.031309,-0.038063,0.040996,-0.063248,-0.003062,-0.020505,-0.008490,-0.005914,0.074098,0.008796,-0.039282,0.041152,-0.033363,0.035485,-0.043048,-0.059797,0.078246,-0.004422,-0.041201,-0.044601,0.000014,-0.005589
-0.027375,0.000806,0.014419,0.049506,0.011632,0.033160,-0.064631,-0.076154,-0.048610,0.065505,-0.017659,0.036346,-0.020792,-0.099461,-0.040770,0.030393,0.113530,0.064991,-0.009851,0.089626,-0.059962,0.122131,0.099314,1.000000,0.024979,-0.060336,-0.089952,0.057562,0.049267,-0.063602,-0.015056,0.004893,-0.063299,0.040496,0.021996,-0.055971,-0.001357,-0.086354,0.054274,0.107629,0.077741,-0.003325,0.019526,0.057644,0.079283,0.050376,-0.117122,-0.014624,0.010798,-0.018709,0.013170,0.082653,0.031816,0.047602,0.090984,-0.021667,0.015175,0.039595,-0.007469,-0.052603,0.011237,0.029591,0.000094,0.001287,0.050614,0.003432,-0.068192,0.016359
-0.026405,0.009628,-0.050951,0.074847,-0.084488,0.050698,0.009096,0.039058,-0.109054,-0.021094,0.022316,0.050347,0.007393,0.011927,0.026152,0.062225,0.000875,-0.002940,-0.074232,0.010571,0.025664,0.035930,-0.005976,0.024979,1.000000,0.031782,0.034016,-0.041141,-0.008502,0.018978,-0.120944,-0.057947,-0.014199,0.010986,0.013664,0.085862,0.004178,0.021309,0.038282,0.011671,0.018696,-0.035368,0.014134,0.031357,-0.007136,-0.080865,0.038766,0.054572,0.019573,-0.039114,0.033174,0.015872,-0.010273,0.040225,-0.043252,-0.095784,-0.010341,0.012242,-0.043804,0.052267,0.041046,0.055416,0.030928,-0.075794,0.057457,0.080036,0.111894,0.015495
0.050904,0.013897,0.095912,0.019939,-0.021876,-0.061232,-0.060339,0.134832,0.041319,-0.061392,0.045368,-0.034252,0.004730,0.073912,0.032767,0.007224,0.078831,0.109578,0.052839,0.031275,0.014369,0.090175,-0.039877,-0.060336,0.031782,1.000000,-0.024459,0.092794,0.039767,0.033536,-0.023816,0.009076,0.028396,0.073030,0.057757,-0.016493,-0.002667,0.087340,0.000215,-0.036402,-0.037031,-0.059142,-0.023235,-0.075668,-0.067727,0.050923,0.057044,0.023181,0.028868,-0.045050,0.028025,0.121801,-0.070575,-0.031044,0.040771,0.062547,0.016862,-0.009668,0.105682,-0.043148,-0.001786,-0.020134,-0.035894,0.008794,-0.101879,0.112686,0.013156,-0.081862
-0.065378,-0.063289,-0.087959,-0.032376,0.002737,0.019032,0.016559,-0.045065,0.010359,0.051777,0.010003,0.054830,-0.004809,0.064402,-0.007892,-0.018494,-0.009944,0.016343,0.118036,-0.052692,0.017788,0.033043,0.008362,-0.089952,0.034016,-0.024459,1.000000,-0.084404,-0.036278,0.109503,0.016681,-0.015896,-0.046556,-0.008774,-0.058160,-0.016038,0.032817,-0.020536,0.068797,-0.056974,-0.067665,0.069410,0.059733,0.024731,-0.039812,0.073150,-0.059680,-0.044154,-0.063257,0.062496,0.036079,-0.001663,-0.093177,0.010468,0.000645,0.030321,-0.052093,-0.008677,-0.121354,0.035627,0.058409,0.021039,0.107161,0.004174,-0.029590,-0.016527,-0.052478,-0.005646
0.016846,-0.067354,-0.021410,-0.045284,-0.068549,0.035444,-0.000742,0.068102,-0.017926,-0.069869,0.001698,0.016857,0.028040,-0.045977,0.077291,-0.055181,-0.004957,-0.002957,-0.006634,-0.051412,-0.001952,0.131500,-0.025092,0.057562,-0.041141,0.092794,-0.084404,1.000000,0.034324,0.014706,0.028396,-0.028376,0.090926,-0.059761,0.012399,0.027366,0.053882,0.042348,0.042807,-0.010673,0.089804,-0.060617,-0.013810,-0.092546,-0.027056,-0.058732,-0.000454,-0.005712,-0.036216,0.080356,-0.076258,-0.020674,-0.003346,-0.041350,0.048000,0.102797,-0.073920,0.035135,0.150777,0.016491,0.043318,-0.044902,0.021364,0.028358,-0.018089,-0.051472,0.056866,0.017554
-0.008575,0.107593,-0.058283,0.026761,-0.089668,0.020034,-0.010652,-0.026636,-0.019819,0.046804,0.080798,0.024628,-0.052655,0.025953,-0.062452,-0.020960,0.030201,0.074010,0.056238,0.070159,-0.067441,0.026868,-0.004460,0.049267,-0.008502,0.039767,-0.036278,0.034324,1.000000,0.002110,0.047376,0.048599,0.088383,0.040989,-0.013247,-0.046449,-0.024177,0.026703,0.015363,-0.025906,0.040361,-0.029897,0.050861,-0.063668,0.036279,-0.018899,0.039072,0.058766,-0.016075,-0.029904,0.013739,0.064368,0.023529,-0.070399,-0.013966,-0.032503,0.047465,0.020598,-0.066203,0.027590,0.050931,0.043137,-0.008923,-0.013027,0.057793,0.007002,0.039861,0.034601
0.012723,-0.000733,0.107073,0.051431,0.062457,0.012709,0.020189,0.009506,0.026870,0.037682,0.006804,0.013880,0.002738,0.007597,0.006960,0.040193,-0.076851,0.068260,0.023268,0.028067,0.000617,-0.023133,0.057833,-0.063602,0.018978,0.033536,0.109503,0.014706,0.002110,1.000000,-0.080307,0.045162,0.022770,0.013071,-0.023425,0.044594,0.039148,0.000460,-0.001623,-0.077337,-0.022164,-0.032774,0.045527,-0.019453,-0.040615,-0.060524,-0.026037,-0.060590,0.024224,-0.038171,0.028445,-0.027845,-0.067532,-0.008920,-0.030229,0.032016,-0.032624,0.050895,0.051455,0.037617,0.065109,-0.006901,0.045233,0.046556,0.095489,-0.027863,-0.080552,-0.072309
0.070346,-0.100008,-0.044527,0.082089,-0.031866,-0.007215,0.027099,-0.019949,-0.054769,0.017965,0.035078,-0.079824,-0.006290,0.010751,-0.049195,0.004672,-0.059575,0.048184,0.023923,0.040702,0.015511,-0.003097,-0.033044,-0.015056,-0.120944,-0.023816,0.016681,0.028396,0.047376,-0.080307,1.000000,0.017564,-0.054242,0.052872,0.063687,0.002157,-0.031150,0.056613,0.073210,-0.045729,-0.014337,0.050422,-0.075997,0.054679,-0.017096,0.028478,0.043415,0.013641,0.001573,0.039821,0.106750,0.045089,-0.000453,-0.017906,0.099799,0.038215,-0.065892,-0.038132,0.019753,-0.054225,-0.061284,-0.116702,-0.033596,0.066553,-0.041026,0.017842,-0.024172,0.003899
-0.027497,-0.069406,0.002137,-0.025688,0.019648,0.053275,-0.010518,-0.043107,-0.000831,0.041753,0.090505,0.065475,0.025159,0.003618,-0.006712,0.001463,-0.009351,-0.017001,0.052982,0.089785,-0.033964,0.075562,-0.022831,0.004893,-0.057947,0.009076,-0.015896,-0.028376,0.048599,0.045162,0.017564,1.000000,-0.069002,-0.032466,0.013950,-0.049763,-0.018403,-0.004243,-0.047740,0.004594,0.030324,-0.029338,-0.067617,-0.002212,-0.025541,0.048496,-0.033199,0.001543,0.002486,-0.013296,0.024033,0.050891,0.050645,-0.052457,0.079336,0.007209,-0.016550,0.013624,-0.036135,0.021011,0.020762,-0.041912,-0.004524,-0.026316,0.031748,-0.055546,-0.037933,-0.114343
0.018594,0.041553,-0.025703,-0.055540,0.013585,0.059236,-0.039412,0.023552,0.060503,-0.020084,-0.029582,-0.027551,-0.007816,0.004059,0.027554,-0.043545,-0.031622,0.017718,0.021144,-0.062151,-0.030756,0.034900,0.027841,-0.063299,-0.014199,0.028396,-0.046556,0.090926,0.088383,0.022770,-0.054242,-0.069002,1.000000,0.019546,-0.003567,-0.007220,-0.030402,0.019519,0.045938,-0.031306,-0.025204,-0.034628,-0.019656,-0.035968,-0.012960,-0.014976,-0.009916,-0.038895,0.037148,0.024929,0.040910,-0.025439,-0.010364,0.003654,0.010111,0.082712,-0.028910,0.023744,0.044822,-0.037916,0.062282,0.024594,-0.097088,-0.115172,0.035602,0.067138,0.036218,0.026256
0.033115,0.009386,0.041137,0.040743,0.045854,0.083405,-0.031975,0.026724,0.001982,0.062806,-0.082188,-0.042351,-0.002278,0.039897,-0.024284,-0.094185,0.096215,0.103169,-0.027928,-0.004234,0.032765,0.072870,-0.002605,0.040496,0.010986,0.073030,-0.008774,-0.059761,0.040989,0.013071,0.052872,-0.032466,0.019546,1.000000,0.059164,-0.074606,-0.074392,0.045913,0.018452,0.004158,-0.080021,0.020306,-0.004505,0.023493,0.042761,0.022724,0.005918,0.051780,0.075073,-0.011238,0.075310,0.091850,-0.072668,-0.018699,0.014307,0.038076,0.011802,-0.041317,0.053052,0.016046,-0.025165,0.024760,-0.079102,0.005464,-0.055356,0.036353,0.044431,-0.028668
0.067627,-0.036029,-0.026371,0.002968,-0.069803,-0.012886,-0.121965,-0.002306,0.038515,-0.065027,0.047501,-0.052256,-0.023305,0.011710,-0.024252,-0.019715,0.035924,0.041053,0.014524,0.063661,-0.059486,0.062428,-0.022543,0.021996,0.013664,0.057757,-0.058160,0.012399,-0.013247,-0.023425,0.063687,0.013950,-0.003567,0.059164,1.000000,-0.019154,0.002473,-0.037484,0.033095,-0.046091,0.017017,0.015986,-0.017489,0.025087,0.002820,0.009574,-0.027551,0.019478,-0.057228,0.007422,0.020949,0.016616,-0.057779,-0.067705,-0.022864,0.062550,0.030726,0.062523,0.036095,0.018574,-0.014272,0.029429,-0.068435,-0.074992,0.024362,0.034004,-0.033537,0.013411
0.015436,0.022905,-0.043003,0.060727,-0.094869,0.040541,0.028610,-0.037885,0.063699,-0.002493,0.009780,-0.048655,-0.032011,-0.056381,0.025207,0.130853,-0.017200,-0.088566,0.101675,0.013458,0.033589,-0.038938,-0.000021,-0.055971,0.085862,-0.016493,-0.016038,0.027366,-0.046449,0.044594,0.002157,-0.049763,-0.007220,-0.074606,-0.019154,1.000000,0.054364,-0.095224,-0.043697,-0.036855,-0.095219,-0.076757,-0.038372,0.045061,0.100270,-0.017234,0.009026,0.044867,-0.065308,-0.018007,0.067293,-0.014901,0.024850,0.043427,0.023816,-0.074713,-0.079491,0.024987,-0.010126,0.052564,-0.026200,-0.045330,0.037761,0.089595,0.007563,0.049715,0.012821,0.054054
-0.065320,0.026363,-0.050110,0.012101,-0.013177,-0.030387,0.002998,0.028014,0.092590,0.032449,-0.037215,0.049566,-0.059771,-0.056896,-0.024861,0.068475,0.073187,-0.011646,0.051273,-0.087129,-0.001539,-0.055163,-0.004764,-0.001357,0.004178,-0.002667,0.032817,0.053882,-0.024177,0.039148,-0.031150,-0.018403,-0.030402,-0.074392,0.002473,0.054364,1.000000,-0.015282,-0.048666,0.095416,0.000172,0.048878,0.057096,-0.060053,0.006029,-0.032003,0.113224,-0.022982,0.022480,0.074718,-0.061641,-0.040138,0.108894,0.001622,0.011324,-0.018758,0.041265,0.070104,0.074718,0.007808,-0.009804,-0.046420,0.022824,-0.032399,0.005695,0.055591,-0.071757,0.031791
0.023594,0.098666,0.025384,0.014727,0.014765,-0.013743,0.077721,-0.042984,-0.005550,-0.067710,-0.016683,-0.038954,-0.106246,0.075434,0.024561,-0.046659,-0.059704,0.015317,-0.033438,-0.019723,-0.066100,0.006848,-0.005713,-0.086354,0.021309,0.087340,-0.020536,0.042348,0.026703,0.000460,0.056613,-0.004243,0.019519,0.045913,-0.037484,-0.095224,-0.015282,1.000000,-0.019374,0.016871,0.008471,-0.056285,-0.005553,0.013901,-0.002988,0.077092,0.018885,0.017119,0.045038,0.173213,0.037773,0.041891,0.041801,-0.036431,0.013392,0.019703,0.003946,-0.077493,0.007962,-0.017818,-0.055685,0.044534,0.043446,-0.029072,-0.020929,0.051747,-0.017600,0.042738
0.021246,0.007702,-0.000481,-0.006518,-0.002301,0.002162,-0.067727,0.026054,0.004959,0.000646,-0.064112,-0.058017,-0.064927,0.034343,0.008516,-0.022763,-0.036411,0.023135,0.031116,0.076960,-0.049625,0.060810,0.015963,0.054274,0.038282,0.000215,0.068797,0.042807,0.015363,-0.001623,0.073210,-0.047740,0.045938,0.018452,0.033095,-0.043697,-0.048666,-0.019374,1.000000,0.059983,-0.052658,0.069413,0.034056,-0.062412,-0.022644,0.047528,0.001236,-0.033150,0.002321,-0.044733,0.006887,-0.050110,-0.032071,0.023038,0.005616,0.019277,0.034341,-0.047659,0.077634,0.052630,0.019744,-0.013688,-0.027792,-0.065794,-0.058757,0.057352,-0.041544,-0.010650
-0.043956,0.010620,0.053791,0.028333,0.009286,0.047678,0.036052,-0.031998,0.037519,-0.058116,-0.023454,0.082936,-0.009419,0.017415,0.058081,-0.017596,0.094937,-0.075516,0.025954,-0.037981,-0.008620,-0.024380,-0.017332,0.107629,0.011671,-0.036402,-0.056974,-0.010673,-0.025906,-0.077337,-0.045729,0.004594,-0.031306,0.004158,-0.046091,-0.036855,0.095416,0.016871,0.059983,1.000000,0.054491,0.011641,0.018121,-0.003862,0.086135,0.034639,-0.047684,0.035399,0.025830,0.035547,0.006489,-0.084106,0.020206,-0.040342,0.018897,-0.027443,-0.018786,-0.009886,-0.101218,-0.015977,-0.012253,-0.018623,-0.026372,-0.046342,0.037383,-0.017490,0.006617,0.009787
0.018315,-0.015125,-0.009283,0.087861,-0.006731,0.028362,-0.035750,-0.040436,-0.012025,-0.050495,0.003804,0.008630,0.015538,-0.082638,0.048025,0.050381,-0.084968,0.028972,-0.068315,-0.006598,-0.011434,0.053405,-0.061136,0.077741,0.018696,-0.037031,-0.067665,0.089804,0.040361,-0.022164,-0.014337,0.030324,-0.025204,-0.080021,0.017017,-0.095219,0.000172,0.008471,-0.052658,0.054491,1.000000,-0.000076,0.120447,-0.021322,-0.002475,-0.032627,0.057315,0.027885,0.058619,0.063954,0.016679,0.018776,-0.038514,-0.037803,0.024250,0.011364,0.010218,-0.097591,0.021011,-0.011468,0.056516,0.040573,-0.016836,0.026929,-0.037137,-0.056099,-0.064337,-0.070092
-0.109574,-0.030765,-0.032405,0.036012,0.042772,-0.127901,0.090658,0.123621,0.030196,-0.066755,-0.108362,0.086955,0.057358,-0.034100,0.046462,-0.067894,0.016748,0.014725,0.040857,0.093728,-0.105363,0.002616,-0.021024,-0.003325,-0.035368,-0.059142,0.069410,-0.060617,-0.029897,-0.032774,0.050422,-0.029338,-0.034628,0.020306,0.015986,-0.076757,0.048878,-0.056285,0.069413,0.011641,-0.000076,1.000000,0.051259,0.059292,-0.012434,-0.036062,-0.005155,-0.015726,-0.004014,0.019689,0.036632,0.053766,0.012668,0.066649,-0.120489,0.015222,0.013436,0.004981,0.006191,-0.004566,-0.085266,0.009174,0.047685,0.008113,0.032505,-0.076856,-0.016428,-0.034706
-0.010297,0.028702,0.037681,0.001849,-0.007115,0.107362,-0.030420,-0.043239,0.024751,0.056485,-0.098106,0.009477,0.061794,-0.111819,0.058497,0.067453,-0.022542,-0.007488,-0.071696,0.097425,-0.029200,-0.160440,-0.021953,0.019526,0.014134,-0.023235,0.059733,-0.013810,0.050861,0.045527,-0.075997,-0.067617,-0.019656,-0.004505,-0.017489,-0.038372,0.057096,-0.005553,0.034056,0.018121,0.120447,0.051259,1.000000,-0.020252,0.046429,-0.002322,0.033660,0.138998,-0.002733,0.027583,0.022627,-0.031939,0.015634,0.066878,-0.104180,0.051718,-0.090628,0.004609,-0.072396,-0.069416,0.105588,0.003854,0.022666,-0.077893,0.027194,0.039125,0.008934,0.090784
-0.045798,0.016468,0.013915,-0.068434,0.022570,-0.057549,0.014118,-0.072820,-0.089332,0.001468,0.034333,-0.023718,0.041050,-0.007723,0.015465,0.036973,0.012842,0.063538,0.041548,0.089148,-0.034544,-0.029441,0.013036,0.057644,0.031357,-0.075668,0.024731,-0.092546,-0.063668,-0.019453,0.054679,-0.002212,-0.035968,0.023493,0.025087,0.045061,-0.060053,0.013901,-0.062412,-0.003862,-0.021322,0.059292,-0.020252,1.000000,0.035003,-0.020487,0.014316,-0.047855,-0.027104,0.031057,-0.028550,-0.035587,0.027690,0.064113,0.027758,-0.056578,-0.065286,-0.005721,-0.031649,-0.036887,-0.065343,0.047478,0.032058,-0.044556,0.092723,-0.045751,-0.071764,-0.010004
-0.017228,0.036757,-0.078693,-0.063994,0.044575,0.041841,0.036898,-0.041135,-0.070288,0.033605,0.005693,-0.027348,-0.101704,-0.056146,0.085261,0.027343,0.026226,-0.098783,-0.017524,0.005134,0.052063,0.086772,-0.042425,0.079283,-0.007136,-0.067727,-0.039812,-0.027056,0.036279,-0.040615,-0.017096,-0.025541,-0.012960,0.042761,0.002820,0.100270,0.006029,-0.002988,-0.022644,0.086135,-0.002475,-0.012434,0.046429,0.035003,1.000000,0.059558,0.024643,0.074408,-0.014207,-0.001112,0.048364,-0.004254,-0.045849,-0.051797,-0.016597,0.013509,-0.050875,0.011767,0.048903,-0.055881,-0.026059,0.042363,0.017567,0.063564,-0.045778,-0.029063,0.043939,0.062832
-0.001735,0.015039,0.007958,-0.020245,0.052491,-0.008096,0.010709,-0.040429,-0.072451,0.023102,0.019177,0.076559,-0.051335,0.022451,-0.015312,0.026547,-0.058448,0.038034,0.009107,-0.066998,0.125611,0.078550,-0.012337,0.050376,-0.080865,0.050923,0.073150,-0.058732,-0.018899,-0.060524,0.028478,0.048496,-0.014976,0.022724,0.009574,-0.017234,-0.032003,0.077092,0.047528,0.034639,-0.032627,-0.036062,-0.002322,-0.020487,0.059558,1.000000,-0.026323,-0.029629,0.132625,0.016327,-0.004951,0.027644,-0.054610,0.022848,0.046309,-0.027857,0.086243,0.030867,0.026547,-0.038296,-0.017398,0.021429,-0.010970,-0.079585,0.010257,0.049451,0.032850,0.056874
0.117926,0.009411,-0.074060,-0.009539,-0.062471,-0.010903,-0.003319,-0.018020,0.003624,0.118904,0.088240,0.016026,-0.039006,0.024353,0.000157,0.023094,-0.053767,0.146076,0.003560,0.059461,0.011263,-0.024027,-0.031309,-0.117122,0.038766,0.057044,-0.059680,-0.000454,0.039072,-0.026037,0.043415,-0.033199,-0.009916,0.005918,-0.027551,0.009026,0.113224,0.018885,0.001236,-0.047684,0.057315,-0.005155,0.033660,0.014316,0.024643,-0.026323,1.000000,-0.018196,0.067989,0.001551,0.022290,-0.059775,0.004619,0.011966,0.038235,-0.036038,-0.080752,-0.015883,-0.055735,-0.017071,-0.026818,-0.027506,0.005221,0.064323,0.059061,-0.064376,-0.003671,0.040894
0.017210,0.034319,0.021720,0.053642,0.007692,0.033931,0.023752,0.006023,0.031725,-0.103629,0.017404,0.037943,-0.001987,-0.079659,0.053872,0.063349,-0.015990,0.060870,0.013191,0.034854,0.000435,-0.068234,-0.038063,-0.014624,0.054572,0.023181,-0.044154,-0.005712,0.058766,-0.060590,0.013641,0.001543,-0.038895,0.051780,0.019478,0.044867,-0.022982,0.017119,-0.033150,0.035399,0.027885,-0.015726,0.138998,-0.047855,0.074408,-0.029629,-0.018196,1.000000,-0.125192,-0.032943,0.033406,-0.053430,-0.025332,0.112830,-0.026808,-0.071872,-0.024358,0.009582,-0.025592,0.064551,0.009657,0.032878,0.106068,0.076276,0.023594,-0.047737,-0.035495,0.033606
0.011785,0.019408,0.118222,-0.087037,-0.029233,0.017745,0.050765,-0.016602,0.012633,0.014791,-0.093755,0.049728,-0.057890,-0.009256,0.019198,0.071715,-0.033025,0.063242,-0.039403,0.027792,0.045205,-0.046266,0.040996,0.010798,0.019573,0.028868,-0.063257,-0.036216,-0.016075,0.024224,0.001573,0.002486,0.037148,0.075073,-0.057228,-0.065308,0.022480,0.045038,0.002321,0.025830,0.058619,-0.004014,-0.002733,-0.027104,-0.014207,0.132625,0.067989,-0.125192,1.000000,0.015869,-0.057544,0.047841,-0.008127,-0.071190,-0.035006,-0.032423,0.029504,-0.073768,-0.032841,-0.054405,-0.054758,-0.080197,0.047891,-0.103154,0.043855,0.040675,-0.017710,0.073784
-0.060720,0.050416,0.024605,0.025989,0.017724,-0.051310,0.017172,-0.081447,-0.041236,-0.017981,0.067757,-0.061119,-0.073936,-0.007777,-0.025151,-0.029825,-0.017561,-0.068967,0.041091,-0.086125,-0.027977,0.016933,-0.063248,-0.018709,-0.039114,-0.045050,0.062496,0.080356,-0.029904,-0.038171,0.039821,-0.013296,0.024929,-0.011238,0.007422,-0.018007,0.074718,0.173213,-0.044733,0.035547,0.063954,0.019689,0.027583,0.031057,-0.001112,0.016327,0.001551,-0.032943,0.015869,1.000000,-0.076616,-0.009407,0.074666,-0.032770,0.003494,0.115485,0.022445,0.026887,0.023090,-0.000323,0.008571,0.027047,-0.020205,-0.131458,-0.026938,0.048802,0.096187,-0.000695
-0.008448,0.056469,-0.023600,0.155688,0.082784,0.060490,0.011415,-0.033824,-0.004219,0.016154,-0.039277,-0.027258,0.094688,-0.080103,-0.034508,-0.009960,-0.015271,0.057270,-0.017700,0.051161,-0.005818,0.023157,-0.003062,0.013170,0.033174,0.028025,0.036079,-0.076258,0.013739,0.028445,0.106750,0.024033,0.040910,0.075310,0.020949,0.067293,-0.061641,0.037773,0.006887,0.006489,0.016679,0.036632,0.022627,-0.028550,0.048364,-0.004951,0.022290,0.033406,-0.057544,-0.076616,1.000000,0.060488,-0.020901,0.072897,0.071309,-0.034698,-0.121440,-0.076529,-0.045736,-0.053986,0.063295,-0.000903,-0.074995,0.033505,-0.026990,0.047190,-0.009645,-0.064971
-0.056415,-0.006542,-0.000201,0.010164,0.015109,0.021586,0.057834,-0.006108,-0.028696,0.000105,0.004487,-0.010588,-0.050767,-0.071259,-0.076915,-0.013679,0.169332,0.085042,-0.012414,0.052390,-0.006748,0.066167,-0.020505,0.082653,0.015872,0.121801,-0.001663,-0.020674,0.064368,-0.027845,0.045089,0.050891,-0.025439,0.091850,0.016616,-0.014901,-0.040138,0.041891,-0.050110,-0.084106,0.018776,0.053766,-0.031939,-0.035587,-0.004254,0.027644,-0.059775,-0.053430,0.047841,-0.009407,0.060488,1.000000,-0.061982,-0.042078,-0.073587,0.110902,0.151501,0.020193,-0.010807,0.088459,-0.047802,-0.102944,0.068109,0.041012,-0.091971,-0.013179,-0.004826,-0.047537
-0.046600,-0.023121,-0.020812,0.018232,-0.012892,-0.157806,-0.009546,-0.004594,0.022897,-0.014014,-0.057876,0.003370,-0.024347,-0.044603,-0.013849,0.044259,0.031511,-0.080348,0.041779,-0.052156,0.026156,-0.049779,-0.008490,0.031816,-0.010273,-0.070575,-0.093177,-0.003346,0.023529,-0.067532,-0.000453,0.050645,-0.010364,-0.072668,-0.057779,0.024850,0.108894,0.041801,-0.032071,0.020206,-0.038514,0.012668,0.015634,0.027690,-0.045849,-0.054610,0.004619,-0.025332,-0.008127,0.074666,-0.020901,-0.061982,1.000000,-0.013344,0.015405,-0.040921,0.096550,0.023392,0.009370,-0.020737,0.027511,-0.011532,-0.018192,-0.001424,0.006774,0.013386,0.040032,-0.003270
0.072247,0.027454,-0.073599,0.076328,0.068330,-0.030868,-0.039339,0.020746,0.064445,-0.022713,0.038892,0.037523,-0.052227,0.050137,-0.002477,0.065488,-0.001963,-0.022969,0.007124,0.058233,0.079468,-0.012396,-0.005914,0.047602,0.040225,-0.031044,0.010468,-0.041350,-0.070399,-0.008920,-0.017906,-0.052457,0.003654,-0.018699,-0.067705,0.043427,0.001622,-0.036431,0.023038,-0.040342,-0.037803,0.066649,0.066878,0.064113,-0.051797,0.022848,0.011966,0.112830,-0.071190,-0.032770,0.072897,-0.042078,-0.013344,1.000000,-0.006280,-0.081604,0.076459,-0.078861,0.042979,-0.037920,-0.014701,0.072922,-0.026029,-0.008437,0.052738,0.059744,-0.018575,0.067359
0.069410,-0.044655,-0.004222,-0.042273,0.000658,-0.002001,0.000339,-0.022567,-0.078315,0.034318,0.003195,-0.061783,-0.013393,-0.067286,0.066808,0.035439,0.007844,-0.053523,0.032463,-0.087261,-0.022169,0.029450,0.074098,0.090984,-0.043252,0.040771,0.000645,0.048000,-0.013966,-0.030229,0.099799,0.079336,0.010111,0.014307,-0.022864,0.023816,0.011324,0.013392,0.005616,0.018897,0.024250,-0.120489,-0.104180,0.027758,-0.016597,0.046309,0.038235,-0.026808,-0.035006,0.003494,0.071309,-0.073587,0.015405,-0.006280,1.000000,-0.052656,-0.034473,-0.112454,0.021686,-0.050348,0.053503,-0.098544,-0.023987,-0.090323,-0.039265,0.001022,-0.010712,0.072725
-0.075090,0.026562,0.076290,0.028690,0.056859,0.014120,0.006368,-0.062190,-0.007434,-0.033884,0.064929,0.004467,-0.039036,0.032492,-0.030078,-0.040061,0.001117,0.048193,-0.006826,-0.078134,0.047310,0.078433,0.008796,-0.021667,-0.095784,0.062547,0.030321,0.102797,-0.032503,0.032016,0.038215,0.007209,0.082712,0.038076,0.062550,-0.074713,-0.018758,0.019703,0.019277,-0.027443,0.011364,0.015222,0.051718,-0.056578,0.013509,-0.027857,-0.036038,-0.071872,-0.032423,0.115485,-0.034698,0.110902,-0.040921,-0.081604,-0.052656,1.000000,-0.131220,0.098458,0.069926,0.053204,0.054825,-0.004180,0.030926,0.022619,-0.041921,0.017378,-0.040305,-0.012393
0.023032,0.000600,0.017306,-0.003293,0.039475,-0.070451,0.096340,0.144173,0.012002,-0.015346,-0.002532,0.039844,-0.036105,0.018309,-0.032786,-0.072743,0.052991,0.014691,0.015186,-0.014579,-0.034619,-0.085810,-0.039282,0.015175,-0.010341,0.016862,-0.052093,-0.073920,0.047465,-0.032624,-0.065892,-0.016550,-0.028910,0.011802,0.030726,-0.079491,0.041265,0.003946,0.034341,-0.018786,0.010218,0.013436,-0.090628,-0.065286,-0.050875,0.086243,-0.080752,-0.024358,0.029504,0.022445,-0.121440,0.151501,0.096550,0.076459,-0.034473,-0.131220,1.000000,-0.045320,0.036966,-0.020047,0.053824,-0.039508,-0.019774,0.079262,-0.043577,-0.062346,0.039225,-0.000803
-0.110653,-0.007016,0.022031,-0.031285,-0.018373,-0.008018,0.068523,0.033220,0.023731,-0.025348,-0.078507,-0.004316,0.013188,-0.023328,-0.073411,0.012003,0.060760,-0.113429,-0.033967,0.031729,0.027463,0.056414,0.041152,0.039595,0.012242,-0.009668,-0.008677,0.035135,0.020598,0.050895,-0.038132,0.013624,0.023744,-0.041317,0.062523,0.024987,0.070104,-0.077493,-0.047659,-0.009886,-0.097591,0.004981,0.004609,-0.005721,0.011767,0.030867,-0.015883,0.009582,-0.073768,0.026887,-0.076529,0.020193,0.023392,-0.078861,-0.112454,0.098458,-0.045320,1.000000,-0.040899,0.058695,0.018800,-0.016993,0.046636,-0.070686,-0.014265,0.047605,0.038253,0.035573
0.041507,0.028054,0.038233,0.031474,0.064246,0.026307,0.012401,0.065468,0.026403,-0.057999,-0.092723,-0.093865,0.007493,-0.049015,0.037090,0.020796,0.072975,0.040671,0.031388,0.010634,0.010431,-0.007245,-0.033363,-0.007469,-0.043804,0.105682,-0.121354,0.150777,-0.066203,0.051455,0.019753,-0.036135,0.044822,0.053052,0.036095,-0.010126,0.074718,0.007962,0.077634,-0.101218,0.021011,0.006191,-0.072396,-0.031649,0.048903,0.026547,-0.055735,-0.025592,-0.032841,0.023090,-0.045736,-0.010807,0.009370,0.042979,0.021686,0.069926,0.036966,-0.040899,1.000000,0.015805,0.054172,-0.075355,-0.002989,0.139071,-0.077695,0.004631,-0.019758,0.003928
0.057263,0.030410,-0.023108,0.036375,-0.009595,0.037563,0.073071,-0.002806,0.041251,0.028497,0.006135,0.020307,0.052087,0.004775,-0.050848,0.041525,0.054814,-0.015051,-0.047327,-0.007984,-0.070069,-0.007149,0.035485,-0.052603,0.052267,-0.043148,0.035627,0.016491,0.027590,0.037617,-0.054225,0.021011,-0.037916,0.016046,0.018574,0.052564,0.007808,-0.017818,0.052630,-0.015977,-0.011468,-0.004566,-0.069416,-0.036887,-0.055881,-0.038296,-0.017071,0.064551,-0.054405,-0.000323,-0.053986,0.088459,-0.020737,-0.037920,-0.050348,0.053204,-0.020047,0.058695,0.015805,1.000000,-0.011113,-0.013326,0.076561,-0.034009,-0.008923,-0.054108,0.008256,-0.081677
-0.072607,-0.012076,0.115141,0.099816,-0.020760,-0.017026,0.001508,0.040249,0.016428,0.035614,-0.044579,-0.047492,0.047043,-0.021363,0.059961,-0.052949,-0.057860,0.022915,0.028249,-0.042277,0.034261,-0.003721,-0.043048,0.011237,0.041046,-0.001786,0.058409,0.043318,0.050931,0.065109,-0.061284,0.020762,0.062282,-0.025165,-0.014272,-0.026200,-0.009804,-0.055685,0.019744,-0.012253,0.056516,-0.085266,0.105588,-0.065343,-0.026059,-0.017398,-0.026818,0.009657,-0.054758,0.008571,0.063295,-0.047802,0.027511,-0.014701,0.053503,0.054825,0.053824,0.018800,0.054172,-0.011113,1.000000,0.049362,0.053273,-0.036201,-0.091565,-0.052755,0.088912,-0.044626
0.082099,0.054403,-0.036208,-0.007828,0.077548,-0.033101,0.001555,-0.001267,-0.046685,0.060728,-0.046722,0.017412,-0.017658,0.001828,-0.041827,0.020194,-0.061561,-0.045971,0.058719,0.056625,0.113449,0.039692,-0.059797,0.029591,0.055416,-0.020134,0.021039,-0.044902,0.043137,-0.006901,-0.116702,-0.041912,0.024594,0.024760,0.029429,-0.045330,-0.046420,0.044534,-0.013688,-0.018623,0.040573,0.009174,0.003854,0.047478,0.042363,0.021429,-0.027506,0.032878,-0.080197,0.027047,-0.000903,-0.102944,-0.011532,0.072922,-0.098544,-0.004180,-0.039508,-0.016993,-0.075355,-0.013326,0.049362,1.000000,0.041666,-0.007090,0.039329,0.021149,0.023289,-0.124309
