1.000000,0.594022,0.435805,0.588355,0.794522,0.326792,0.428531,0.613141,0.152171,-0.107205,0.388248,0.552730,0.555580,0.303616,0.290457,-0.075980,0.079659,-0.082133,0.059277,0.270354,0.498373,0.491162,0.480697,0.349705,0.325103,0.365610,0.425435,0.501988,0.495723,0.613554,0.631793,0.213364,0.008248,0.819084,0.406317,0.351860,0.485482,0.516710,0.359212,0.543199,0.410777,0.580219,0.523566,-0.005469,0.386553,0.419199,0.295509,0.354506,0.336280,0.333714,0.431177,0.306797,0.459810,0.324495,0.376441,0.364461,0.400517,0.266444,0.375129,0.193785,0.314493,0.271854,0.428717,0.411579,0.403811,0.251432,0.353587,0.307366
0.594022,1.000000,0.385022,0.307399,0.657300,0.220415,0.601611,0.440576,0.104333,-0.179874,0.185754,0.354582,0.377520,0.156198,0.040629,-0.144292,-0.075027,-0.228447,-0.081864,-0.006136,0.187451,0.232845,0.188422,0.179318,0.108622,0.080437,0.209508,0.176017,0.268030,0.290989,0.299412,-0.025647,-0.065731,0.434852,0.114748,0.107120,0.362059,0.215945,0.196275,0.285020,0.441525,0.388812,0.293719,-0.106753,0.168124,0.201208,0.198178,0.138969,0.056371,0.053920,0.096247,0.027062,0.141031,0.036074,0.101297,0.091814,0.101812,0.050495,0.053761,-0.005007,0.065883,0.058324,0.108442,0.083777,0.083930,0.043361,0.154490,0.069017
0.435805,0.385022,1.000000,0.417881,0.328189,0.063512,0.264628,0.310439,-0.022011,-0.146125,0.136379,0.250522,0.268121,0.071744,0.050403,-0.150949,-0.070604,-0.220063,-0.107219,0.052100,0.128427,0.107603,0.132305,0.101380,0.105704,0.167524,0.169161,0.236414,0.199855,0.208916,0.248133,-0.020442,-0.020675,0.259080,0.188866,0.134788,0.670343,0.315549,0.241742,0.284872,0.412811,0.331376,0.227637,-0.089331,0.187770,0.144106,0.073257,0.119179,0.096393,0.071525,0.165911,0.154552,0.187431,0.106734,0.210646,0.201858,0.210306,0.166825,0.214816,0.165112,0.229968,0.131032,0.125978,0.136543,0.198196,0.155733,0.227473,0.106073
0.588355,0.307399,0.417881,1.000000,0.596658,0.084668,0.222534,0.620905,-0.129668,-0.171915,0.649648,0.856724,0.749175,0.608923,0.628948,-0.136193,-0.058558,-0.142175,-0.145867,0.604048,0.324222,0.245323,0.162882,0.128596,0.050921,0.174210,0.054273,0.196417,0.240151,0.272150,0.337684,-0.037831,-0.073213,0.525355,0.509459,0.511814,0.604077,0.915098,0.257930,0.717476,0.333164,0.734647,0.663834,0.144720,0.607031,0.810359,0.649499,0.631571,0.599613,0.523400,0.523572,0.494312,0.559314,0.584576,0.356657,0.371917,0.535081,0.314063,0.454372,0.249491,0.346408,0.301369,0.528919,0.503810,0.465547,0.348541,0.392082,0.393723
0.794522,0.657300,0.328189,0.596658,1.000000,0.414390,0.593771,0.696534,0.197547,-0.130569,0.343047,0.657913,0.643031,0.315260,0.265271,-0.077853,0.047003,-0.184645,0.006898,0.203408,0.289694,0.315735,0.253402,0.222433,0.120993,0.143822,0.175005,0.237425,0.388225,0.547665,0.569631,0.070628,-0.076957,0.794704,0.297544,0.276207,0.410396,0.495063,0.312604,0.566600,0.439351,0.654157,0.571680,-0.014886,0.307353,0.487501,0.435502,0.336738,0.294457,0.246233,0.311491,0.173009,0.349938,0.258061,0.190084,0.199966,0.281620,0.151082,0.240272,0.109824,0.229695,0.207733,0.352795,0.315929,0.267343,0.208373,0.235581,0.276323
0.326792,0.220415,0.063512,0.084668,0.414390,1.000000,0.622901,0.644813,0.900841,0.460966,-0.008813,0.225743,0.406182,0.037576,-0.019293,0.205363,0.279611,0.201643,0.358171,-0.052961,0.195893,0.255432,0.277003,0.248355,0.176110,0.238361,0.234687,0.100677,0.179361,0.446213,0.423478,0.326035,0.002919,0.434473,-0.115996,-0.091359,0.068809,-0.083116,-0.013905,0.085844,0.085765,0.335448,0.370127,0.279987,-0.070647,-0.006422,0.170041,-0.035274,-0.080084,-0.061773,-0.078753,-0.165182,-0.034454,-0.123518,-0.035634,-0.035412,-0.071751,-0.067616,-0.091327,-0.071936,0.007825,0.016647,-0.040540,-0.094555,-0.136910,-0.093267,-0.011935,-0.094782
0.428531,0.601611,0.264628,0.222534,0.593771,0.622901,1.000000,0.608352,0.536436,0.023081,0.005143,0.268114,0.411426,0.041878,-0.055688,-0.138595,-0.100586,-0.119315,-0.012271,-0.099024,0.152054,0.268704,0.199656,0.354484,0.156485,0.267246,0.288829,0.161775,0.192778,0.304032,0.289824,0.091493,-0.065294,0.342900,-0.150693,-0.086198,0.222890,-0.015381,0.041050,0.055778,0.368066,0.331141,0.244015,-0.042259,-0.069013,0.019546,0.180106,-0.059629,-0.170464,-0.161615,-0.160444,-0.250057,-0.112386,-0.204370,-0.125532,-0.125196,-0.152735,-0.127181,-0.181029,-0.122519,0.001050,0.014463,-0.116602,-0.196444,-0.205841,-0.137629,-0.072986,-0.111991
0.613141,0.440576,0.310439,0.620905,0.696534,0.644813,0.608352,1.000000,0.407958,0.153056,0.375981,0.755252,0.898879,0.386329,0.291524,-0.022956,0.069209,-0.028520,0.066542,0.246074,0.283982,0.272905,0.254573,0.179497,0.115101,0.185258,0.171101,0.202324,0.290192,0.458384,0.455606,0.157344,-0.028438,0.627972,0.224585,0.240737,0.419094,0.458511,0.221425,0.603601,0.469026,0.889461,0.754911,0.304538,0.311054,0.478461,0.583544,0.338392,0.248375,0.279161,0.268385,0.196355,0.322108,0.209591,0.168231,0.175532,0.266551,0.134788,0.195245,0.088595,0.173539,0.143224,0.283472,0.236612,0.205655,0.121670,0.239854,0.165373
0.152171,0.104333,-0.022011,-0.129668,0.197547,0.900841,0.536436,0.407958,1.000000,0.594691,-0.139751,-0.007198,0.176398,-0.083142,-0.136992,0.262564,0.279527,0.290807,0.443388,-0.147399,0.141194,0.212826,0.257978,0.239942,0.194888,0.231683,0.239008,0.057444,0.124472,0.335877,0.249896,0.314022,0.023979,0.226528,-0.253569,-0.217411,-0.062676,-0.288546,-0.107895,-0.133830,-0.042444,0.080178,0.189471,0.315192,-0.197359,-0.201324,-0.003730,-0.173469,-0.217650,-0.184472,-0.221640,-0.292875,-0.189126,-0.249052,-0.115930,-0.126151,-0.206005,-0.157923,-0.214724,-0.141681,-0.073683,-0.054002,-0.191975,-0.245520,-0.273019,-0.184996,-0.116385,-0.196040
-0.107205,-0.179874,-0.146125,-0.171915,-0.130569,0.460966,0.023081,0.153056,0.594691,1.000000,-0.034652,-0.074660,0.068107,0.035699,-0.047674,0.676901,0.551733,0.537887,0.589233,-0.047728,0.022713,0.004554,0.039805,-0.042330,-0.024842,0.079961,0.059211,-0.042861,-0.170631,0.011789,0.023151,0.261277,0.085403,0.090164,-0.182089,-0.133075,-0.149651,-0.215768,-0.213942,-0.145933,-0.196208,-0.016234,0.118308,0.715235,-0.046182,-0.126008,0.051733,-0.021182,-0.066261,0.012681,-0.126021,-0.102277,-0.107052,-0.074827,-0.057757,-0.077245,-0.114074,-0.093703,-0.123187,-0.060158,-0.099987,-0.109483,-0.152514,-0.173756,-0.189845,-0.120598,-0.041433,-0.172765
0.388248,0.185754,0.136379,0.649648,0.343047,-0.008813,0.005143,0.375981,-0.139751,-0.034652,1.000000,0.680988,0.577475,0.967653,0.863353,-0.000822,0.014963,0.052915,-0.039951,0.822847,0.312815,0.226289,0.163503,0.057445,0.041543,0.095329,-0.030759,0.057166,0.187449,0.181774,0.219737,0.041154,-0.001225,0.387192,0.522455,0.577410,0.279602,0.720586,0.154092,0.557218,0.117301,0.502347,0.555890,0.317667,0.937169,0.806711,0.673719,0.946349,0.791280,0.732491,0.578252,0.594203,0.672623,0.783529,0.343184,0.341574,0.601529,0.213110,0.451738,0.126411,0.281097,0.322166,0.617891,0.549331,0.465077,0.358825,0.465012,0.392716
0.552730,0.354582,0.250522,0.856724,0.657913,0.225743,0.268114,0.755252,-0.007198,-0.074660,0.680988,1.000000,0.906203,0.676822,0.630364,-0.079312,0.003938,-0.094614,-0.079477,0.573326,0.280077,0.223156,0.163168,0.076673,0.033001,0.072590,-0.004782,0.098804,0.261651,0.341820,0.361198,0.009316,-0.072175,0.585029,0.459205,0.487788,0.429794,0.798087,0.282980,0.787433,0.370501,0.861443,0.816321,0.283217,0.596589,0.864066,0.819791,0.658059,0.584200,0.546739,0.492345,0.412106,0.534938,0.545610,0.263410,0.290287,0.459634,0.230942,0.353977,0.145596,0.218615,0.234014,0.524259,0.481928,0.395368,0.295990,0.330402,0.413455
0.555580,0.377520,0.268121,0.749175,0.643031,0.406182,0.411426,0.898879,0.176398,0.068107,0.577475,0.906203,1.000000,0.605051,0.488064,-0.047326,0.036937,-0.010568,-0.005669,0.435672,0.245609,0.222582,0.190567,0.118549,0.062902,0.122721,0.075270,0.135500,0.262445,0.373751,0.389100,0.085609,-0.037095,0.583285,0.326702,0.368174,0.412419,0.636362,0.227931,0.670522,0.397931,0.896576,0.785504,0.361690,0.476010,0.709982,0.813548,0.528659,0.398600,0.435839,0.363108,0.275543,0.404833,0.360230,0.182140,0.205580,0.326837,0.168608,0.234238,0.087174,0.176254,0.195345,0.374338,0.332826,0.285669,0.197333,0.267940,0.287926
0.303616,0.156198,0.071744,0.608923,0.315260,0.037576,0.041878,0.386329,-0.083142,0.035699,0.967653,0.676822,0.605051,1.000000,0.844585,0.040024,0.033855,0.109108,-0.010075,0.793097,0.256526,0.194279,0.111480,0.052930,-0.006338,0.065244,-0.077848,-0.011264,0.119135,0.135128,0.174736,0.038674,0.000963,0.349451,0.427776,0.534392,0.192357,0.648907,0.096235,0.481448,0.072078,0.477676,0.544545,0.391462,0.855224,0.799938,0.754112,0.903093,0.699396,0.686210,0.469428,0.471904,0.563208,0.683390,0.216757,0.216548,0.475477,0.108459,0.309041,0.010606,0.176011,0.277891,0.529011,0.440126,0.335023,0.276069,0.360833,0.348908
0.290457,0.040629,0.050403,0.628948,0.265271,-0.019293,-0.055688,0.291524,-0.136992,-0.047674,0.863353,0.630364,0.488064,0.844585,1.000000,-0.005204,0.024928,0.107970,-0.064957,0.977634,0.397311,0.292336,0.145667,0.103588,0.048645,0.207464,-0.048986,0.045143,0.130600,0.142869,0.213850,0.029662,-0.025607,0.325988,0.491400,0.569910,0.182370,0.707690,0.111734,0.541585,-0.020656,0.432343,0.522145,0.282658,0.797843,0.797864,0.625623,0.853538,0.859487,0.696739,0.543177,0.607382,0.624782,0.841239,0.368781,0.377759,0.605333,0.224590,0.436011,0.141246,0.255815,0.301994,0.599153,0.535316,0.435335,0.334452,0.415013,0.400325
-0.075980,-0.144292,-0.150949,-0.136193,-0.077853,0.205363,-0.138595,-0.022956,0.262564,0.676901,-0.000822,-0.079312,-0.047326,0.040024,-0.005204,1.000000,0.877243,0.524249,0.627719,-0.013164,-0.004167,-0.046214,-0.038896,-0.155355,-0.124978,-0.050991,-0.035997,-0.066178,-0.194687,0.035582,0.098146,0.260748,0.059393,0.189523,-0.020454,0.005231,-0.147115,-0.093890,-0.042341,-0.044640,-0.120968,-0.058756,0.012274,0.360753,0.001022,-0.055266,0.002535,0.029520,0.037491,0.057937,-0.001155,-0.004567,-0.018045,0.035064,0.047301,0.028513,-0.027688,0.003565,-0.003769,0.022912,-0.050114,-0.064298,-0.029782,-0.014201,-0.036518,-0.004262,0.050634,0.017651
0.079659,-0.075027,-0.070604,-0.058558,0.047003,0.279611,-0.100586,0.069209,0.279527,0.551733,0.014963,0.003938,0.036937,0.033855,0.024928,0.877243,1.000000,0.496909,0.707730,0.008885,0.052452,0.002604,0.048314,-0.131791,-0.084814,-0.030351,0.003695,0.014126,-0.076924,0.236355,0.347241,0.365890,0.073906,0.373796,0.084308,0.097420,-0.068215,-0.001126,0.088037,0.074658,-0.035135,0.048092,0.096905,0.258882,0.011968,0.015943,0.040040,0.041208,0.087397,0.091482,0.112345,0.054489,0.073097,0.076111,0.119010,0.113461,0.056441,0.097550,0.088668,0.091995,0.025544,-0.003418,0.059389,0.097582,0.085016,0.081357,0.123894,0.128364
-0.082133,-0.228447,-0.220063,-0.142175,-0.184645,0.201643,-0.119315,-0.028520,0.290807,0.537887,0.052915,-0.094614,-0.010568,0.109108,0.107970,0.524249,0.496909,1.000000,0.610079,0.125652,0.121129,0.097216,0.213703,-0.056033,0.062951,0.010508,-0.022999,-0.121689,-0.062183,0.066319,0.081490,0.484873,0.180343,0.070363,-0.047862,0.034281,-0.182261,-0.134177,-0.159102,-0.132913,-0.252023,-0.118180,0.009929,0.388424,0.003941,-0.028131,0.077607,0.035614,0.005065,0.113284,-0.024093,-0.026244,-0.035554,0.008605,-0.082011,-0.080380,-0.041462,-0.144667,-0.062292,-0.119097,-0.089422,-0.013169,-0.011710,-0.053911,-0.072103,-0.051821,0.017947,-0.021074
0.059277,-0.081864,-0.107219,-0.145867,0.006898,0.358171,-0.012271,0.066542,0.443388,0.589233,-0.039951,-0.079477,-0.005669,-0.010075,-0.064957,0.627719,0.707730,0.610079,1.000000,-0.073693,0.092969,0.062961,0.177266,-0.073315,-0.024523,0.005853,0.051079,0.013408,0.018882,0.295509,0.246502,0.384273,0.127582,0.275452,-0.013093,0.018574,-0.094606,-0.118567,-0.020419,-0.036431,-0.093209,-0.022960,0.047172,0.303144,-0.071939,-0.089909,-0.026518,-0.050851,-0.054992,0.039628,0.031688,-0.045955,-0.004651,-0.059976,0.011524,0.006810,-0.026664,-0.024811,-0.023904,-0.036516,-0.065401,-0.050634,0.002302,0.012247,-0.005660,0.006523,0.016434,0.013549
0.270354,-0.006136,0.052100,0.604048,0.203408,-0.052961,-0.099024,0.246074,-0.147399,-0.047728,0.822847,0.573326,0.435672,0.793097,0.977634,-0.013164,0.008885,0.125652,-0.073693,1.000000,0.449586,0.337512,0.168057,0.147216,0.090260,0.225001,-0.038690,0.074439,0.141560,0.124708,0.180563,0.033890,-0.013663,0.279961,0.476079,0.546599,0.172271,0.688496,0.088400,0.511629,-0.051090,0.389418,0.475708,0.265029,0.765388,0.745664,0.558447,0.806955,0.832584,0.670237,0.526839,0.629286,0.603499,0.828022,0.407186,0.413255,0.610697,0.243628,0.444938,0.169261,0.276347,0.306879,0.574692,0.519630,0.436910,0.329067,0.415281,0.377479
0.498373,0.187451,0.128427,0.324222,0.289694,0.195893,0.152054,0.283982,0.141194,0.022713,0.312815,0.280077,0.245609,0.256526,0.397311,-0.004167,0.052452,0.121129,0.092969,0.449586,1.000000,0.935282,0.485451,0.642314,0.353271,0.485870,0.380648,0.344101,0.256216,0.327765,0.322514,0.208063,0.051364,0.380685,0.179099,0.212574,0.187565,0.283372,0.083197,0.283222,0.056237,0.252993,0.323506,0.109883,0.300530,0.250371,0.160776,0.272875,0.329387,0.216913,0.197816,0.270876,0.261620,0.319907,0.385365,0.380437,0.315232,0.153194,0.190417,0.052301,0.120892,0.124391,0.237040,0.191253,0.143192,0.102797,0.164355,0.110533
0.491162,0.232845,0.107603,0.245323,0.315735,0.255432,0.268704,0.272905,0.212826,0.004554,0.226289,0.223156,0.222582,0.194279,0.292336,-0.046214,0.002604,0.097216,0.062961,0.337512,0.935282,1.000000,0.511897,0.801023,0.415934,0.526384,0.449630,0.369235,0.266167,0.334301,0.313025,0.214578,0.032295,0.353592,0.040124,0.111433,0.140545,0.158796,0.038488,0.160899,0.041183,0.175098,0.256982,0.061261,0.185889,0.178133,0.145443,0.173243,0.182236,0.088977,0.058513,0.079728,0.109070,0.172161,0.243547,0.245426,0.135284,0.035007,0.018931,-0.058407,0.047937,0.088920,0.119190,0.052446,0.000834,0.001036,0.033554,0.020832
0.480697,0.188422,0.132305,0.162882,0.253402,0.277003,0.199656,0.254573,0.257978,0.039805,0.163503,0.163168,0.190567,0.111480,0.145667,-0.038896,0.048314,0.213703,0.177266,0.168057,0.485451,0.511897,1.000000,0.392894,0.778987,0.373934,0.395951,0.286236,0.632998,0.596935,0.453419,0.244468,0.103887,0.367764,0.138380,0.122504,0.133625,0.118581,0.094282,0.184421,0.052378,0.180508,0.233639,0.043082,0.143497,0.102879,0.053888,0.115589,0.131376,0.145416,0.184227,0.153182,0.183298,0.125145,0.225852,0.223455,0.162659,0.126418,0.153712,0.057055,0.116829,0.134209,0.180655,0.166351,0.171384,0.094005,0.186241,0.088904
0.349705,0.179318,0.101380,0.128596,0.222433,0.248355,0.354484,0.179497,0.239942,-0.042330,0.057445,0.076673,0.118549,0.052930,0.103588,-0.155355,-0.131791,-0.056033,-0.073315,0.147216,0.642314,0.801023,0.392894,1.000000,0.439763,0.561512,0.468946,0.379479,0.174903,0.222606,0.206959,0.102217,-0.054644,0.165514,-0.154279,-0.078775,0.070016,-0.018463,-0.047877,-0.066303,-0.000909,0.006680,0.086468,-0.040630,0.012422,0.020351,0.054225,0.006511,-0.038642,-0.122628,-0.143019,-0.166541,-0.121992,-0.044865,-0.006921,-0.003696,-0.117527,-0.070336,-0.185057,-0.104790,0.013586,0.051459,-0.094376,-0.154116,-0.175507,-0.117132,-0.128524,-0.135554
0.325103,0.108622,0.105704,0.050921,0.120993,0.176110,0.156485,0.115101,0.194888,-0.024842,0.041543,0.033001,0.062902,-0.006338,0.048645,-0.124978,-0.084814,0.062951,-0.024523,0.090260,0.353271,0.415934,0.778987,0.439763,1.000000,0.323368,0.330529,0.266068,0.577469,0.399973,0.261130,0.088748,0.020806,0.145750,0.039567,0.008143,0.073605,0.004050,0.060319,0.048712,-0.006831,0.035145,0.111185,-0.019778,0.039554,-0.014516,-0.044852,0.004758,0.019793,0.023384,0.051962,0.061986,0.062215,0.023600,0.148489,0.151671,0.083396,0.071455,0.078622,0.007981,0.066460,0.112913,0.070462,0.047907,0.049728,0.012224,0.074855,0.018682
0.365610,0.080437,0.167524,0.174210,0.143822,0.238361,0.267246,0.185258,0.231683,0.079961,0.095329,0.072590,0.122721,0.065244,0.207464,-0.050991,-0.030351,0.010508,0.005853,0.225001,0.485870,0.526384,0.373934,0.561512,0.323368,1.000000,0.811728,0.676631,0.086968,0.203503,0.246154,0.089088,0.009895,0.206927,-0.015861,0.016976,0.162351,0.070890,-0.029864,-0.006531,-0.001007,0.045373,0.106233,0.049224,0.077906,0.030426,0.020976,0.051997,0.079475,0.013126,0.013541,0.027314,0.047665,0.069045,0.167168,0.151873,0.057202,0.100271,0.033855,0.073679,0.149585,0.131103,0.010032,-0.021860,-0.005108,-0.063024,0.043804,-0.063874
0.425435,0.209508,0.169161,0.054273,0.175005,0.234687,0.288829,0.171101,0.239008,0.059211,-0.030759,-0.004782,0.075270,-0.077848,-0.048986,-0.035997,0.003695,-0.022999,0.051079,-0.038690,0.380648,0.449630,0.395951,0.468946,0.330529,0.811728,1.000000,0.784263,0.145556,0.248608,0.250724,0.134346,0.095910,0.233212,-0.035040,-0.048423,0.198583,-0.033848,0.025258,-0.039294,0.080924,0.020472,0.049158,-0.008059,-0.021396,-0.098651,-0.101252,-0.077938,-0.071526,-0.077232,-0.004668,-0.066338,-0.013101,-0.072359,0.157314,0.128043,-0.028296,0.095903,0.007995,0.076878,0.116834,0.092748,-0.054954,-0.053917,-0.003301,-0.100708,0.029043,-0.079910
0.501988,0.176017,0.236414,0.196417,0.237425,0.100677,0.161775,0.202324,0.057444,-0.042861,0.057166,0.098804,0.135500,-0.011264,0.045143,-0.066178,0.014126,-0.121689,0.013408,0.074439,0.344101,0.369235,0.286236,0.379479,0.266068,0.676631,0.784263,1.000000,0.167370,0.226477,0.285805,0.067910,0.090074,0.371547,0.122319,0.069359,0.265588,0.169974,0.105424,0.139643,0.140453,0.156649,0.115485,-0.046362,0.088233,0.034603,-0.053061,0.028898,0.070385,0.072676,0.171826,0.138928,0.153325,0.075265,0.258774,0.232795,0.148916,0.237478,0.188160,0.240566,0.231070,0.138437,0.101107,0.134046,0.199072,0.000611,0.152512,0.023123
0.495723,0.268030,0.199855,0.240151,0.388225,0.179361,0.192778,0.290192,0.124472,-0.170631,0.187449,0.261651,0.262445,0.119135,0.130600,-0.194687,-0.076924,-0.062183,0.018882,0.141560,0.256216,0.266167,0.632998,0.174903,0.577469,0.086968,0.145556,0.167370,1.000000,0.719484,0.419357,0.078105,0.098268,0.362784,0.235989,0.174736,0.235565,0.249522,0.246858,0.332111,0.202259,0.292377,0.273633,-0.110134,0.180366,0.195477,0.100835,0.152839,0.175036,0.197714,0.293809,0.188234,0.264949,0.169811,0.205455,0.214265,0.229822,0.135171,0.237054,0.116363,0.176683,0.171512,0.274130,0.295024,0.285178,0.167007,0.209625,0.209764
0.613554,0.290989,0.208916,0.272150,0.547665,0.446213,0.304032,0.458384,0.335877,0.011789,0.181774,0.341820,0.373751,0.135128,0.142869,0.035582,0.236355,0.066319,0.295509,0.124708,0.327765,0.334301,0.596935,0.222606,0.399973,0.203503,0.248608,0.226477,0.719484,1.000000,0.750121,0.309572,0.079215,0.641753,0.255569,0.219626,0.226999,0.253244,0.301310,0.388278,0.217986,0.406921,0.368731,-0.036085,0.148297,0.230232,0.180403,0.161145,0.184214,0.194697,0.316496,0.174561,0.300289,0.165671,0.227852,0.229380,0.243072,0.141748,0.219578,0.091566,0.174847,0.183397,0.300447,0.319584,0.292462,0.203716,0.238698,0.249202
0.631793,0.299412,0.248133,0.337684,0.569631,0.423478,0.289824,0.455606,0.249896,0.023151,0.219737,0.361198,0.389100,0.174736,0.213850,0.098146,0.347241,0.081490,0.246502,0.180563,0.322514,0.313025,0.453419,0.206959,0.261130,0.246154,0.250724,0.285805,0.419357,0.750121,1.000000,0.381698,0.060719,0.736177,0.316005,0.292766,0.272262,0.310892,0.290225,0.413372,0.192126,0.423275,0.391677,-0.000488,0.216150,0.280343,0.220814,0.233497,0.267767,0.231865,0.362064,0.241405,0.357494,0.244863,0.280484,0.287242,0.307349,0.232029,0.304895,0.187122,0.247070,0.212751,0.331881,0.359904,0.341773,0.252434,0.288372,0.282962
0.213364,-0.025647,-0.020442,-0.037831,0.070628,0.326035,0.091493,0.157344,0.314022,0.261277,0.041154,0.009316,0.085609,0.038674,0.029662,0.260748,0.365890,0.484873,0.384273,0.033890,0.208063,0.214578,0.244468,0.102217,0.088748,0.089088,0.134346,0.067910,0.078105,0.309572,0.381698,1.000000,0.229412,0.304323,0.034474,0.040608,-0.008080,-0.054777,0.076369,0.029478,-0.065674,0.055417,0.091920,0.103252,0.028769,-0.023058,0.031133,0.018909,0.000419,0.051634,0.074494,0.007904,0.063357,-0.001760,0.076484,0.079024,0.039541,0.027358,0.039856,-0.023149,0.015705,0.037163,0.061270,0.058168,0.040294,0.042671,0.063554,0.070857
0.008248,-0.065731,-0.020675,-0.073213,-0.076957,0.002919,-0.065294,-0.028438,0.023979,0.085403,-0.001225,-0.072175,-0.037095,0.000963,-0.025607,0.059393,0.073906,0.180343,0.127582,-0.013663,0.051364,0.032295,0.103887,-0.054644,0.020806,0.009895,0.095910,0.090074,0.098268,0.079215,0.060719,0.229412,1.000000,0.004039,0.006736,-0.026191,-0.021034,-0.052458,-0.027163,-0.061848,-0.056288,-0.040867,-0.062238,0.013800,0.002111,-0.057701,-0.033077,-0.017457,-0.031307,-0.024982,-0.006604,-0.010686,-0.014554,-0.027970,0.011970,-0.010110,-0.000235,-0.060711,-0.003517,-0.034952,0.027429,0.080652,-0.020168,-0.010439,-0.001400,-0.007951,-0.002731,-0.001982
0.819084,0.434852,0.259080,0.525355,0.794704,0.434473,0.342900,0.627972,0.226528,0.090164,0.387192,0.585029,0.583285,0.349451,0.325988,0.189523,0.373796,0.070363,0.275452,0.279961,0.380685,0.353592,0.367764,0.165514,0.145750,0.206927,0.233212,0.371547,0.362784,0.641753,0.736177,0.304323,0.004039,1.000000,0.407302,0.365947,0.327782,0.491831,0.341118,0.587779,0.306639,0.618673,0.576805,0.145218,0.356574,0.473141,0.400755,0.383283,0.387172,0.391538,0.458722,0.318282,0.469166,0.358080,0.316367,0.318399,0.388562,0.252666,0.363660,0.157048,0.224092,0.231763,0.457617,0.453790,0.405127,0.306644,0.346239,0.369380
0.406317,0.114748,0.188866,0.509459,0.297544,-0.115996,-0.150693,0.224585,-0.253569,-0.182089,0.522455,0.459205,0.326702,0.427776,0.491400,-0.020454,0.084308,-0.047862,-0.013093,0.476079,0.179099,0.040124,0.138380,-0.154279,0.039567,-0.015861,-0.035040,0.122319,0.235989,0.255569,0.316005,0.034474,0.006736,0.407302,1.000000,0.859200,0.333405,0.684489,0.426052,0.643877,0.244170,0.427221,0.439893,0.056086,0.572892,0.565494,0.280213,0.558970,0.622281,0.717744,0.853280,0.748533,0.818336,0.639814,0.520075,0.522197,0.774735,0.396991,0.751844,0.253061,0.351040,0.431437,0.825103,0.846577,0.797595,0.560041,0.625002,0.731508
0.351860,0.107120,0.134788,0.511814,0.276207,-0.091359,-0.086198,0.240737,-0.217411,-0.133075,0.577410,0.487788,0.368174,0.534392,0.569910,0.005231,0.097420,0.034281,0.018574,0.546599,0.212574,0.111433,0.122504,-0.078775,0.008143,0.016976,-0.048423,0.069359,0.174736,0.219626,0.292766,0.040608,-0.026191,0.365947,0.859200,1.000000,0.252822,0.638665,0.384316,0.590213,0.236903,0.418710,0.455931,0.138931,0.569388,0.622136,0.421456,0.591528,0.591037,0.725238,0.736983,0.654802,0.744474,0.600144,0.398316,0.412652,0.686589,0.266837,0.598377,0.128162,0.237953,0.336204,0.753985,0.727950,0.646951,0.428403,0.545050,0.658265
0.485482,0.362059,0.670343,0.604077,0.410396,0.068809,0.222890,0.419094,-0.062676,-0.149651,0.279602,0.429794,0.412419,0.192357,0.182370,-0.147115,-0.068215,-0.182261,-0.094606,0.172271,0.187565,0.140545,0.133625,0.070016,0.073605,0.162351,0.198583,0.265588,0.235565,0.226999,0.272262,-0.008080,-0.021034,0.327782,0.333405,0.252822,1.000000,0.532030,0.254377,0.441518,0.404186,0.472144,0.361817,-0.047335,0.314816,0.334983,0.198040,0.257019,0.259615,0.213951,0.319886,0.281812,0.333654,0.267108,0.319492,0.317450,0.359705,0.248134,0.352080,0.211672,0.291653,0.226214,0.274409,0.303270,0.337994,0.213628,0.327416,0.204958
0.516710,0.215945,0.315549,0.915098,0.495063,-0.083116,-0.015381,0.458511,-0.288546,-0.215768,0.720586,0.798087,0.636362,0.648907,0.707690,-0.093890,-0.001126,-0.134177,-0.118567,0.688496,0.283372,0.158796,0.118581,-0.018463,0.004050,0.070890,-0.033848,0.169974,0.249522,0.253244,0.310892,-0.054777,-0.052458,0.491831,0.684489,0.638665,0.532030,1.000000,0.289445,0.770560,0.259082,0.668065,0.606942,0.115165,0.715370,0.878286,0.612226,0.734801,0.750360,0.672941,0.706505,0.675076,0.715899,0.745909,0.467442,0.482283,0.683756,0.413000,0.604799,0.333298,0.387120,0.337491,0.676858,0.691621,0.657403,0.470636,0.518059,0.517133
0.359212,0.196275,0.241742,0.257930,0.312604,-0.013905,0.041050,0.221425,-0.107895,-0.213942,0.154092,0.282980,0.227931,0.096235,0.111734,-0.042341,0.088037,-0.159102,-0.020419,0.088400,0.083197,0.038488,0.094282,-0.047877,0.060319,-0.029864,0.025258,0.105424,0.246858,0.301310,0.290225,0.076369,-0.027163,0.341118,0.426052,0.384316,0.254377,0.289445,1.000000,0.492298,0.586417,0.359689,0.324041,-0.106947,0.167826,0.215971,0.119876,0.152337,0.189421,0.247415,0.352205,0.244915,0.313055,0.192097,0.251050,0.249037,0.281724,0.188044,0.285603,0.064957,0.076809,0.155903,0.326498,0.360569,0.339410,0.287910,0.244169,0.690453
0.543199,0.285020,0.284872,0.717476,0.566600,0.085844,0.055778,0.603601,-0.133830,-0.145933,0.557218,0.787433,0.670522,0.481448,0.541585,-0.044640,0.074658,-0.132913,-0.036431,0.511629,0.283222,0.160899,0.184421,-0.066303,0.048712,-0.006531,-0.039294,0.139643,0.332111,0.388278,0.413372,0.029478,-0.061848,0.587779,0.643877,0.590213,0.441518,0.770560,0.492298,1.000000,0.444316,0.852557,0.850360,0.203236,0.583941,0.719284,0.545886,0.598655,0.654602,0.628997,0.679978,0.644059,0.684867,0.636087,0.429473,0.440213,0.654217,0.336959,0.574122,0.269561,0.262027,0.225016,0.684653,0.695731,0.611124,0.395312,0.481793,0.602214
0.410777,0.441525,0.412811,0.333164,0.439351,0.085765,0.368066,0.469026,-0.042444,-0.196208,0.117301,0.370501,0.397931,0.072078,-0.020656,-0.120968,-0.035135,-0.252023,-0.093209,-0.051090,0.056237,0.041183,0.052378,-0.000909,-0.006831,-0.001007,0.080924,0.140453,0.202259,0.217986,0.192126,-0.065674,-0.056288,0.306639,0.244170,0.236903,0.404186,0.259082,0.586417,0.444316,1.000000,0.536825,0.398758,-0.097019,0.129002,0.177745,0.184126,0.100233,0.057157,0.104311,0.183048,0.117914,0.176716,0.057878,0.158454,0.147715,0.158536,0.105863,0.167731,0.067097,0.084784,0.041361,0.159690,0.166197,0.196201,0.122891,0.208269,0.260721
0.580219,0.388812,0.331376,0.734647,0.654157,0.335448,0.331141,0.889461,0.080178,-0.016234,0.502347,0.861443,0.896576,0.477676,0.432343,-0.058756,0.048092,-0.118180,-0.022960,0.389418,0.252993,0.175098,0.180508,0.006680,0.035145,0.045373,0.020472,0.156649,0.292377,0.406921,0.423275,0.055417,-0.040867,0.618673,0.427221,0.418710,0.472144,0.668065,0.359689,0.852557,0.536825,1.000000,0.850165,0.279724,0.470573,0.656054,0.659680,0.498133,0.460843,0.471016,0.476163,0.443629,0.511558,0.430366,0.299121,0.309392,0.470103,0.250973,0.383215,0.192478,0.218607,0.174992,0.474467,0.462256,0.418392,0.269422,0.375219,0.366794
0.523566,0.293719,0.227637,0.663834,0.571680,0.370127,0.244015,0.754911,0.189471,0.118308,0.555890,0.816321,0.785504,0.544545,0.522145,0.012274,0.096905,0.009929,0.047172,0.475708,0.323506,0.256982,0.233639,0.086468,0.111185,0.106233,0.049158,0.115485,0.273633,0.368731,0.391677,0.091920,-0.062238,0.576805,0.439893,0.455931,0.361817,0.606942,0.324041,0.850360,0.398758,0.850165,1.000000,0.500886,0.528887,0.682906,0.654108,0.572634,0.534931,0.566822,0.501723,0.436872,0.545122,0.500405,0.257008,0.262874,0.477351,0.171970,0.363740,0.098715,0.163367,0.180262,0.547379,0.489473,0.379143,0.230329,0.361604,0.418109
-0.005469,-0.106753,-0.089331,0.144720,-0.014886,0.279987,-0.042259,0.304538,0.315192,0.715235,0.317667,0.283217,0.361690,0.391462,0.282658,0.360753,0.258882,0.388424,0.303144,0.265029,0.109883,0.061261,0.043082,-0.040630,-0.019778,0.049224,-0.008059,-0.046362,-0.110134,-0.036085,-0.000488,0.103252,0.013800,0.145218,0.056086,0.138931,-0.047335,0.115165,-0.106947,0.203236,-0.097019,0.279724,0.500886,1.000000,0.282200,0.274526,0.430554,0.331183,0.231401,0.398708,0.138086,0.159151,0.168839,0.221027,0.035644,0.024798,0.115110,-0.040072,0.032370,-0.072224,-0.066838,-0.011843,0.140963,0.082284,-0.004384,-0.005988,0.097634,0.086714
0.386553,0.168124,0.187770,0.607031,0.307353,-0.070647,-0.069013,0.311054,-0.197359,-0.046182,0.937169,0.596589,0.476010,0.855224,0.797843,0.001022,0.011968,0.003941,-0.071939,0.765388,0.300530,0.185889,0.143497,0.012422,0.039554,0.077906,-0.021396,0.088233,0.180366,0.148297,0.216150,0.028769,0.002111,0.356574,0.572892,0.569388,0.314816,0.715370,0.167826,0.583941,0.129002,0.470573,0.528887,0.282200,1.000000,0.734495,0.533208,0.969364,0.853489,0.747130,0.637197,0.693862,0.740043,0.858451,0.428829,0.416783,0.695570,0.287103,0.576391,0.242800,0.370051,0.334730,0.650106,0.608940,0.554132,0.414716,0.557365,0.390050
0.419199,0.201208,0.144106,0.810359,0.487501,-0.006422,0.019546,0.478461,-0.201324,-0.126008,0.806711,0.864066,0.709982,0.799938,0.797864,-0.055266,0.015943,-0.028131,-0.089909,0.745664,0.250371,0.178133,0.102879,0.020351,-0.014516,0.030426,-0.098651,0.034603,0.195477,0.230232,0.280343,-0.023058,-0.057701,0.473141,0.565494,0.622136,0.334983,0.878286,0.215971,0.719284,0.177745,0.656054,0.682906,0.274526,0.734495,1.000000,0.847843,0.813515,0.746932,0.705288,0.596652,0.532595,0.628599,0.720504,0.279566,0.305072,0.543561,0.225195,0.408474,0.135669,0.218658,0.272128,0.631899,0.590907,0.488563,0.360718,0.376048,0.491660
0.295509,0.198178,0.073257,0.649499,0.435502,0.170041,0.180106,0.583544,-0.003730,0.051733,0.673719,0.819791,0.813548,0.754112,0.625623,0.002535,0.040040,0.077607,-0.026518,0.558447,0.160776,0.145443,0.053888,0.054225,-0.044852,0.020976,-0.101252,-0.053061,0.100835,0.180403,0.220814,0.031133,-0.033077,0.400755,0.280213,0.421456,0.198040,0.612226,0.119876,0.545886,0.184126,0.659680,0.654108,0.430554,0.533208,0.847843,1.000000,0.641427,0.462314,0.522730,0.298062,0.227497,0.338448,0.419885,0.033953,0.068375,0.239925,0.022341,0.103405,-0.076919,0.018506,0.160963,0.359271,0.279639,0.167081,0.129001,0.147746,0.335661
0.354506,0.138969,0.119179,0.631571,0.336738,-0.035274,-0.059629,0.338392,-0.173469,-0.021182,0.946349,0.658059,0.528659,0.903093,0.853538,0.029520,0.041208,0.035614,-0.050851,0.806955,0.272875,0.173243,0.115589,0.006511,0.004758,0.051997,-0.077938,0.028898,0.152839,0.161145,0.233497,0.018909,-0.017457,0.383283,0.558970,0.591528,0.257019,0.734801,0.152337,0.598655,0.100233,0.498133,0.572634,0.331183,0.969364,0.813515,0.641427,1.000000,0.884988,0.770344,0.623250,0.662732,0.719761,0.881320,0.376323,0.369547,0.658248,0.248072,0.520322,0.189387,0.305316,0.311522,0.654990,0.600259,0.516906,0.401083,0.511407,0.408592
0.336280,0.056371,0.096393,0.599613,0.294457,-0.080084,-0.170464,0.248375,-0.217650,-0.066261,0.791280,0.584200,0.398600,0.699396,0.859487,0.037491,0.087397,0.005065,-0.054992,0.832584,0.329387,0.182236,0.131376,-0.038642,0.019793,0.079475,-0.071526,0.070385,0.175036,0.184214,0.267767,0.000419,-0.031307,0.387172,0.622281,0.591037,0.259615,0.750360,0.189421,0.654602,0.057157,0.460843,0.534931,0.231401,0.853489,0.746932,0.462314,0.884988,1.000000,0.741830,0.698192,0.776612,0.764898,0.988423,0.542979,0.539546,0.756846,0.401481,0.658118,0.374689,0.372426,0.280202,0.698845,0.685664,0.615949,0.449993,0.569242,0.446413
0.333714,0.053920,0.071525,0.523400,0.246233,-0.061773,-0.161615,0.279161,-0.184472,0.012681,0.732491,0.546739,0.435839,0.686210,0.696739,0.057937,0.091482,0.113284,0.039628,0.670237,0.216913,0.088977,0.145416,-0.122628,0.023384,0.013126,-0.077232,0.072676,0.197714,0.194697,0.231865,0.051634,-0.024982,0.391538,0.717744,0.725238,0.213951,0.672941,0.247415,0.628997,0.104311,0.471016,0.566822,0.398708,0.747130,0.705288,0.522730,0.770344,0.741830,1.000000,0.821927,0.754436,0.823586,0.744289,0.407528,0.411876,0.712261,0.285677,0.623258,0.196813,0.279751,0.352007,0.787965,0.775773,0.676282,0.438990,0.577077,0.585810
0.431177,0.096247,0.165911,0.523572,0.311491,-0.078753,-0.160444,0.268385,-0.221640,-0.126021,0.578252,0.492345,0.363108,0.469428,0.543177,-0.001155,0.112345,-0.024093,0.031688,0.526839,0.197816,0.058513,0.184227,-0.143019,0.051962,0.013541,-0.004668,0.171826,0.293809,0.316496,0.362064,0.074494,-0.006604,0.458722,0.853280,0.736983,0.319886,0.706505,0.352205,0.679978,0.183048,0.476163,0.501723,0.138086,0.637197,0.596652,0.298062,0.623250,0.698192,0.821927,1.000000,0.804165,0.905262,0.707096,0.506225,0.508796,0.796717,0.400880,0.755870,0.332678,0.392194,0.388350,0.864407,0.929880,0.906777,0.563270,0.659294,0.624647
0.306797,0.027062,0.154552,0.494312,0.173009,-0.165182,-0.250057,0.196355,-0.292875,-0.102277,0.594203,0.412106,0.275543,0.471904,0.607382,-0.004567,0.054489,-0.026244,-0.045955,0.629286,0.270876,0.079728,0.153182,-0.166541,0.061986,0.027314,-0.066338,0.138928,0.188234,0.174561,0.241405,0.007904,-0.010686,0.318282,0.748533,0.654802,0.281812,0.675076,0.244915,0.644059,0.117914,0.443629,0.436872,0.159151,0.693862,0.532595,0.227497,0.662732,0.776612,0.754436,0.804165,1.000000,0.881333,0.797729,0.646278,0.630136,0.912431,0.466190,0.791663,0.388174,0.399079,0.327968,0.753427,0.779084,0.760585,0.515973,0.662556,0.482690
0.459810,0.141031,0.187431,0.559314,0.349938,-0.034454,-0.112386,0.322108,-0.189126,-0.107052,0.672623,0.534938,0.404833,0.563208,0.624782,-0.018045,0.073097,-0.035554,-0.004651,0.603499,0.261620,0.109070,0.183298,-0.121992,0.062215,0.047665,-0.013101,0.153325,0.264949,0.300289,0.357494,0.063357,-0.014554,0.469166,0.818336,0.744474,0.333654,0.715899,0.313055,0.684867,0.176716,0.511558,0.545122,0.168839,0.740043,0.628599,0.338448,0.719761,0.764898,0.823586,0.905262,0.881333,1.000000,0.767894,0.542496,0.537792,0.907705,0.398275,0.797900,0.305188,0.417600,0.406295,0.901363,0.903748,0.851687,0.549837,0.675637,0.548010
0.324495,0.036074,0.106734,0.584576,0.258061,-0.123518,-0.204370,0.209591,-0.249052,-0.074827,0.783529,0.545610,0.360230,0.683390,0.841239,0.035064,0.076111,0.008605,-0.059976,0.828022,0.319907,0.172161,0.125145,-0.044865,0.023600,0.069045,-0.072359,0.075265,0.169811,0.165671,0.244863,-0.001760,-0.027970,0.358080,0.639814,0.600144,0.267108,0.745909,0.192097,0.636087,0.057878,0.430366,0.500405,0.221027,0.858451,0.720504,0.419885,0.881320,0.988423,0.744289,0.707096,0.797729,0.767894,1.000000,0.583307,0.566978,0.771044,0.406614,0.678364,0.375941,0.392632,0.306191,0.701906,0.694231,0.637838,0.473155,0.588911,0.453061
0.376441,0.101297,0.210646,0.356657,0.190084,-0.035634,-0.125532,0.168231,-0.115930,-0.057757,0.343184,0.263410,0.182140,0.216757,0.368781,0.047301,0.119010,-0.082011,0.011524,0.407186,0.385365,0.243547,0.225852,-0.006921,0.148489,0.167168,0.157314,0.258774,0.205455,0.227852,0.280484,0.076484,0.011970,0.316367,0.520075,0.398316,0.319492,0.467442,0.251050,0.429473,0.158454,0.299121,0.257008,0.035644,0.428829,0.279566,0.033953,0.376323,0.542979,0.407528,0.506225,0.646278,0.542496,0.583307,1.000000,0.963688,0.661134,0.701067,0.659635,0.441988,0.395351,0.240245,0.434125,0.480940,0.523450,0.412755,0.500325,0.322507
0.364461,0.091814,0.201858,0.371917,0.199966,-0.035412,-0.125196,0.175532,-0.126151,-0.077245,0.341574,0.290287,0.205580,0.216548,0.377759,0.028513,0.113461,-0.080380,0.006810,0.413255,0.380437,0.245426,0.223455,-0.003696,0.151671,0.151873,0.128043,0.232795,0.214265,0.229380,0.287242,0.079024,-0.010110,0.318399,0.522197,0.412652,0.317450,0.482283,0.249037,0.440213,0.147715,0.309392,0.262874,0.024798,0.416783,0.305072,0.068375,0.369547,0.539546,0.411876,0.508796,0.630136,0.537792,0.566978,0.963688,1.000000,0.662243,0.788289,0.679202,0.473695,0.392451,0.223528,0.444942,0.484505,0.518219,0.427332,0.495021,0.329655
0.400517,0.101812,0.210306,0.535081,0.281620,-0.071751,-0.152735,0.266551,-0.206005,-0.114074,0.601529,0.459634,0.326837,0.475477,0.605333,-0.027688,0.056441,-0.041462,-0.026664,0.610697,0.315232,0.135284,0.162659,-0.117527,0.083396,0.057202,-0.028296,0.148916,0.229822,0.243072,0.307349,0.039541,-0.000235,0.388562,0.774735,0.686589,0.359705,0.683756,0.281724,0.654217,0.158536,0.470103,0.477351,0.115110,0.695570,0.543561,0.239925,0.658248,0.756846,0.712261,0.796717,0.912431,0.907705,0.771044,0.661134,0.662243,1.000000,0.486955,0.873031,0.376551,0.448785,0.384788,0.814800,0.807192,0.769767,0.530737,0.689602,0.489504
0.266444,0.050495,0.166825,0.314063,0.151082,-0.067616,-0.127181,0.134788,-0.157923,-0.093703,0.213110,0.230942,0.168608,0.108459,0.224590,0.003565,0.097550,-0.144667,-0.024811,0.243628,0.153194,0.035007,0.126418,-0.070336,0.071455,0.100271,0.095903,0.237478,0.135171,0.141748,0.232029,0.027358,-0.060711,0.252666,0.396991,0.266837,0.248134,0.413000,0.188044,0.336959,0.105863,0.250973,0.171970,-0.040072,0.287103,0.225195,0.022341,0.248072,0.401481,0.285677,0.400880,0.466190,0.398275,0.406614,0.701067,0.788289,0.486955,1.000000,0.611820,0.617014,0.386124,0.104617,0.297428,0.368766,0.452028,0.364877,0.397682,0.205554
0.375129,0.053761,0.214816,0.454372,0.240272,-0.091327,-0.181029,0.195245,-0.214724,-0.123187,0.451738,0.353977,0.234238,0.309041,0.436011,-0.003769,0.088668,-0.062292,-0.023904,0.444938,0.190417,0.018931,0.153712,-0.185057,0.078622,0.033855,0.007995,0.188160,0.237054,0.219578,0.304895,0.039856,-0.003517,0.363660,0.751844,0.598377,0.352080,0.604799,0.285603,0.574122,0.167731,0.383215,0.363740,0.032370,0.576391,0.408474,0.103405,0.520322,0.658118,0.623258,0.755870,0.791663,0.797900,0.678364,0.659635,0.679202,0.873031,0.611820,1.000000,0.554488,0.607799,0.465758,0.764975,0.761419,0.760817,0.533152,0.692336,0.505721
0.193785,-0.005007,0.165112,0.249491,0.109824,-0.071936,-0.122519,0.088595,-0.141681,-0.060158,0.126411,0.145596,0.087174,0.010606,0.141246,0.022912,0.091995,-0.119097,-0.036516,0.169261,0.052301,-0.058407,0.057055,-0.104790,0.007981,0.073679,0.076878,0.240566,0.116363,0.091566,0.187122,-0.023149,-0.034952,0.157048,0.253061,0.128162,0.211672,0.333298,0.064957,0.269561,0.067097,0.192478,0.098715,-0.072224,0.242800,0.135669,-0.076919,0.189387,0.374689,0.196813,0.332678,0.388174,0.305188,0.375941,0.441988,0.473695,0.376551,0.617014,0.554488,1.000000,0.671632,0.033747,0.176817,0.290752,0.417712,0.237174,0.400124,0.039744
0.314493,0.065883,0.229968,0.346408,0.229695,0.007825,0.001050,0.173539,-0.073683,-0.099987,0.281097,0.218615,0.176254,0.176011,0.255815,-0.050114,0.025544,-0.089422,-0.065401,0.276347,0.120892,0.047937,0.116829,0.013586,0.066460,0.149585,0.116834,0.231070,0.176683,0.174847,0.247070,0.015705,0.027429,0.224092,0.351040,0.237953,0.291653,0.387120,0.076809,0.262027,0.084784,0.218607,0.163367,-0.066838,0.370051,0.218658,0.018506,0.305316,0.372426,0.279751,0.392194,0.399079,0.417600,0.392632,0.395351,0.392451,0.448785,0.386124,0.607799,0.671632,1.000000,0.658026,0.370587,0.369951,0.444973,0.326452,0.393999,0.157402
0.271854,0.058324,0.131032,0.301369,0.207733,0.016647,0.014463,0.143224,-0.054002,-0.109483,0.322166,0.234014,0.195345,0.277891,0.301994,-0.064298,-0.003418,-0.013169,-0.050634,0.306879,0.124391,0.088920,0.134209,0.051459,0.112913,0.131103,0.092748,0.138437,0.171512,0.183397,0.212751,0.037163,0.080652,0.231763,0.431437,0.336204,0.226214,0.337491,0.155903,0.225016,0.041361,0.174992,0.180262,-0.011843,0.334730,0.272128,0.160963,0.311522,0.280202,0.352007,0.388350,0.327968,0.406295,0.306191,0.240245,0.223528,0.384788,0.104617,0.465758,0.033747,0.658026,1.000000,0.474481,0.395414,0.358773,0.358308,0.273010,0.430860
0.428717,0.108442,0.125978,0.528919,0.352795,-0.040540,-0.116602,0.283472,-0.191975,-0.152514,0.617891,0.524259,0.374338,0.529011,0.599153,-0.029782,0.059389,-0.011710,0.002302,0.574692,0.237040,0.119190,0.180655,-0.094376,0.070462,0.010032,-0.054954,0.101107,0.274130,0.300447,0.331881,0.061270,-0.020168,0.457617,0.825103,0.753985,0.274409,0.676858,0.326498,0.684653,0.159690,0.474467,0.547379,0.140963,0.650106,0.631899,0.359271,0.654990,0.698845,0.787965,0.864407,0.753427,0.901363,0.701906,0.434125,0.444942,0.814800,0.297428,0.764975,0.176817,0.370587,0.474481,1.000000,0.911862,0.780487,0.466158,0.570316,0.619933
0.411579,0.083777,0.136543,0.503810,0.315929,-0.094555,-0.196444,0.236612,-0.245520,-0.173756,0.549331,0.481928,0.332826,0.440126,0.535316,-0.014201,0.097582,-0.053911,0.012247,0.519630,0.191253,0.052446,0.166351,-0.154116,0.047907,-0.021860,-0.053917,0.134046,0.295024,0.319584,0.359904,0.058168,-0.010439,0.453790,0.846577,0.727950,0.303270,0.691621,0.360569,0.695731,0.166197,0.462256,0.489473,0.082284,0.608940,0.590907,0.279639,0.600259,0.685664,0.775773,0.929880,0.779084,0.903748,0.694231,0.480940,0.484505,0.807192,0.368766,0.761419,0.290752,0.369951,0.395414,0.911862,1.000000,0.912598,0.575680,0.636362,0.629946
