1.000000,0.275366,0.101132,0.205022,0.412151,0.348398,0.153566,0.115006,0.309597,0.182581,-0.062136,-0.001272,-0.072056,-0.106290,-0.050706,0.187690,0.284249,0.130249,0.213686,-0.099246,0.108171,0.031633,-0.023875,-0.039006,0.020912,-0.039689,0.039983,0.281929,0.030357,0.060774,0.036737,0.182524,0.066186,0.418208,-0.007016,0.022690,0.016152,0.198316,0.017424,0.155452,0.115948,0.208876,0.205513,0.134242,0.016658,0.004390,0.016202,-0.039261,-0.038112,0.229764,0.156461,0.071887,0.018366,-0.031806,-0.037906,-0.036052,0.011889,-0.049893,0.060787,-0.028708,0.123129,0.111335,0.082705,0.015081,0.108510,0.007010,0.015422,0.094845
0.275366,1.000000,0.112689,0.068961,0.214464,0.122623,0.301879,0.164307,0.060182,0.125692,0.069481,-0.020493,0.068662,0.027247,-0.012603,0.099125,0.104159,0.111547,0.091006,-0.020662,0.099906,0.089953,-0.036930,0.024587,0.052338,0.016338,-0.045457,0.074156,0.027105,0.030486,0.022322,0.096588,0.012696,0.233339,-0.016535,0.025935,-0.016483,0.036311,-0.026179,0.045225,0.081702,0.145617,0.058724,0.146662,0.101277,-0.046434,-0.008528,0.050850,-0.003735,0.117022,0.073215,0.081855,-0.004329,0.022015,-0.055505,0.008248,-0.020064,-0.034190,0.040486,0.007379,0.067292,0.021878,0.085179,0.018805,0.010255,0.005808,-0.002497,0.005448
0.101132,0.112689,1.000000,0.123226,0.022746,-0.016822,0.046048,0.028431,0.017065,-0.033115,-0.021250,0.011868,-0.009715,-0.032950,0.017225,0.014981,0.080199,0.006213,-0.025223,-0.002219,0.010817,-0.024182,0.038086,-0.126330,0.018789,0.054914,-0.052484,-0.066681,-0.002675,-0.006871,0.015359,0.028962,0.046288,0.048558,-0.027809,0.005161,0.097875,0.113181,0.013151,0.020849,0.068173,0.051862,-0.010854,0.002344,-0.025033,0.028606,0.004410,0.031980,0.074073,-0.013551,-0.008785,0.065305,0.043518,0.061691,0.028377,0.042185,-0.045156,-0.036122,-0.099905,0.011067,-0.006716,0.054706,0.023622,0.013343,-0.017300,0.019152,-0.008378,0.097243
0.205022,0.068961,0.123226,1.000000,0.108373,0.104359,0.138535,0.120762,0.121476,0.072950,-0.016052,0.533037,0.120048,-0.015717,0.057956,0.068983,0.040178,0.051812,0.086589,0.054496,0.018862,0.039080,-0.009018,0.026926,0.010040,-0.003906,0.050160,0.111519,0.130669,0.080160,0.040540,0.066499,0.012739,0.249254,0.116976,0.148730,0.251661,0.601414,0.090752,0.083548,0.287687,0.136373,0.112228,0.040699,-0.007685,0.064926,-0.043047,-0.006161,0.026335,0.055466,0.061803,0.040170,0.037646,0.045025,-0.009474,0.013270,-0.017066,0.041120,-0.005039,-0.098990,-0.063356,-0.009347,0.050600,0.049965,0.050908,-0.000023,0.053466,0.145321
0.412151,0.214464,0.022746,0.108373,1.000000,0.332315,0.343365,0.089986,0.339824,0.077925,-0.086389,0.013600,-0.058405,-0.112218,0.004733,0.058467,0.216599,0.145909,0.208144,-0.000475,0.093173,0.091520,0.047680,0.079073,0.031835,-0.040325,-0.035913,0.202472,0.042041,0.153124,0.054908,0.186195,0.005805,0.511133,0.007950,-0.006971,0.027314,0.191321,0.059860,0.138214,0.126828,0.135016,0.115026,-0.033329,-0.032922,0.101369,0.077636,-0.038620,-0.026477,0.115279,0.173865,-0.003017,-0.015253,-0.012360,-0.003685,0.005272,-0.032697,0.046888,0.033238,-0.028970,0.080367,0.079803,0.055747,0.036791,0.147458,0.076800,-0.018044,0.131469
0.348398,0.122623,-0.016822,0.104359,0.332315,1.000000,0.234225,0.319000,0.646734,0.367027,-0.112570,0.099044,0.022901,-0.230664,-0.208639,0.086145,0.270129,0.003630,0.374193,-0.257672,0.013832,0.062222,0.035924,0.117303,0.112336,-0.043759,0.000845,0.278497,0.116766,0.131125,-0.000757,0.137352,-0.001547,0.284988,0.026188,0.006520,0.014524,0.264731,0.086096,0.266798,0.165032,0.431472,0.330949,0.270550,0.079017,0.165391,0.122904,-0.072100,-0.168820,0.212153,0.310482,-0.042531,-0.032050,-0.164389,0.060350,0.051209,-0.030158,0.001453,0.069424,-0.092151,0.075529,0.087029,0.045003,0.064237,0.146922,-0.005259,0.029972,0.088535
0.153566,0.301879,0.046048,0.138535,0.343365,0.234225,1.000000,0.172157,0.282148,0.148099,-0.099876,0.031268,-0.032979,-0.152332,-0.107697,0.015093,0.128023,-0.010829,0.128048,-0.128853,-0.025804,0.020955,-0.036258,0.068893,-0.021264,-0.054093,-0.037082,0.048334,0.035089,0.102703,0.116097,0.072411,-0.047209,0.210166,0.049864,0.051620,0.064158,0.140836,0.010481,0.113039,0.319195,0.206497,0.123622,0.080848,-0.018793,0.070580,0.011729,-0.056152,-0.081983,0.049210,0.093670,-0.015652,-0.027811,-0.047615,0.047084,0.041855,-0.034988,-0.026724,0.028018,-0.062818,0.053744,0.048321,0.025620,0.017475,0.072688,-0.006510,-0.006782,0.079141
0.115006,0.164307,0.028431,0.120762,0.089986,0.319000,0.172157,1.000000,0.003264,0.670980,0.487115,0.163894,0.722351,0.358411,-0.108220,0.279932,0.099409,0.242278,0.033528,-0.092009,0.221540,0.230508,-0.078009,0.130475,-0.010552,-0.063525,0.071662,0.249621,0.018890,0.022959,0.028907,0.100944,0.025989,0.113355,-0.029810,-0.009399,0.015512,0.083613,-0.091416,-0.114488,0.057538,0.487643,-0.013288,0.354481,0.568390,0.244842,0.296097,0.174669,-0.140618,0.186068,0.107154,0.262557,0.001896,-0.045686,-0.031522,-0.025600,-0.024697,-0.028873,-0.015365,0.030674,0.064859,-0.016074,0.005294,-0.066331,-0.041091,-0.043680,0.002165,-0.064140
0.309597,0.060182,0.017065,0.121476,0.339824,0.646734,0.282148,0.003264,1.000000,0.198034,-0.356562,0.039972,-0.287928,-0.451477,-0.214722,-0.018236,0.281437,-0.129194,0.375738,-0.263144,-0.081408,-0.024028,0.076483,0.050370,0.055502,-0.118684,-0.013750,0.177630,0.140605,0.126363,-0.010152,0.135178,0.042624,0.237245,0.050899,0.038632,-0.017517,0.272085,0.174443,0.418331,0.220060,0.422925,0.520607,0.215017,-0.165556,0.152919,0.053709,-0.197720,-0.209586,0.205635,0.296750,-0.145218,0.020170,-0.234531,-0.006549,-0.018900,0.005040,-0.015726,0.070177,-0.148774,0.019783,0.066728,0.109813,0.095481,0.142473,0.010704,0.062329,0.233316
0.182581,0.125692,-0.033115,0.072950,0.077925,0.367027,0.148099,0.670980,0.198034,1.000000,0.317787,0.039226,0.386224,0.155605,-0.222541,0.372514,0.178216,0.177265,0.161072,-0.208466,0.144939,0.187784,-0.048287,0.120542,-0.043107,-0.117921,0.037557,0.265046,0.008346,0.066184,0.045453,0.154995,-0.031106,0.145741,-0.044580,-0.028337,0.005324,0.075708,-0.042138,0.035434,0.028617,0.459857,0.229024,0.663025,0.540727,0.123072,0.242421,0.174002,-0.121854,0.353655,0.210365,0.250560,0.042956,-0.062874,-0.024205,-0.026973,-0.017969,-0.038763,0.018348,-0.072371,0.126354,0.042594,0.069329,-0.005098,0.049009,-0.010556,-0.023903,-0.030979
-0.062136,0.069481,-0.021250,-0.016052,-0.086389,-0.112570,-0.099876,0.487115,-0.356562,0.317787,1.000000,0.059428,0.624193,0.916036,0.201161,0.214864,0.023315,0.399841,-0.087496,0.244801,0.216402,0.226463,-0.037584,0.033920,-0.005271,0.032770,0.161704,0.101539,0.030006,0.018301,0.014581,0.042580,0.069840,-0.012311,-0.072083,-0.069474,-0.001463,-0.168723,-0.136377,-0.320825,-0.167159,-0.125054,-0.282980,0.073491,0.560801,-0.024970,0.070786,0.276540,0.028234,0.008929,-0.052262,0.385228,0.056986,0.154488,-0.084505,-0.056971,-0.011672,-0.016735,0.008562,0.078875,0.007662,-0.049127,-0.045060,-0.038058,-0.100178,-0.010566,-0.038733,-0.217648
-0.001272,-0.020493,0.011868,0.533037,0.013600,0.099044,0.031268,0.163894,0.039972,0.039226,0.059428,1.000000,0.287110,0.053417,0.046392,0.023337,0.009883,0.022563,0.047889,0.051304,0.016541,0.013180,-0.048165,-0.000731,-0.001066,0.013956,-0.014426,-0.004796,0.056196,0.082357,-0.043434,-0.009549,-0.012878,0.054339,0.005586,0.022539,0.131167,0.270802,0.026833,-0.007201,0.113822,0.087574,0.018619,-0.026075,0.034711,0.107403,0.047981,0.006106,-0.014005,0.036642,0.013852,0.021109,-0.009438,0.018736,0.012436,0.019062,-0.069202,0.022318,-0.073052,-0.017819,-0.061626,-0.072801,-0.006434,-0.011840,-0.046225,-0.008827,-0.034500,0.032105
-0.072056,0.068662,-0.009715,0.120048,-0.058405,0.022901,-0.032979,0.722351,-0.287928,0.386224,0.624193,0.287110,1.000000,0.620198,0.172030,0.241235,-0.026824,0.384978,-0.082564,0.207119,0.251749,0.205160,-0.072898,0.065983,0.002413,0.098154,0.183199,0.121353,0.018132,-0.021053,0.008685,0.073585,0.030687,-0.022099,-0.068329,-0.054864,0.012396,-0.014952,-0.229658,-0.386272,-0.117741,0.010984,-0.358008,0.035288,0.564405,0.236380,0.360889,0.290108,0.064872,0.000741,-0.062481,0.317826,-0.012125,0.165015,-0.033556,-0.008998,-0.073591,-0.030810,-0.056265,0.103043,-0.023873,-0.096567,-0.063903,-0.074577,-0.087499,-0.011404,-0.009598,-0.259286
-0.106290,0.027247,-0.032950,-0.015717,-0.112218,-0.230664,-0.152332,0.358411,-0.451477,0.155605,0.916036,0.053417,0.620198,1.000000,0.458569,0.193640,-0.009870,0.483493,-0.124186,0.506619,0.278439,0.246928,-0.043216,0.053676,-0.015293,0.157571,0.214409,0.075876,0.009461,-0.011731,0.022234,-0.005231,0.073945,-0.050806,-0.057025,-0.042999,0.000583,-0.173792,-0.140805,-0.368561,-0.189014,-0.280452,-0.372118,-0.087170,0.442670,-0.079150,0.038478,0.328699,0.186086,-0.078781,-0.114538,0.394075,0.037646,0.293638,-0.047668,-0.023505,-0.019782,0.029966,-0.000086,0.128284,0.008022,-0.053373,-0.051748,-0.034778,-0.094163,0.014423,-0.002927,-0.235075
-0.050706,-0.012603,0.017225,0.057956,0.004733,-0.208639,-0.107697,-0.108220,-0.214722,-0.222541,0.201161,0.046392,0.172030,0.458569,1.000000,0.057796,-0.018295,0.395882,-0.026999,0.948951,0.199179,0.168051,0.016688,0.084999,-0.014626,0.370751,0.217229,0.052762,-0.075948,-0.072790,0.063512,-0.045459,0.094505,-0.009262,-0.020661,0.053031,0.039430,0.044513,-0.018810,-0.138496,-0.104517,-0.285508,-0.184826,-0.283591,-0.021670,-0.034516,0.001140,0.218102,0.438591,-0.181246,-0.093485,0.228535,-0.000564,0.469848,0.016423,0.048974,-0.020021,0.114066,0.018417,0.161494,0.018729,-0.003998,0.008853,0.019905,0.017206,0.067888,0.074305,-0.050353
0.187690,0.099125,0.014981,0.068983,0.058467,0.086145,0.015093,0.279932,-0.018236,0.372514,0.214864,0.023337,0.241235,0.193640,0.057796,1.000000,0.358230,0.372134,0.217609,0.073410,0.323421,0.197401,-0.031081,0.008861,-0.021039,0.048947,0.110752,0.174540,0.095485,0.118020,0.050514,0.134630,-0.000182,0.134991,0.003896,-0.019291,0.028660,0.079494,-0.056828,-0.054086,-0.051116,0.089735,0.024061,0.172310,0.269991,-0.007551,0.080272,0.143335,0.078787,0.189128,0.113268,0.270046,0.022833,0.088555,-0.004596,0.016040,0.012401,0.011275,0.003111,0.006689,0.057328,0.037909,0.111201,-0.010069,-0.068216,-0.016286,0.034290,-0.045805
0.284249,0.104159,0.080199,0.040178,0.216599,0.270129,0.128023,0.099409,0.281437,0.178216,0.023315,0.009883,-0.026824,-0.009870,-0.018295,0.358230,1.000000,0.270512,0.444026,-0.019914,0.129808,0.189395,0.079915,0.055317,0.036114,0.006886,0.075998,0.171262,0.159359,0.230860,0.142859,0.197391,0.057756,0.282963,0.094892,0.031244,-0.001341,0.094186,0.024181,0.096260,0.091237,0.167830,0.153152,0.090379,0.041555,0.030797,0.112543,-0.027423,-0.053361,0.229059,0.074648,0.111178,-0.051974,-0.053519,-0.010773,0.025921,0.006800,0.038146,0.080834,-0.010101,0.041059,0.095779,0.053697,-0.038381,-0.020500,-0.044432,0.029676,0.125344
0.130249,0.111547,0.006213,0.051812,0.145909,0.003630,-0.010829,0.242278,-0.129194,0.177265,0.399841,0.022563,0.384978,0.483493,0.395882,0.372134,0.270512,1.000000,0.382238,0.419665,0.502072,0.410741,0.154214,0.174014,0.145353,0.240985,0.326180,0.312893,0.129068,0.227149,0.091620,0.304813,0.118984,0.170735,0.027347,0.005781,0.010560,-0.046199,-0.072102,-0.215523,-0.065747,-0.141491,-0.220776,-0.055615,0.253853,-0.109337,0.066232,0.230130,0.228642,0.052782,-0.075646,0.435430,0.024579,0.272278,0.032258,0.050438,0.095791,0.059344,0.105910,0.131835,0.094705,0.060357,0.013850,-0.053247,-0.040893,0.042255,-0.015608,-0.085327
0.213686,0.091006,-0.025223,0.086589,0.208144,0.374193,0.128048,0.033528,0.375738,0.161072,-0.087496,0.047889,-0.082564,-0.124186,-0.026999,0.217609,0.444026,0.382238,1.000000,-0.046200,0.179609,0.179374,0.215245,0.099508,0.206827,0.030095,0.159540,0.250584,0.281994,0.480340,0.069319,0.302543,0.085980,0.239518,0.058877,-0.015936,-0.033725,0.114692,0.067798,0.172473,0.092013,0.218654,0.201149,0.074768,0.001131,0.006099,0.071133,-0.073975,-0.078458,0.174490,0.081288,0.054652,-0.001671,-0.082470,-0.048823,-0.057895,0.020503,-0.046427,0.126330,-0.001254,0.082765,0.126275,0.051347,-0.013060,0.040378,-0.006503,-0.054097,0.171803
-0.099246,-0.020662,-0.002219,0.054496,-0.000475,-0.257672,-0.128853,-0.092009,-0.263144,-0.208466,0.244801,0.051304,0.207119,0.506619,0.948951,0.073410,-0.019914,0.419665,-0.046200,1.000000,0.236638,0.181674,0.009411,0.096159,-0.026263,0.342139,0.227546,0.043470,-0.069565,-0.068563,0.060158,-0.051267,0.057069,-0.036267,-0.029659,0.030355,0.033655,0.021112,-0.035393,-0.174809,-0.125316,-0.321571,-0.220581,-0.302445,-0.011751,-0.037785,-0.006993,0.199876,0.390170,-0.197034,-0.119358,0.241717,-0.018899,0.431687,0.008108,0.044368,-0.012685,0.134131,-0.002402,0.146317,0.027184,0.023034,0.021373,0.020837,-0.002627,0.066812,0.070201,-0.053995
0.108171,0.099906,0.010817,0.018862,0.093173,0.013832,-0.025804,0.221540,-0.081408,0.144939,0.216402,0.016541,0.251749,0.278439,0.199179,0.323421,0.129808,0.502072,0.179609,0.236638,1.000000,0.712793,0.141436,0.320742,0.179659,0.138834,0.203363,0.203981,0.177732,0.132105,0.052293,0.180672,0.136602,0.123932,-0.055613,-0.102929,-0.004467,0.019200,-0.071394,-0.038617,-0.053521,0.029266,-0.054302,0.041827,0.166321,0.036161,0.059420,0.076738,0.030639,0.061370,-0.011101,0.256576,0.037127,0.059592,0.062403,0.079679,0.056424,0.041215,0.086491,0.112500,0.141606,0.091195,0.044171,-0.042899,-0.024928,0.072054,0.001625,-0.016115
0.031633,0.089953,-0.024182,0.039080,0.091520,0.062222,0.020955,0.230508,-0.024028,0.187784,0.226463,0.013180,0.205160,0.246928,0.168051,0.197401,0.189395,0.410741,0.179374,0.181674,0.712793,1.000000,0.208742,0.570858,0.180530,0.206839,0.201405,0.167292,0.193627,0.150283,0.083989,0.199030,0.144584,0.178651,0.010683,-0.043433,-0.010333,0.033179,-0.078468,-0.040208,-0.045123,0.097292,-0.004734,0.099390,0.192341,0.045166,0.059191,0.082349,0.016153,0.102675,-0.021789,0.266019,0.085144,0.045807,0.069374,0.111456,0.087929,0.082753,0.055168,0.109028,0.048194,-0.003181,0.008863,0.010594,-0.043154,0.031055,-0.013417,-0.005815
-0.023875,-0.036930,0.038086,-0.009018,0.047680,0.035924,-0.036258,-0.078009,0.076483,-0.048287,-0.037584,-0.048165,-0.072898,-0.043216,0.016688,-0.031081,0.079915,0.154214,0.215245,0.009411,0.141436,0.208742,1.000000,0.239613,0.682424,0.122033,0.136858,0.033312,0.336295,0.198325,0.035321,0.126353,0.056805,0.105781,-0.035702,-0.029847,0.009073,-0.004821,0.038901,0.019633,0.009694,-0.027704,0.044131,0.009798,-0.072374,0.029069,-0.033444,-0.043507,0.020644,0.026777,0.035292,-0.011658,0.039403,-0.021394,0.036107,0.028971,0.062393,0.016968,0.033289,0.014307,-0.008389,0.028908,0.000810,0.010733,0.021586,-0.014771,0.038021,-0.046220
-0.039006,0.024587,-0.126330,0.026926,0.079073,0.117303,0.068893,0.130475,0.050370,0.120542,0.033920,-0.000731,0.065983,0.053676,0.084999,0.008861,0.055317,0.174014,0.099508,0.096159,0.320742,0.570858,0.239613,1.000000,0.230003,0.204773,0.096861,0.080028,0.096831,0.037116,0.099923,0.055186,0.034190,0.125390,0.052749,-0.016388,-0.050729,0.029528,-0.045423,0.016617,0.048535,0.094450,0.059868,0.052761,0.033148,0.070356,0.021955,-0.010685,-0.022912,0.073905,0.011001,0.079420,-0.009291,0.035007,0.119762,0.101020,0.004605,0.110242,0.040027,0.026200,0.051707,0.005802,-0.018749,0.029987,0.043041,0.020261,0.040358,0.000595
0.020912,0.052338,0.018789,0.010040,0.031835,0.112336,-0.021264,-0.010552,0.055502,-0.043107,-0.005271,-0.001066,0.002413,-0.015293,-0.014626,-0.021039,0.036114,0.145353,0.206827,-0.026263,0.179659,0.180530,0.682424,0.230003,1.000000,0.197955,0.108663,0.043966,0.365351,0.165237,0.003149,0.150192,0.054735,0.106476,0.030928,-0.004379,0.017261,0.060940,0.011756,0.002500,0.030730,-0.019910,-0.000977,-0.012969,-0.028221,0.084048,-0.015068,0.009334,0.048868,0.041681,0.027900,-0.014697,0.028466,0.000267,0.047290,0.035906,0.062183,0.049970,-0.034845,-0.035539,-0.058450,-0.012850,-0.036844,0.069447,0.052460,-0.002452,-0.000132,-0.042719
-0.039689,0.016338,0.054914,-0.003906,-0.040325,-0.043759,-0.054093,-0.063525,-0.118684,-0.117921,0.032770,0.013956,0.098154,0.157571,0.370751,0.048947,0.006886,0.240985,0.030095,0.342139,0.138834,0.206839,0.122033,0.204773,0.197955,1.000000,0.404341,0.024785,0.029706,-0.011867,0.089506,0.034637,0.025320,0.001752,-0.021270,-0.016129,0.017254,-0.005411,-0.064645,-0.059712,-0.066810,-0.136575,-0.111719,-0.143715,-0.029404,-0.016519,-0.007317,0.101899,0.194407,-0.065918,-0.003703,0.130514,0.055396,0.194932,0.032376,0.039044,0.011898,0.021861,-0.030306,0.037289,-0.005253,0.036023,0.061981,0.021627,0.027677,0.029164,0.023786,-0.056560
0.039983,-0.045457,-0.052484,0.050160,-0.035913,0.000845,-0.037082,0.071662,-0.013750,0.037557,0.161704,-0.014426,0.183199,0.214409,0.217229,0.110752,0.075998,0.326180,0.159540,0.227546,0.203363,0.201405,0.136858,0.096861,0.108663,0.404341,1.000000,0.416285,0.143308,0.125766,0.007351,0.046320,0.009142,0.056694,-0.060814,-0.032810,-0.015974,-0.025748,-0.072756,-0.070079,-0.110692,-0.119935,-0.089779,-0.057379,0.075274,-0.014056,-0.004189,0.070459,0.097671,-0.082047,-0.085035,0.079584,-0.044358,0.115312,-0.020040,0.005649,0.013355,0.073284,0.010006,-0.023747,-0.064370,-0.036144,-0.020187,-0.006246,0.031666,0.014078,0.033631,-0.120389
0.281929,0.074156,-0.066681,0.111519,0.202472,0.278497,0.048334,0.249621,0.177630,0.265046,0.101539,-0.004796,0.121353,0.075876,0.052762,0.174540,0.171262,0.312893,0.250584,0.043470,0.203981,0.167292,0.033312,0.080028,0.043966,0.024785,0.416285,1.000000,0.132920,0.178612,0.021435,0.135302,-0.060440,0.288654,-0.010454,-0.000808,-0.007276,0.120599,-0.030498,0.013116,0.039170,0.150666,0.062340,0.157627,0.117654,-0.008705,0.068393,0.010896,-0.016832,0.159450,0.049424,0.191743,0.048475,-0.009245,0.017166,0.029088,0.070070,0.032112,0.139451,-0.050648,0.062319,0.054851,0.045305,-0.000776,0.041355,0.049407,-0.018893,0.006941
0.030357,0.027105,-0.002675,0.130669,0.042041,0.116766,0.035089,0.018890,0.140605,0.008346,0.030006,0.056196,0.018132,0.009461,-0.075948,0.095485,0.159359,0.129068,0.281994,-0.069565,0.177732,0.193627,0.336295,0.096831,0.365351,0.029706,0.143308,0.132920,1.000000,0.406588,0.007953,0.181856,0.038113,0.161612,0.008864,-0.006500,0.014311,0.037211,-0.006887,-0.022161,0.009543,0.040952,0.025178,0.031767,0.020920,0.039720,0.055262,0.006292,-0.029758,0.059186,0.001476,0.039956,0.026083,-0.036356,-0.025978,-0.019467,0.043827,0.020717,0.015834,0.010782,0.002513,0.007888,-0.066887,-0.041235,-0.018512,0.040221,-0.068603,0.003479
0.060774,0.030486,-0.006871,0.080160,0.153124,0.131125,0.102703,0.022959,0.126363,0.066184,0.018301,0.082357,-0.021053,-0.011731,-0.072790,0.118020,0.230860,0.227149,0.480340,-0.068563,0.132105,0.150283,0.198325,0.037116,0.165237,-0.011867,0.125766,0.178612,0.406588,1.000000,0.163337,0.323529,0.002166,0.207403,0.052892,0.011856,0.038238,0.057877,0.020980,0.012547,0.039149,0.052042,0.071854,0.016712,0.016373,0.090017,0.106002,-0.010484,-0.072209,0.058655,0.020523,0.065093,0.013163,-0.069338,-0.021704,-0.052744,0.006487,-0.029155,0.018082,-0.091334,0.059986,0.014336,-0.033543,-0.030514,-0.042574,-0.005851,-0.109101,0.042034
0.036737,0.022322,0.015359,0.040540,0.054908,-0.000757,0.116097,0.028907,-0.010152,0.045453,0.014581,-0.043434,0.008685,0.022234,0.063512,0.050514,0.142859,0.091620,0.069319,0.060158,0.052293,0.083989,0.035321,0.099923,0.003149,0.089506,0.007351,0.021435,0.007953,0.163337,1.000000,0.104146,-0.042314,0.070890,-0.001694,0.002596,0.017604,0.037785,-0.018428,0.038052,0.049751,0.034573,0.007749,0.034340,0.008150,0.062824,0.040654,-0.023213,0.000758,-0.028617,0.011542,0.071710,0.057082,0.014007,-0.049140,-0.038339,0.045838,0.028359,0.028851,-0.038322,-0.014067,0.012606,0.019996,-0.004141,0.092589,-0.040185,0.094763,0.055239
0.182524,0.096588,0.028962,0.066499,0.186195,0.137352,0.072411,0.100944,0.135178,0.154995,0.042580,-0.009549,0.073585,-0.005231,-0.045459,0.134630,0.197391,0.304813,0.302543,-0.051267,0.180672,0.199030,0.126353,0.055186,0.150192,0.034637,0.046320,0.135302,0.181856,0.323529,0.104146,1.000000,0.196887,0.285296,0.040216,-0.051383,0.013102,0.069448,0.045178,0.007378,0.087287,0.071532,0.009908,0.075667,0.100630,0.068213,0.106652,0.017691,-0.029847,0.082536,0.002659,0.100107,0.074077,-0.029775,-0.042718,-0.048185,0.091678,-0.048086,0.007598,-0.077051,0.048741,0.046472,0.054818,0.033640,-0.071147,0.027577,-0.071614,0.073981
0.066186,0.012696,0.046288,0.012739,0.005805,-0.001547,-0.047209,0.025989,0.042624,-0.031106,0.069840,-0.012878,0.030687,0.073945,0.094505,-0.000182,0.057756,0.118984,0.085980,0.057069,0.136602,0.144584,0.056805,0.034190,0.054735,0.025320,0.009142,-0.060440,0.038113,0.002166,-0.042314,0.196887,1.000000,0.080360,0.018781,-0.029990,-0.016255,0.046982,0.065449,-0.017738,0.033812,-0.017342,-0.018457,-0.039461,0.006778,-0.020414,-0.007598,0.009496,0.010780,-0.007917,-0.024419,-0.028362,0.038013,0.023372,0.016166,0.020373,-0.011769,0.020023,-0.071249,0.059830,0.058759,0.022595,-0.002761,0.008106,-0.029606,0.015562,0.019718,-0.012231
0.418208,0.233339,0.048558,0.249254,0.511133,0.284988,0.210166,0.113355,0.237245,0.145741,-0.012311,0.054339,-0.022099,-0.050806,-0.009262,0.134991,0.282963,0.170735,0.239518,-0.036267,0.123932,0.178651,0.105781,0.125390,0.106476,0.001752,0.056694,0.288654,0.161612,0.207403,0.070890,0.285296,0.080360,1.000000,0.012751,0.046621,0.052951,0.197790,0.033954,0.064400,0.114735,0.109006,0.094092,0.078776,0.049815,0.045840,0.018457,-0.012200,-0.043406,0.123603,0.137093,0.082613,0.055985,-0.011964,-0.027356,-0.006900,0.018239,0.033453,-0.000736,-0.086320,0.045512,0.053153,0.031252,0.085380,0.119391,0.080902,-0.015533,0.061374
-0.007016,-0.016535,-0.027809,0.116976,0.007950,0.026188,0.049864,-0.029810,0.050899,-0.044580,-0.072083,0.005586,-0.068329,-0.057025,-0.020661,0.003896,0.094892,0.027347,0.058877,-0.029659,-0.055613,0.010683,-0.035702,0.052749,0.030928,-0.021270,-0.060814,-0.010454,0.008864,0.052892,-0.001694,0.040216,0.018781,0.012751,1.000000,0.541907,0.008283,0.192957,0.140184,0.043807,0.212119,0.028353,0.020589,-0.007338,-0.001141,-0.023767,-0.059473,0.051425,0.035506,-0.017565,-0.025157,-0.008436,0.042998,0.015336,-0.060201,-0.024998,0.042655,0.033793,0.066260,0.083506,0.059646,0.103982,0.036000,0.111743,0.005844,0.072960,0.054177,0.396002
0.022690,0.025935,0.005161,0.148730,-0.006971,0.006520,0.051620,-0.009399,0.038632,-0.028337,-0.069474,0.022539,-0.054864,-0.042999,0.053031,-0.019291,0.031244,0.005781,-0.015936,0.030355,-0.102929,-0.043433,-0.029847,-0.016388,-0.004379,-0.016129,-0.032810,-0.000808,-0.006500,0.011856,0.002596,-0.051383,-0.029990,0.046621,0.541907,1.000000,0.029448,0.154327,0.145849,0.055235,0.262958,0.043661,0.059919,0.018364,-0.031184,-0.028162,-0.061468,0.047966,0.082273,-0.056583,-0.016873,0.001398,0.025411,0.057058,-0.017142,-0.000092,0.105953,0.064790,0.013699,0.085559,0.036782,0.025145,0.086583,0.079398,0.011170,0.080603,0.041993,0.297183
0.016152,-0.016483,0.097875,0.251661,0.027314,0.014524,0.064158,0.015512,-0.017517,0.005324,-0.001463,0.131167,0.012396,0.000583,0.039430,0.028660,-0.001341,0.010560,-0.033725,0.033655,-0.004467,-0.010333,0.009073,-0.050729,0.017261,0.017254,-0.015974,-0.007276,0.014311,0.038238,0.017604,0.013102,-0.016255,0.052951,0.008283,0.029448,1.000000,0.228721,0.033124,0.008154,0.016988,0.036217,-0.008569,-0.039304,0.002890,0.058427,-0.020066,0.007414,0.025202,-0.009340,0.049168,-0.078072,-0.008963,0.012746,0.034953,-0.003957,0.016493,-0.033479,0.005053,-0.000540,0.036254,0.083889,0.003250,0.024611,0.023430,0.041875,0.065252,0.120514
0.198316,0.036311,0.113181,0.601414,0.191321,0.264731,0.140836,0.083613,0.272085,0.075708,-0.168723,0.270802,-0.014952,-0.173792,0.044513,0.079494,0.094186,-0.046199,0.114692,0.021112,0.019200,0.033179,-0.004821,0.029528,0.060940,-0.005411,-0.025748,0.120599,0.037211,0.057877,0.037785,0.069448,0.046982,0.197790,0.192957,0.154327,0.228721,1.000000,0.153201,0.247361,0.240529,0.316290,0.242233,0.071487,-0.086012,0.311513,0.123610,-0.048642,-0.015684,0.084659,0.196989,0.008255,0.040057,-0.008944,-0.033925,-0.029283,0.004230,0.036946,0.016828,-0.073496,0.023301,0.096725,0.097467,0.118777,0.128873,0.039462,0.116855,0.341622
0.017424,-0.026179,0.013151,0.090752,0.059860,0.086096,0.010481,-0.091416,0.174443,-0.042138,-0.136377,0.026833,-0.229658,-0.140805,-0.018810,-0.056828,0.024181,-0.072102,0.067798,-0.035393,-0.071394,-0.078468,0.038901,-0.045423,0.011756,-0.064645,-0.072756,-0.030498,-0.006887,0.020980,-0.018428,0.045178,0.065449,0.033954,0.140184,0.145849,0.033124,0.153201,1.000000,0.397761,0.273215,0.207732,0.243533,0.011111,-0.152979,0.011511,-0.029797,-0.021050,0.047355,-0.075294,0.093414,-0.081256,0.037223,0.027323,-0.011436,0.005625,0.072807,0.081106,-0.007702,-0.083715,0.067666,0.148737,0.089057,0.032746,0.085567,-0.001444,0.005666,0.548256
0.155452,0.045225,0.020849,0.083548,0.138214,0.266798,0.113039,-0.114488,0.418331,0.035434,-0.320825,-0.007201,-0.386272,-0.368561,-0.138496,-0.054086,0.096260,-0.215523,0.172473,-0.174809,-0.038617,-0.040208,0.019633,0.016617,0.002500,-0.059712,-0.070079,0.013116,-0.022161,0.012547,0.038052,0.007378,-0.017738,0.064400,0.043807,0.055235,0.008154,0.247361,0.397761,1.000000,0.245002,0.464053,0.676757,0.183381,-0.243319,0.063503,-0.111420,-0.242413,-0.174553,0.083258,0.263561,-0.120406,0.081428,-0.188617,-0.037868,-0.035977,0.056555,-0.019736,0.070365,-0.155166,0.079864,0.190981,0.253388,0.154751,0.243143,-0.005357,0.065493,0.470294
0.115948,0.081702,0.068173,0.287687,0.126828,0.165032,0.319195,0.057538,0.220060,0.028617,-0.167159,0.113822,-0.117741,-0.189014,-0.104517,-0.051116,0.091237,-0.065747,0.092013,-0.125316,-0.053521,-0.045123,0.009694,0.048535,0.030730,-0.066810,-0.110692,0.039170,0.009543,0.039149,0.049751,0.087287,0.033812,0.114735,0.212119,0.262958,0.016988,0.240529,0.273215,0.245002,1.000000,0.272536,0.267659,0.095226,-0.063800,0.054619,-0.007201,-0.043888,-0.032316,0.051833,0.046634,-0.029937,0.032955,-0.072867,-0.009830,-0.004145,0.057246,0.017672,0.036708,-0.071894,-0.023178,0.047369,0.067280,0.036767,0.047293,0.000133,0.037797,0.248400
0.208876,0.145617,0.051862,0.136373,0.135016,0.431472,0.206497,0.487643,0.422925,0.459857,-0.125054,0.087574,0.010984,-0.280452,-0.285508,0.089735,0.167830,-0.141491,0.218654,-0.321571,0.029266,0.097292,-0.027704,0.094450,-0.019910,-0.136575,-0.119935,0.150666,0.040952,0.052042,0.034573,0.071532,-0.017342,0.109006,0.028353,0.043661,0.036217,0.316290,0.207732,0.464053,0.272536,1.000000,0.553118,0.511551,0.269375,0.341990,0.340891,0.081379,-0.160339,0.266821,0.253460,0.034700,0.054545,-0.110197,-0.012115,-0.004804,0.071034,0.013212,0.068982,-0.077504,0.146998,0.184569,0.118883,0.023827,0.063413,-0.009366,0.037224,0.401246
0.205513,0.058724,-0.010854,0.112228,0.115026,0.330949,0.123622,-0.013288,0.520607,0.229024,-0.282980,0.018619,-0.358008,-0.372118,-0.184826,0.024061,0.153152,-0.220776,0.201149,-0.220581,-0.054302,-0.004734,0.044131,0.059868,-0.000977,-0.111719,-0.089779,0.062340,0.025178,0.071854,0.007749,0.009908,-0.018457,0.094092,0.020589,0.059919,-0.008569,0.242233,0.243533,0.676757,0.267659,0.553118,1.000000,0.486232,-0.117406,0.090539,-0.078303,-0.184295,-0.193668,0.279152,0.389746,-0.045952,0.156520,-0.207939,-0.027978,-0.027473,0.086086,-0.016380,0.084773,-0.197972,0.084892,0.124387,0.314475,0.181315,0.215768,0.007974,0.019377,0.381493
0.134242,0.146662,0.002344,0.040699,-0.033329,0.270550,0.080848,0.354481,0.215017,0.663025,0.073491,-0.026075,0.035288,-0.087170,-0.283591,0.172310,0.090379,-0.055615,0.074768,-0.302445,0.041827,0.099390,0.009798,0.052761,-0.012969,-0.143715,-0.057379,0.157627,0.031767,0.016712,0.034340,0.075667,-0.039461,0.078776,-0.007338,0.018364,-0.039304,0.071487,0.011111,0.183381,0.095226,0.511551,0.486232,1.000000,0.372374,0.072089,0.079157,0.071258,-0.160957,0.396047,0.263386,0.123247,0.078533,-0.115260,-0.072565,-0.051349,0.055796,-0.043548,0.040969,-0.096332,0.155347,0.116060,0.129852,0.062483,0.086748,-0.030044,-0.013251,0.085275
0.016658,0.101277,-0.025033,-0.007685,-0.032922,0.079017,-0.018793,0.568390,-0.165556,0.540727,0.560801,0.034711,0.564405,0.442670,-0.021670,0.269991,0.041555,0.253853,0.001131,-0.011751,0.166321,0.192341,-0.072374,0.033148,-0.028221,-0.029404,0.075274,0.117654,0.020920,0.016373,0.008150,0.100630,0.006778,0.049815,-0.001141,-0.031184,0.002890,-0.086012,-0.152979,-0.243319,-0.063800,0.269375,-0.117406,0.372374,1.000000,0.135257,0.405909,0.670351,0.195443,0.138694,0.051113,0.378526,0.052743,0.294853,-0.039688,-0.008296,0.012628,-0.032195,-0.001850,0.047261,0.012024,-0.020994,-0.010805,0.001441,-0.087888,0.008912,-0.035987,-0.124369
0.004390,-0.046434,0.028606,0.064926,0.101369,0.165391,0.070580,0.244842,0.152919,0.123072,-0.024970,0.107403,0.236380,-0.079150,-0.034516,-0.007551,0.030797,-0.109337,0.006099,-0.037785,0.036161,0.045166,0.029069,0.070356,0.084048,-0.016519,-0.014056,-0.008705,0.039720,0.090017,0.062824,0.068213,-0.020414,0.045840,-0.023767,-0.028162,0.058427,0.311513,0.011511,0.063503,0.054619,0.341990,0.090539,0.072089,0.135257,1.000000,0.564697,0.000695,-0.150486,-0.018382,0.146369,0.036995,0.019498,-0.083641,0.002979,0.010081,-0.029316,-0.003356,-0.024304,-0.008485,0.080368,0.050414,-0.036904,-0.015189,0.032062,0.020170,0.036138,0.105070
0.016202,-0.008528,0.004410,-0.043047,0.077636,0.122904,0.011729,0.296097,0.053709,0.242421,0.070786,0.047981,0.360889,0.038478,0.001140,0.080272,0.112543,0.066232,0.071133,-0.006993,0.059420,0.059191,-0.033444,0.021955,-0.015068,-0.007317,-0.004189,0.068393,0.055262,0.106002,0.040654,0.106652,-0.007598,0.018457,-0.059473,-0.061468,-0.020066,0.123610,-0.029797,-0.111420,-0.007201,0.340891,-0.078303,0.079157,0.405909,0.564697,1.000000,0.355985,0.083232,-0.006382,0.009590,0.124573,-0.005499,0.165818,0.001741,0.056931,-0.020836,0.000234,0.034939,0.104435,0.064952,0.013292,-0.059465,-0.027685,-0.048988,0.044847,-0.022969,0.032767
-0.039261,0.050850,0.031980,-0.006161,-0.038620,-0.072100,-0.056152,0.174669,-0.197720,0.174002,0.276540,0.006106,0.290108,0.328699,0.218102,0.143335,-0.027423,0.230130,-0.073975,0.199876,0.076738,0.082349,-0.043507,-0.010685,0.009334,0.101899,0.070459,0.010896,0.006292,-0.010484,-0.023213,0.017691,0.009496,-0.012200,0.051425,0.047966,0.007414,-0.048642,-0.021050,-0.242413,-0.043888,0.081379,-0.184295,0.071258,0.670351,0.000695,0.355985,1.000000,0.685045,-0.048075,-0.050927,0.268031,-0.003152,0.653893,0.110300,0.120103,0.051497,0.052045,-0.010970,0.078153,0.011512,-0.015437,-0.040248,0.028084,-0.053580,0.064072,0.017475,-0.050094
-0.038112,-0.003735,0.074073,0.026335,-0.026477,-0.168820,-0.081983,-0.140618,-0.209586,-0.121854,0.028234,-0.014005,0.064872,0.186086,0.438591,0.078787,-0.053361,0.228642,-0.078458,0.390170,0.030639,0.016153,0.020644,-0.022912,0.048868,0.194407,0.097671,-0.016832,-0.029758,-0.072209,0.000758,-0.029847,0.010780,-0.043406,0.035506,0.082273,0.025202,-0.015684,0.047355,-0.174553,-0.032316,-0.160339,-0.193668,-0.160957,0.195443,-0.150486,0.083232,0.685045,1.000000,-0.109593,-0.087275,0.166000,-0.031614,0.841464,0.171031,0.172418,0.095460,0.143332,0.055973,0.070817,-0.004059,-0.003185,0.007484,0.020162,0.006304,0.097773,0.072248,-0.019442
0.229764,0.117022,-0.013551,0.055466,0.115279,0.212153,0.049210,0.186068,0.205635,0.353655,0.008929,0.036642,0.000741,-0.078781,-0.181246,0.189128,0.229059,0.052782,0.174490,-0.197034,0.061370,0.102675,0.026777,0.073905,0.041681,-0.065918,-0.082047,0.159450,0.059186,0.058655,-0.028617,0.082536,-0.007917,0.123603,-0.017565,-0.056583,-0.009340,0.084659,-0.075294,0.083258,0.051833,0.266821,0.279152,0.396047,0.138694,-0.018382,-0.006382,-0.048075,-0.109593,1.000000,0.263006,0.158148,0.048974,-0.114468,-0.045919,-0.029561,0.014455,-0.043184,0.036749,-0.049775,0.102913,0.090337,0.098803,-0.006657,0.041903,-0.066316,-0.008581,0.029537
0.156461,0.073215,-0.008785,0.061803,0.173865,0.310482,0.093670,0.107154,0.296750,0.210365,-0.052262,0.013852,-0.062481,-0.114538,-0.093485,0.113268,0.074648,-0.075646,0.081288,-0.119358,-0.011101,-0.021789,0.035292,0.011001,0.027900,-0.003703,-0.085035,0.049424,0.001476,0.020523,0.011542,0.002659,-0.024419,0.137093,-0.025157,-0.016873,0.049168,0.196989,0.093414,0.263561,0.046634,0.253460,0.389746,0.263386,0.051113,0.146369,0.009590,-0.050927,-0.087275,0.263006,1.000000,0.208953,0.278768,-0.047190,-0.002359,-0.012197,0.158969,0.008203,0.177938,-0.103036,0.065100,0.080838,0.300252,0.232040,0.370803,0.116727,0.076165,0.147295
0.071887,0.081855,0.065305,0.040170,-0.003017,-0.042531,-0.015652,0.262557,-0.145218,0.250560,0.385228,0.021109,0.317826,0.394075,0.228535,0.270046,0.111178,0.435430,0.054652,0.241717,0.256576,0.266019,-0.011658,0.079420,-0.014697,0.130514,0.079584,0.191743,0.039956,0.065093,0.071710,0.100107,-0.028362,0.082613,-0.008436,0.001398,-0.078072,0.008255,-0.081256,-0.120406,-0.029937,0.034700,-0.045952,0.123247,0.378526,0.036995,0.124573,0.268031,0.166000,0.158148,0.208953,1.000000,0.459520,0.254473,0.022047,0.078501,0.280666,0.100446,0.178405,0.026802,0.059537,0.036693,0.230662,0.144225,0.005527,0.118428,-0.017006,-0.020130
0.018366,-0.004329,0.043518,0.037646,-0.015253,-0.032050,-0.027811,0.001896,0.020170,0.042956,0.056986,-0.009438,-0.012125,0.037646,-0.000564,0.022833,-0.051974,0.024579,-0.001671,-0.018899,0.037127,0.085144,0.039403,-0.009291,0.028466,0.055396,-0.044358,0.048475,0.026083,0.013163,0.057082,0.074077,0.038013,0.055985,0.042998,0.025411,-0.008963,0.040057,0.037223,0.081428,0.032955,0.054545,0.156520,0.078533,0.052743,0.019498,-0.005499,-0.003152,-0.031614,0.048974,0.278768,0.459520,1.000000,0.024582,0.006152,0.039680,0.369089,0.088651,0.098542,-0.045425,-0.001051,0.025524,0.306256,0.465221,0.180105,0.180502,-0.028044,0.122097
-0.031806,0.022015,0.061691,0.045025,-0.012360,-0.164389,-0.047615,-0.045686,-0.234531,-0.062874,0.154488,0.018736,0.165015,0.293638,0.469848,0.088555,-0.053519,0.272278,-0.082470,0.431687,0.059592,0.045807,-0.021394,0.035007,0.000267,0.194932,0.115312,-0.009245,-0.036356,-0.069338,0.014007,-0.029775,0.023372,-0.011964,0.015336,0.057058,0.012746,-0.008944,0.027323,-0.188617,-0.072867,-0.110197,-0.207939,-0.115260,0.294853,-0.083641,0.165818,0.653893,0.841464,-0.114468,-0.047190,0.254473,0.024582,1.000000,0.168730,0.178470,0.075235,0.191006,0.063838,0.072937,0.013764,0.000706,0.008719,0.027767,0.009151,0.097374,0.067900,-0.024772
-0.037906,-0.055505,0.028377,-0.009474,-0.003685,0.060350,0.047084,-0.031522,-0.006549,-0.024205,-0.084505,0.012436,-0.033556,-0.047668,0.016423,-0.004596,-0.010773,0.032258,-0.048823,0.008108,0.062403,0.069374,0.036107,0.119762,0.047290,0.032376,-0.020040,0.017166,-0.025978,-0.021704,-0.049140,-0.042718,0.016166,-0.027356,-0.060201,-0.017142,0.034953,-0.033925,-0.011436,-0.037868,-0.009830,-0.012115,-0.027978,-0.072565,-0.039688,0.002979,0.001741,0.110300,0.171031,-0.045919,-0.002359,0.022047,0.006152,0.168730,1.000000,0.857897,-0.008777,0.319558,-0.048894,0.045144,0.043813,0.054549,-0.013217,0.060968,-0.012749,0.050769,-0.003413,-0.052075
-0.036052,0.008248,0.042185,0.013270,0.005272,0.051209,0.041855,-0.025600,-0.018900,-0.026973,-0.056971,0.019062,-0.008998,-0.023505,0.048974,0.016040,0.025921,0.050438,-0.057895,0.044368,0.079679,0.111456,0.028971,0.101020,0.035906,0.039044,0.005649,0.029088,-0.019467,-0.052744,-0.038339,-0.048185,0.020373,-0.006900,-0.024998,-0.000092,-0.003957,-0.029283,0.005625,-0.035977,-0.004145,-0.004804,-0.027473,-0.051349,-0.008296,0.010081,0.056931,0.120103,0.172418,-0.029561,-0.012197,0.078501,0.039680,0.178470,0.857897,1.000000,0.035129,0.482867,-0.015142,0.061039,0.029451,0.030308,0.020813,0.100307,-0.021042,0.104779,0.023487,-0.019918
0.011889,-0.020064,-0.045156,-0.017066,-0.032697,-0.030158,-0.034988,-0.024697,0.005040,-0.017969,-0.011672,-0.069202,-0.073591,-0.019782,-0.020021,0.012401,0.006800,0.095791,0.020503,-0.012685,0.056424,0.087929,0.062393,0.004605,0.062183,0.011898,0.013355,0.070070,0.043827,0.006487,0.045838,0.091678,-0.011769,0.018239,0.042655,0.105953,0.016493,0.004230,0.072807,0.056555,0.057246,0.071034,0.086086,0.055796,0.012628,-0.029316,-0.020836,0.051497,0.095460,0.014455,0.158969,0.280666,0.369089,0.075235,-0.008777,0.035129,1.000000,0.117421,0.271248,0.018615,0.068256,0.069928,0.241921,0.141477,0.083369,0.159786,0.035815,0.122540
-0.049893,-0.034190,-0.036122,0.041120,0.046888,0.001453,-0.026724,-0.028873,-0.015726,-0.038763,-0.016735,0.022318,-0.030810,0.029966,0.114066,0.011275,0.038146,0.059344,-0.046427,0.134131,0.041215,0.082753,0.016968,0.110242,0.049970,0.021861,0.073284,0.032112,0.020717,-0.029155,0.028359,-0.048086,0.020023,0.033453,0.033793,0.064790,-0.033479,0.036946,0.081106,-0.019736,0.017672,0.013212,-0.016380,-0.043548,-0.032195,-0.003356,0.000234,0.052045,0.143332,-0.043184,0.008203,0.100446,0.088651,0.191006,0.319558,0.482867,0.117421,1.000000,0.053823,0.050258,-0.005611,0.003166,0.099591,0.115171,-0.042432,0.133955,0.020223,0.077189
0.060787,0.040486,-0.099905,-0.005039,0.033238,0.069424,0.028018,-0.015365,0.070177,0.018348,0.008562,-0.073052,-0.056265,-0.000086,0.018417,0.003111,0.080834,0.105910,0.126330,-0.002402,0.086491,0.055168,0.033289,0.040027,-0.034845,-0.030306,0.010006,0.139451,0.015834,0.018082,0.028851,0.007598,-0.071249,-0.000736,0.066260,0.013699,0.005053,0.016828,-0.007702,0.070365,0.036708,0.068982,0.084773,0.040969,-0.001850,-0.024304,0.034939,-0.010970,0.055973,0.036749,0.177938,0.178405,0.098542,0.063838,-0.048894,-0.015142,0.271248,0.053823,1.000000,0.053322,0.111863,0.052471,0.323125,0.009868,0.072432,0.056283,0.020429,0.104360
-0.028708,0.007379,0.011067,-0.098990,-0.028970,-0.092151,-0.062818,0.030674,-0.148774,-0.072371,0.078875,-0.017819,0.103043,0.128284,0.161494,0.006689,-0.010101,0.131835,-0.001254,0.146317,0.112500,0.109028,0.014307,0.026200,-0.035539,0.037289,-0.023747,-0.050648,0.010782,-0.091334,-0.038322,-0.077051,0.059830,-0.086320,0.083506,0.085559,-0.000540,-0.073496,-0.083715,-0.155166,-0.071894,-0.077504,-0.197972,-0.096332,0.047261,-0.008485,0.104435,0.078153,0.070817,-0.049775,-0.103036,0.026802,-0.045425,0.072937,0.045144,0.061039,0.018615,0.050258,0.053322,1.000000,0.388410,0.176735,-0.052333,-0.033658,-0.010840,0.076140,-0.034199,-0.052094
0.123129,0.067292,-0.006716,-0.063356,0.080367,0.075529,0.053744,0.064859,0.019783,0.126354,0.007662,-0.061626,-0.023873,0.008022,0.018729,0.057328,0.041059,0.094705,0.082765,0.027184,0.141606,0.048194,-0.008389,0.051707,-0.058450,-0.005253,-0.064370,0.062319,0.002513,0.059986,-0.014067,0.048741,0.058759,0.045512,0.059646,0.036782,0.036254,0.023301,0.067666,0.079864,-0.023178,0.146998,0.084892,0.155347,0.012024,0.080368,0.064952,0.011512,-0.004059,0.102913,0.065100,0.059537,-0.001051,0.013764,0.043813,0.029451,0.068256,-0.005611,0.111863,0.388410,1.000000,0.678157,0.080869,-0.027221,0.097546,0.058887,-0.026572,0.184066
0.111335,0.021878,0.054706,-0.009347,0.079803,0.087029,0.048321,-0.016074,0.066728,0.042594,-0.049127,-0.072801,-0.096567,-0.053373,-0.003998,0.037909,0.095779,0.060357,0.126275,0.023034,0.091195,-0.003181,0.028908,0.005802,-0.012850,0.036023,-0.036144,0.054851,0.007888,0.014336,0.012606,0.046472,0.022595,0.053153,0.103982,0.025145,0.083889,0.096725,0.148737,0.190981,0.047369,0.184569,0.124387,0.116060,-0.020994,0.050414,0.013292,-0.015437,-0.003185,0.090337,0.080838,0.036693,0.025524,0.000706,0.054549,0.030308,0.069928,0.003166,0.052471,0.176735,0.678157,1.000000,0.136858,0.057117,0.126672,0.087633,0.074830,0.377042
0.082705,0.085179,0.023622,0.050600,0.055747,0.045003,0.025620,0.005294,0.109813,0.069329,-0.045060,-0.006434,-0.063903,-0.051748,0.008853,0.111201,0.053697,0.013850,0.051347,0.021373,0.044171,0.008863,0.000810,-0.018749,-0.036844,0.061981,-0.020187,0.045305,-0.066887,-0.033543,0.019996,0.054818,-0.002761,0.031252,0.036000,0.086583,0.003250,0.097467,0.089057,0.253388,0.067280,0.118883,0.314475,0.129852,-0.010805,-0.036904,-0.059465,-0.040248,0.007484,0.098803,0.300252,0.230662,0.306256,0.008719,-0.013217,0.020813,0.241921,0.099591,0.323125,-0.052333,0.080869,0.136858,1.000000,0.281550,0.153125,0.132820,0.047873,0.241217
