1.000000,0.023698,0.005923,0.057794,-0.078596,0.020558,0.034296,-0.036777,0.140197,0.031421,0.104950,-0.007917,-0.007800,0.046278,-0.039452,0.012028,0.049300,-0.019173,-0.007884,0.024266,0.043044,0.029984,0.022899,-0.072016,0.036109,0.014790,-0.040309,0.052916,-0.023454,0.031192,0.124484,0.036173,0.108130,0.059553,0.003906,0.022731,0.020970,-0.036259,0.004600,-0.003771,-0.039450,-0.026232,-0.023846,-0.062321,-0.024384,-0.075124,-0.027559,-0.036473,0.035663,0.075827,-0.059030,-0.070647,-0.048427,-0.044370,-0.127516,-0.102002,0.037732,0.008079,-0.003785,0.027969,0.056504,-0.011633,0.015769,0.094135,0.068604,-0.000684,-0.014725,-0.004412
0.023698,1.000000,-0.010215,0.027514,-0.025944,0.034693,-0.001332,-0.032244,0.028985,-0.041302,0.026658,-0.014472,0.023544,0.025055,0.008564,0.070455,0.006844,-0.035163,-0.008720,-0.011366,0.015700,0.059740,-0.035764,-0.021380,-0.017083,0.049903,-0.013825,-0.045081,-0.066895,-0.072487,-0.084718,0.053456,0.058286,-0.042026,0.071834,0.047472,-0.054437,0.058796,0.011843,0.049249,-0.008302,-0.042724,-0.008205,0.064004,0.009747,0.014199,-0.039803,0.057227,-0.039405,-0.023378,0.005487,-0.116571,-0.061885,0.009361,-0.031020,-0.036809,0.016781,0.034757,0.063988,-0.062708,0.040027,0.050716,0.030211,-0.001478,-0.025107,-0.109979,0.017469,-0.031206
0.005923,-0.010215,1.000000,-0.046867,-0.052877,-0.020180,0.010459,0.030463,0.003084,-0.071695,0.074919,0.004576,0.072380,-0.009867,0.050325,0.085271,-0.045648,0.034228,0.041757,-0.019889,0.012998,-0.021278,0.054656,-0.029949,-0.020147,-0.012560,0.010569,0.016080,-0.026311,0.062995,0.003964,-0.023856,0.045125,-0.032095,-0.028074,-0.027621,0.018620,0.033898,-0.007167,-0.004213,-0.013615,0.048051,-0.024039,-0.075857,0.045529,0.041726,0.004252,-0.012027,-0.064717,0.048973,0.037502,-0.053166,-0.015470,0.006465,-0.028551,0.021071,-0.006976,-0.070032,-0.050430,0.030333,0.005608,0.028242,-0.026938,-0.074053,-0.017022,-0.005761,0.065641,-0.099227
0.057794,0.027514,-0.046867,1.000000,0.051789,0.060104,-0.001637,0.027355,0.012470,0.028786,0.106120,-0.043406,0.018280,-0.041724,-0.010824,-0.062059,0.102631,-0.078756,0.022871,0.019003,-0.041404,0.012660,0.028305,-0.021051,0.046236,0.110672,-0.001127,-0.010247,-0.045110,-0.019735,0.044090,0.038370,-0.014391,-0.048953,-0.024854,-0.016772,0.028402,-0.003600,-0.025233,0.021214,-0.012431,-0.014597,-0.035146,-0.017320,0.004276,-0.115477,-0.035421,0.128544,0.005322,-0.028727,0.018174,-0.019546,0.021541,0.016210,-0.044885,-0.015295,-0.026232,-0.067049,0.048761,-0.043099,0.023672,-0.053172,0.056285,0.079915,-0.074886,-0.002524,-0.017692,-0.015593
-0.078596,-0.025944,-0.052877,0.051789,1.000000,0.025019,0.108754,-0.001148,-0.009556,-0.032101,-0.050906,0.031765,-0.021115,-0.092998,0.018881,0.012021,-0.054524,-0.030172,-0.043714,0.036128,0.065360,0.018840,0.040933,0.068025,-0.041197,0.054019,0.041043,-0.060288,-0.033848,-0.009717,-0.011693,0.001429,-0.026000,0.077224,-0.054013,-0.037196,-0.000320,0.039207,0.049126,0.112329,0.050852,0.014977,0.010409,0.021388,0.018228,0.058751,0.007096,-0.003986,-0.011011,-0.060028,0.020362,-0.102083,0.072049,0.098742,0.011340,-0.000880,-0.032500,0.100184,0.051285,0.052036,0.027513,-0.016293,0.009158,0.046780,-0.022476,0.029366,0.040654,-0.056613
0.020558,0.034693,-0.020180,0.060104,0.025019,1.000000,0.061484,0.114153,0.155148,-0.000346,-0.029343,0.008727,-0.051625,-0.039721,-0.027169,-0.007673,-0.043179,-0.035051,-0.102725,-0.031456,-0.055732,0.023876,0.046327,-0.045669,0.035626,0.036048,-0.050909,0.066418,0.072699,-0.050876,-0.040772,0.064269,0.082481,-0.007364,0.009678,0.021803,0.020781,0.073676,0.005221,-0.002629,0.020972,0.033132,0.026499,-0.085465,-0.021526,0.035778,-0.042470,0.033626,-0.033221,-0.011124,0.044012,-0.010938,0.011775,-0.033719,-0.067553,0.018664,-0.034811,0.014888,-0.025126,0.049771,0.039838,0.024829,-0.040608,-0.016828,0.056074,-0.010724,-0.033356,-0.036288
0.034296,-0.001332,0.010459,-0.001637,0.108754,0.061484,1.000000,0.033303,0.068806,0.021815,-0.025128,-0.025918,-0.060295,-0.036916,-0.000707,-0.057287,-0.047010,-0.015297,-0.041295,-0.017138,-0.041773,-0.054186,0.039533,-0.043727,-0.066212,-0.016915,-0.057856,-0.017458,0.035026,0.030664,0.009773,-0.004104,0.023404,0.025186,0.053200,-0.002739,-0.129013,0.057807,-0.004754,-0.026300,0.071319,0.021273,-0.034498,-0.032961,0.081189,0.003834,-0.000101,0.004800,0.053577,0.042641,-0.008081,0.001136,-0.012742,0.027622,0.016034,-0.016790,0.045126,0.083242,0.107084,0.022924,-0.062443,0.050122,0.101548,-0.052729,0.017372,0.009113,0.043867,0.077741
-0.036777,-0.032244,0.030463,0.027355,-0.001148,0.114153,0.033303,1.000000,0.004659,0.108892,0.018615,0.057390,0.169933,0.004341,0.007390,0.023361,-0.061294,-0.009509,-0.087119,-0.058208,-0.014650,0.022952,-0.025565,-0.021645,0.057218,-0.046418,-0.054224,-0.000587,0.133952,0.072054,0.049145,0.005063,-0.001983,0.003398,-0.097182,0.027250,-0.034406,-0.054691,0.011729,0.052725,-0.075685,0.310136,0.058892,0.021162,0.063611,0.059716,0.093584,0.028431,-0.005229,0.032391,-0.073788,0.014416,0.007819,0.070178,0.003559,-0.001855,-0.014822,-0.055588,-0.042205,0.112312,-0.010098,0.023236,0.016879,-0.009797,-0.073899,-0.012137,0.034106,-0.045651
0.140197,0.028985,0.003084,0.012470,-0.009556,0.155148,0.068806,0.004659,1.000000,0.032179,0.073448,-0.013828,0.043964,0.053931,-0.012527,-0.018568,-0.003097,-0.035735,-0.042662,0.035705,-0.030687,-0.027255,0.050084,-0.026869,0.038848,0.051543,-0.063821,0.097814,-0.036629,-0.007271,-0.053796,0.018500,0.063595,0.034014,-0.003217,-0.033575,-0.000326,-0.073888,0.046925,0.002307,-0.005587,-0.015956,-0.041275,-0.053759,0.027106,0.017400,-0.027390,-0.022750,0.009316,0.035390,0.011117,-0.013458,0.003238,0.024761,-0.008591,-0.053427,-0.019687,-0.027869,0.015419,0.092192,-0.022783,-0.048092,0.005294,0.037614,-0.013023,-0.068258,-0.076259,-0.027157
0.031421,-0.041302,-0.071695,0.028786,-0.032101,-0.000346,0.021815,0.108892,0.032179,1.000000,-0.083027,0.050098,0.050118,-0.013781,-0.092298,0.042049,0.044038,0.039915,0.018485,-0.015710,-0.078135,-0.006825,-0.055875,0.013351,0.012961,-0.079579,-0.116204,-0.009441,-0.082194,-0.018629,0.035602,-0.054492,0.011910,0.035257,-0.075702,-0.031591,-0.003892,-0.018357,-0.021422,0.007351,0.066817,0.021250,-0.041609,0.016625,0.000107,-0.038126,0.035318,-0.045470,-0.066980,0.056462,0.045061,0.003754,0.032078,0.044758,-0.005370,-0.029573,0.029209,0.038736,0.027101,0.050755,-0.046229,-0.019316,0.029484,0.045325,-0.085840,-0.045993,-0.038303,-0.016550
0.104950,0.026658,0.074919,0.106120,-0.050906,-0.029343,-0.025128,0.018615,0.073448,-0.083027,1.000000,-0.070764,0.039844,0.341031,-0.054728,-0.054470,-0.009966,-0.054181,0.042028,0.066724,0.042005,-0.056435,0.035696,-0.024607,0.043255,-0.047746,-0.046802,0.022747,0.018629,-0.016676,0.055496,0.028833,0.007362,-0.013780,0.114817,0.019089,0.017412,-0.039645,-0.008872,-0.006882,0.049407,-0.060418,0.050621,-0.102814,-0.013722,-0.000802,-0.051436,0.061757,0.009081,0.014313,-0.037806,-0.034587,-0.003226,-0.138864,-0.015857,0.026331,-0.020489,-0.004193,0.095060,-0.120513,0.042798,0.003302,-0.066499,0.032962,-0.099431,-0.023227,0.078551,0.017786
-0.007917,-0.014472,0.004576,-0.043406,0.031765,0.008727,-0.025918,0.057390,-0.013828,0.050098,-0.070764,1.000000,0.149102,-0.084735,0.061073,0.010283,0.016024,0.006604,-0.006352,0.045823,0.000853,0.015073,-0.061702,0.070979,-0.001801,0.028348,-0.141584,-0.019407,0.096027,0.001640,0.017647,-0.050506,0.012788,-0.023654,0.007731,0.094543,0.016547,0.067894,-0.009954,-0.003436,0.013571,0.029573,0.017547,0.024848,0.047624,0.036796,-0.009498,-0.072416,0.034139,0.002621,0.062700,-0.033413,0.013467,0.004201,0.045950,0.031795,0.067643,-0.003568,0.042276,0.047680,0.002383,0.011877,0.048494,0.046134,0.034326,0.010518,0.058870,0.071753
-0.007800,0.023544,0.072380,0.018280,-0.021115,-0.051625,-0.060295,0.169933,0.043964,0.050118,0.039844,0.149102,1.000000,0.119904,0.087322,0.018256,-0.005532,-0.103956,-0.047824,-0.043652,0.042760,0.051456,0.029485,0.016610,0.102308,-0.009905,0.003411,0.022261,-0.000042,0.061353,0.031101,-0.024900,-0.038848,0.000922,0.017825,0.052319,-0.039664,-0.022253,0.002781,0.074080,0.044092,0.053524,0.021228,-0.014509,0.062677,-0.050703,0.069911,0.117108,-0.013352,-0.052800,-0.032127,0.045108,0.011099,0.061473,0.008120,-0.039426,-0.030660,0.003477,0.053839,0.085661,0.036487,0.072005,-0.046522,0.048611,0.056005,0.065709,-0.034495,-0.010943
0.046278,0.025055,-0.009867,-0.041724,-0.092998,-0.039721,-0.036916,0.004341,0.053931,-0.013781,0.341031,-0.084735,0.119904,1.000000,0.008916,0.035412,0.019294,-0.053010,0.012355,0.145807,-0.028137,0.069837,-0.029060,0.043584,-0.000229,-0.048555,-0.005699,0.086349,0.036021,-0.075106,-0.054925,0.042048,0.139076,-0.052645,0.001002,0.075851,0.019336,-0.022590,0.031794,-0.029089,0.008177,-0.076576,-0.004744,0.044042,0.020110,-0.011267,0.041721,0.057444,0.005275,0.075830,0.022346,0.062586,0.037851,-0.040932,-0.079002,-0.028214,-0.027786,0.109178,0.065870,-0.028965,-0.042838,0.067588,-0.072671,0.001541,0.018680,-0.022167,-0.017316,0.050214
-0.039452,0.008564,0.050325,-0.010824,0.018881,-0.027169,-0.000707,0.007390,-0.012527,-0.092298,-0.054728,0.061073,0.087322,0.008916,1.000000,0.035256,-0.016813,0.008191,-0.037380,0.102037,-0.038480,0.015471,0.042882,0.048332,0.014367,0.054478,0.038675,0.018653,0.048546,0.127296,-0.025710,0.048310,-0.031689,-0.019007,-0.058944,0.062158,0.023544,-0.085364,-0.120678,0.003017,-0.073031,0.015340,0.009287,0.089433,0.041443,-0.090185,0.012207,0.044442,0.131110,0.006211,0.032761,0.014525,-0.009124,0.016466,-0.105154,-0.063223,0.066949,-0.030939,0.044679,0.038225,0.076310,0.004595,-0.019667,-0.026649,0.064712,0.094764,0.008934,-0.036309
0.012028,0.070455,0.085271,-0.062059,0.012021,-0.007673,-0.057287,0.023361,-0.018568,0.042049,-0.054470,0.010283,0.018256,0.035412,0.035256,1.000000,0.040981,0.027593,-0.025422,-0.023606,0.033797,0.002456,-0.053043,0.029717,-0.024457,0.060213,0.106545,-0.026397,-0.036657,0.019011,0.010342,-0.019117,-0.007015,-0.046700,-0.086865,0.007479,0.026765,-0.067289,0.045533,0.063229,-0.047090,0.059154,-0.027744,0.048844,-0.021100,0.050337,0.048549,-0.052973,-0.081678,0.054902,0.010763,0.051794,0.140986,-0.030641,0.070295,0.042065,-0.007951,-0.023310,-0.040530,-0.044413,-0.091368,0.062303,0.026989,-0.047120,0.022408,-0.040641,0.026100,-0.017719
0.049300,0.006844,-0.045648,0.102631,-0.054524,-0.043179,-0.047010,-0.061294,-0.003097,0.044038,-0.009966,0.016024,-0.005532,0.019294,-0.016813,0.040981,1.000000,0.016355,0.059171,0.013671,-0.099846,0.030465,0.004784,-0.058609,0.008945,-0.001876,0.011812,-0.048831,0.029237,0.005534,0.014420,0.018092,0.025344,-0.081203,0.043059,-0.027500,-0.109059,0.039035,0.028218,0.015676,-0.062521,0.006428,-0.038373,0.061164,0.010021,0.078684,0.004347,-0.012204,0.080737,-0.056411,-0.080831,-0.097268,0.066825,0.077376,0.034529,0.035816,0.028732,-0.062042,0.056639,-0.079453,0.037210,-0.028499,0.020352,0.042045,0.063925,-0.099742,-0.005036,0.063669
-0.019173,-0.035163,0.034228,-0.078756,-0.030172,-0.035051,-0.015297,-0.009509,-0.035735,0.039915,-0.054181,0.006604,-0.103956,-0.053010,0.008191,0.027593,0.016355,1.000000,0.119650,0.026346,-0.011578,0.023221,-0.042180,-0.049831,-0.001512,0.018374,-0.060944,-0.007577,-0.012822,0.038769,-0.030787,-0.006480,0.026754,-0.039851,-0.037842,-0.022077,-0.018732,-0.036244,0.067259,-0.011836,0.022944,0.076312,-0.034301,-0.025973,-0.110565,-0.008044,0.002576,-0.107586,-0.048413,-0.002005,-0.007589,-0.019586,0.008132,-0.028634,-0.044467,-0.018544,-0.058528,-0.045153,-0.037666,0.058188,-0.025767,-0.102675,-0.047978,-0.027188,-0.046556,0.053688,-0.047791,0.004462
-0.007884,-0.008720,0.041757,0.022871,-0.043714,-0.102725,-0.041295,-0.087119,-0.042662,0.018485,0.042028,-0.006352,-0.047824,0.012355,-0.037380,-0.025422,0.059171,0.119650,1.000000,-0.018932,0.023719,0.015882,0.055976,0.105044,-0.066282,-0.018310,-0.033418,0.053510,-0.087514,0.036450,-0.025573,-0.030886,-0.007052,-0.016024,-0.022723,-0.046724,-0.071420,0.003722,0.005837,0.032445,0.053659,0.013361,0.005352,0.035341,-0.073566,0.021295,-0.091154,-0.028797,-0.036738,-0.097299,-0.014102,-0.043845,0.000977,0.089441,-0.068036,-0.052880,-0.051242,-0.018348,0.032603,0.001131,0.040568,-0.012780,-0.092017,0.113053,0.031712,0.013088,0.026457,0.007280
0.024266,-0.011366,-0.019889,0.019003,0.036128,-0.031456,-0.017138,-0.058208,0.035705,-0.015710,0.066724,0.045823,-0.043652,0.145807,0.102037,-0.023606,0.013671,0.026346,-0.018932,1.000000,0.032979,0.020698,-0.005347,0.039783,0.022560,0.007563,0.088459,0.047741,0.006980,-0.051522,-0.033259,0.076214,-0.023031,-0.075354,0.034840,0.027059,0.037646,-0.031147,0.074150,0.088140,0.027562,0.030799,-0.028700,-0.017185,-0.005284,0.000936,-0.028480,0.019323,0.064048,-0.010702,-0.032927,0.012855,-0.059815,0.011007,-0.032661,-0.044352,-0.015680,0.039975,-0.060670,0.042357,0.023455,0.015379,0.015432,-0.057693,0.030956,-0.051501,-0.042193,0.019805
0.043044,0.015700,0.012998,-0.041404,0.065360,-0.055732,-0.041773,-0.014650,-0.030687,-0.078135,0.042005,0.000853,0.042760,-0.028137,-0.038480,0.033797,-0.099846,-0.011578,0.023719,0.032979,1.000000,0.222788,0.033129,0.079375,0.060175,-0.036304,0.108238,0.004914,-0.092024,0.052178,-0.019553,-0.008339,-0.012732,0.061963,0.036468,-0.014297,-0.033205,-0.050486,0.005070,-0.009444,-0.074343,0.033715,-0.007662,0.022881,-0.039301,0.005736,-0.060043,0.031598,0.035512,0.017696,0.089621,0.015983,-0.080885,-0.004058,-0.022649,0.052163,-0.006149,-0.039278,0.095853,-0.047158,-0.037936,-0.053403,-0.012550,0.014229,0.037534,0.038381,0.048800,0.021910
0.029984,0.059740,-0.021278,0.012660,0.018840,0.023876,-0.054186,0.022952,-0.027255,-0.006825,-0.056435,0.015073,0.051456,0.069837,0.015471,0.002456,0.030465,0.023221,0.015882,0.020698,0.222788,1.000000,-0.016831,0.175274,0.029977,0.027100,-0.034838,-0.025619,-0.020612,-0.066159,-0.045201,0.072306,0.059826,-0.035921,0.059063,0.040122,0.048190,-0.035665,0.001795,0.035917,-0.075204,0.024568,0.002192,0.130731,-0.048312,-0.026842,0.024245,-0.088604,0.013911,0.011099,0.066942,0.134719,0.013936,0.078240,-0.060086,0.015616,0.008108,0.013052,0.090813,-0.022809,-0.013939,-0.047025,-0.024110,0.052535,-0.002022,0.002280,-0.011048,0.065330
0.022899,-0.035764,0.054656,0.028305,0.040933,0.046327,0.039533,-0.025565,0.050084,-0.055875,0.035696,-0.061702,0.029485,-0.029060,0.042882,-0.053043,0.004784,-0.042180,0.055976,-0.005347,0.033129,-0.016831,1.000000,-0.006229,0.006097,-0.067040,0.040936,0.040664,-0.042503,0.054518,0.058092,0.101086,-0.011277,0.014510,0.016916,-0.073702,0.062914,0.022239,-0.036010,-0.002784,0.006919,0.033429,0.000581,-0.053288,0.108160,-0.034837,0.031588,0.040999,-0.033720,0.014550,0.131210,0.045759,-0.012636,-0.079297,-0.010100,-0.097541,-0.077080,-0.045778,-0.060802,0.027052,0.020448,0.053547,0.025755,-0.077394,0.001612,0.033308,0.033018,-0.050678
-0.072016,-0.021380,-0.029949,-0.021051,0.068025,-0.045669,-0.043727,-0.021645,-0.026869,0.013351,-0.024607,0.070979,0.016610,0.043584,0.048332,0.029717,-0.058609,-0.049831,0.105044,0.039783,0.079375,0.175274,-0.006229,1.000000,-0.004912,0.040790,-0.029534,-0.085821,-0.070777,-0.121108,-0.065014,-0.045599,-0.016817,-0.096700,-0.057149,0.045955,-0.032127,-0.016787,0.016591,0.050108,-0.092598,-0.008997,0.054564,0.045727,0.000513,-0.001587,-0.084068,-0.050848,-0.010347,0.015278,0.004115,0.044073,0.028139,-0.011249,0.090940,0.089663,0.049739,0.020718,-0.051738,0.012244,0.001486,0.011153,-0.055218,0.046855,-0.014653,-0.008639,0.016390,0.040644
0.036109,-0.017083,-0.020147,0.046236,-0.041197,0.035626,-0.066212,0.057218,0.038848,0.012961,0.043255,-0.001801,0.102308,-0.000229,0.014367,-0.024457,0.008945,-0.001512,-0.066282,0.022560,0.060175,0.029977,0.006097,-0.004912,1.000000,0.011521,0.050651,-0.023635,-0.015065,-0.023297,0.053036,-0.030013,0.047761,-0.015012,0.042543,-0.007182,0.011180,0.001669,0.045373,0.009925,-0.070852,0.073305,0.127798,0.035254,-0.038477,-0.040807,-0.053917,0.123447,0.037455,-0.014926,0.030002,0.002005,-0.120364,-0.002944,0.018239,-0.026962,-0.057974,-0.023909,-0.011855,0.050391,0.035719,-0.018378,0.005591,-0.011087,-0.013591,-0.010563,0.039676,-0.015338
0.014790,0.049903,-0.012560,0.110672,0.054019,0.036048,-0.016915,-0.046418,0.051543,-0.079579,-0.047746,0.028348,-0.009905,-0.048555,0.054478,0.060213,-0.001876,0.018374,-0.018310,0.007563,-0.036304,0.027100,-0.067040,0.040790,0.011521,1.000000,-0.048597,-0.083024,0.052020,0.024268,0.021356,-0.005267,-0.013852,-0.062510,0.044006,0.051297,0.125761,0.040174,0.034474,0.069453,0.030340,-0.006002,0.000662,0.035634,0.003323,0.038302,-0.014416,-0.087639,0.013254,-0.009375,-0.020902,-0.050837,0.103721,-0.027230,0.056217,-0.014027,0.007139,0.056302,-0.033336,-0.040602,-0.011774,-0.030798,-0.028215,0.001249,0.010375,0.019295,-0.047107,0.024242
-0.040309,-0.013825,0.010569,-0.001127,0.041043,-0.050909,-0.057856,-0.054224,-0.063821,-0.116204,-0.046802,-0.141584,0.003411,-0.005699,0.038675,0.106545,0.011812,-0.060944,-0.033418,0.088459,0.108238,-0.034838,0.040936,-0.029534,0.050651,-0.048597,1.000000,0.032620,-0.103691,0.059266,-0.005685,-0.033383,-0.019985,0.008590,-0.091460,-0.045616,-0.007908,-0.008812,-0.040512,-0.023351,-0.068423,-0.010991,0.128252,-0.082952,-0.050447,-0.015288,0.000234,0.006068,-0.026223,-0.067377,-0.007786,0.002367,0.012807,-0.060262,-0.020917,0.020027,-0.030705,-0.041140,-0.009586,0.009496,0.049668,0.117811,0.038458,-0.003984,0.036890,0.087213,-0.001361,-0.006399
0.052916,-0.045081,0.016080,-0.010247,-0.060288,0.066418,-0.017458,-0.000587,0.097814,-0.009441,0.022747,-0.019407,0.022261,0.086349,0.018653,-0.026397,-0.048831,-0.007577,0.053510,0.047741,0.004914,-0.025619,0.040664,-0.085821,-0.023635,-0.083024,0.032620,1.000000,0.009228,0.004966,0.051800,0.104990,0.053269,-0.001125,-0.041364,-0.011308,-0.061353,-0.045612,-0.037303,0.017509,-0.003020,-0.007217,0.094981,-0.053848,0.021458,-0.010967,-0.004981,0.067145,0.011053,0.059236,-0.037574,0.080864,0.000506,-0.027281,-0.007632,0.059195,-0.050861,0.023282,0.023000,0.085851,0.014745,0.023870,0.034075,0.029757,0.052535,-0.028812,-0.029295,0.031537
-0.023454,-0.066895,-0.026311,-0.045110,-0.033848,0.072699,0.035026,0.133952,-0.036629,-0.082194,0.018629,0.096027,-0.000042,0.036021,0.048546,-0.036657,0.029237,-0.012822,-0.087514,0.006980,-0.092024,-0.020612,-0.042503,-0.070777,-0.015065,0.052020,-0.103691,0.009228,1.000000,-0.043868,0.058497,-0.027625,0.001544,-0.051724,-0.025857,0.084082,-0.010820,-0.031716,-0.007254,-0.055061,0.045589,0.003907,-0.002982,0.080711,0.047454,0.043472,0.076184,0.088976,-0.058269,-0.077476,-0.035453,-0.030456,-0.001960,-0.023891,0.011937,-0.025964,0.056554,0.003923,-0.025561,0.124623,0.070213,-0.011575,0.069067,0.098062,-0.046981,0.078571,-0.080333,0.067324
0.031192,-0.072487,0.062995,-0.019735,-0.009717,-0.050876,0.030664,0.072054,-0.007271,-0.018629,-0.016676,0.001640,0.061353,-0.075106,0.127296,0.019011,0.005534,0.038769,0.036450,-0.051522,0.052178,-0.066159,0.054518,-0.121108,-0.023297,0.024268,0.059266,0.004966,-0.043868,1.000000,0.078691,0.001616,-0.040418,-0.001086,-0.013086,0.062520,0.023654,0.039687,0.051978,0.062313,0.051891,0.045018,0.027236,-0.049227,0.034272,0.034107,0.009299,0.011786,-0.009361,0.016887,0.034802,-0.016664,0.024669,-0.005865,0.008889,0.016922,0.070942,-0.052952,-0.031414,0.002941,0.011150,-0.071945,-0.013260,0.002680,0.059690,0.003573,0.039593,-0.073944
0.124484,-0.084718,0.003964,0.044090,-0.011693,-0.040772,0.009773,0.049145,-0.053796,0.035602,0.055496,0.017647,0.031101,-0.054925,-0.025710,0.010342,0.014420,-0.030787,-0.025573,-0.033259,-0.019553,-0.045201,0.058092,-0.065014,0.053036,0.021356,-0.005685,0.051800,0.058497,0.078691,1.000000,-0.059708,-0.045478,0.054699,-0.065765,0.012371,0.003196,0.018296,-0.049929,-0.046309,0.007643,0.066463,0.045570,-0.020150,0.015845,0.024518,0.060305,-0.015496,0.056034,-0.051124,-0.073800,0.030969,-0.067681,0.008417,0.053616,-0.071038,-0.060730,0.064408,-0.100239,0.035554,0.042801,0.058269,0.003425,0.029870,-0.006611,0.037671,0.001450,-0.042977
0.036173,0.053456,-0.023856,0.038370,0.001429,0.064269,-0.004104,0.005063,0.018500,-0.054492,0.028833,-0.050506,-0.024900,0.042048,0.048310,-0.019117,0.018092,-0.006480,-0.030886,0.076214,-0.008339,0.072306,0.101086,-0.045599,-0.030013,-0.005267,-0.033383,0.104990,-0.027625,0.001616,-0.059708,1.000000,0.013727,0.065790,0.054652,-0.027863,0.052405,0.024052,-0.002143,0.023447,0.028393,-0.007115,0.042441,-0.027411,-0.004276,-0.024593,0.079280,-0.015779,-0.042861,-0.011033,0.004007,-0.040796,-0.001776,-0.055450,-0.085950,-0.073578,0.016936,0.021050,-0.004365,-0.027086,0.066522,-0.017022,0.047703,0.029418,-0.024986,0.059082,-0.000509,-0.020028
0.108130,0.058286,0.045125,-0.014391,-0.026000,0.082481,0.023404,-0.001983,0.063595,0.011910,0.007362,0.012788,-0.038848,0.139076,-0.031689,-0.007015,0.025344,0.026754,-0.007052,-0.023031,-0.012732,0.059826,-0.011277,-0.016817,0.047761,-0.013852,-0.019985,0.053269,0.001544,-0.040418,-0.045478,0.013727,1.000000,-0.009064,0.069606,-0.102073,-0.025714,0.029708,-0.017871,-0.054487,-0.059259,-0.013447,0.058217,0.082796,0.053478,0.003362,0.040115,-0.015394,0.070275,0.085142,-0.039967,0.027102,0.020747,0.090851,0.055630,0.068201,-0.056425,0.001816,0.028997,0.034940,0.014024,0.031642,-0.027566,-0.015670,0.099687,-0.043176,0.031078,0.006036
0.059553,-0.042026,-0.032095,-0.048953,0.077224,-0.007364,0.025186,0.003398,0.034014,0.035257,-0.013780,-0.023654,0.000922,-0.052645,-0.019007,-0.046700,-0.081203,-0.039851,-0.016024,-0.075354,0.061963,-0.035921,0.014510,-0.096700,-0.015012,-0.062510,0.008590,-0.001125,-0.051724,-0.001086,0.054699,0.065790,-0.009064,1.000000,-0.062473,-0.002272,-0.063488,-0.062805,-0.018365,0.009891,0.014243,-0.015420,0.123073,-0.035266,0.012433,-0.022452,0.005761,0.013716,-0.089127,0.030939,0.047507,-0.050798,0.006669,-0.032766,-0.035184,-0.090108,0.047862,-0.031620,0.003036,-0.026469,0.000058,0.050270,0.042998,-0.061223,-0.014434,-0.008628,-0.028617,-0.006725
0.003906,0.071834,-0.028074,-0.024854,-0.054013,0.009678,0.053200,-0.097182,-0.003217,-0.075702,0.114817,0.007731,0.017825,0.001002,-0.058944,-0.086865,0.043059,-0.037842,-0.022723,0.034840,0.036468,0.059063,0.016916,-0.057149,0.042543,0.044006,-0.091460,-0.041364,-0.025857,-0.013086,-0.065765,0.054652,0.069606,-0.062473,1.000000,0.050262,0.085964,0.034211,-0.059520,0.019083,0.090416,-0.028116,-0.063776,-0.015070,-0.016425,-0.027045,0.077698,-0.052584,0.025223,0.041708,-0.011144,-0.009812,-0.039518,-0.036062,-0.017611,-0.077094,-0.074768,0.008146,0.002895,-0.032952,0.009750,-0.071810,-0.046287,0.007138,0.031599,0.027684,-0.064620,0.062854
0.022731,0.047472,-0.027621,-0.016772,-0.037196,0.021803,-0.002739,0.027250,-0.033575,-0.031591,0.019089,0.094543,0.052319,0.075851,0.062158,0.007479,-0.027500,-0.022077,-0.046724,0.027059,-0.014297,0.040122,-0.073702,0.045955,-0.007182,0.051297,-0.045616,-0.011308,0.084082,0.062520,0.012371,-0.027863,-0.102073,-0.002272,0.050262,1.000000,0.014490,-0.016096,0.025134,-0.028921,0.012640,-0.108616,-0.065955,0.039645,-0.009194,-0.065280,-0.070883,-0.001236,-0.004165,0.047941,0.099239,0.054706,0.008878,-0.067252,-0.053601,-0.026350,0.027619,0.050857,0.028332,0.064203,0.032779,-0.025128,-0.018706,0.082981,-0.017895,0.016749,-0.123905,-0.069521
0.020970,-0.054437,0.018620,0.028402,-0.000320,0.020781,-0.129013,-0.034406,-0.000326,-0.003892,0.017412,0.016547,-0.039664,0.019336,0.023544,0.026765,-0.109059,-0.018732,-0.071420,0.037646,-0.033205,0.048190,0.062914,-0.032127,0.011180,0.125761,-0.007908,-0.061353,-0.010820,0.023654,0.003196,0.052405,-0.025714,-0.063488,0.085964,0.014490,1.000000,0.159189,0.040020,0.005887,-0.010614,-0.026863,0.040728,0.017004,0.050378,0.021056,0.051875,-0.060337,-0.031648,0.037250,0.067086,0.000769,0.014400,-0.060049,0.051581,-0.050684,-0.014865,0.052228,-0.043354,-0.013543,0.025385,-0.040469,-0.070406,0.020238,0.007369,0.076408,0.016167,-0.005924
-0.036259,0.058796,0.033898,-0.003600,0.039207,0.073676,0.057807,-0.054691,-0.073888,-0.018357,-0.039645,0.067894,-0.022253,-0.022590,-0.085364,-0.067289,0.039035,-0.036244,0.003722,-0.031147,-0.050486,-0.035665,0.022239,-0.016787,0.001669,0.040174,-0.008812,-0.045612,-0.031716,0.039687,0.018296,0.024052,0.029708,-0.062805,0.034211,-0.016096,0.159189,1.000000,-0.004928,0.011033,-0.017385,0.016850,0.024674,-0.063684,0.017292,0.075669,0.014432,-0.010141,-0.004742,-0.055550,0.018502,0.001033,0.039625,0.033265,0.039058,0.008138,-0.013867,-0.005848,0.070218,0.039485,0.065074,0.046708,0.046630,0.043854,0.009194,0.032321,0.091709,-0.013010
0.004600,0.011843,-0.007167,-0.025233,0.049126,0.005221,-0.004754,0.011729,0.046925,-0.021422,-0.008872,-0.009954,0.002781,0.031794,-0.120678,0.045533,0.028218,0.067259,0.005837,0.074150,0.005070,0.001795,-0.036010,0.016591,0.045373,0.034474,-0.040512,-0.037303,-0.007254,0.051978,-0.049929,-0.002143,-0.017871,-0.018365,-0.059520,0.025134,0.040020,-0.004928,1.000000,0.086896,0.002137,-0.051053,0.017680,0.040891,-0.033374,0.095253,-0.008659,-0.030157,0.063664,0.023634,0.049377,-0.036524,-0.047019,0.051601,0.002903,0.054209,0.037582,-0.066591,-0.011536,-0.000665,0.000916,-0.108397,0.085355,0.055672,-0.009416,-0.044389,-0.001381,0.006881
-0.003771,0.049249,-0.004213,0.021214,0.112329,-0.002629,-0.026300,0.052725,0.002307,0.007351,-0.006882,-0.003436,0.074080,-0.029089,0.003017,0.063229,0.015676,-0.011836,0.032445,0.088140,-0.009444,0.035917,-0.002784,0.050108,0.009925,0.069453,-0.023351,0.017509,-0.055061,0.062313,-0.046309,0.023447,-0.054487,0.009891,0.019083,-0.028921,0.005887,0.011033,0.086896,1.000000,0.025971,0.141571,0.139400,0.004105,-0.000736,0.044387,-0.009274,0.012968,-0.031448,-0.018809,-0.089995,0.062362,0.057842,0.043392,0.049817,0.028062,-0.018385,0.055174,0.021022,-0.053467,-0.021271,0.056175,0.076998,0.036949,0.043262,-0.112486,0.052672,-0.054561
-0.039450,-0.008302,-0.013615,-0.012431,0.050852,0.020972,0.071319,-0.075685,-0.005587,0.066817,0.049407,0.013571,0.044092,0.008177,-0.073031,-0.047090,-0.062521,0.022944,0.053659,0.027562,-0.074343,-0.075204,0.006919,-0.092598,-0.070852,0.030340,-0.068423,-0.003020,0.045589,0.051891,0.007643,0.028393,-0.059259,0.014243,0.090416,0.012640,-0.010614,-0.017385,0.002137,0.025971,1.000000,-0.014038,-0.022706,0.055195,-0.010012,-0.005004,0.067437,-0.071356,-0.032679,-0.008910,-0.005722,0.019271,-0.004227,-0.024917,0.041851,-0.026784,-0.055952,0.053881,0.039884,-0.006030,0.079746,0.030155,0.031476,-0.016539,-0.028408,-0.010976,-0.016087,-0.037548
-0.026232,-0.042724,0.048051,-0.014597,0.014977,0.033132,0.021273,0.310136,-0.015956,0.021250,-0.060418,0.029573,0.053524,-0.076576,0.015340,0.059154,0.006428,0.076312,0.013361,0.030799,0.033715,0.024568,0.033429,-0.008997,0.073305,-0.006002,-0.010991,-0.007217,0.003907,0.045018,0.066463,-0.007115,-0.013447,-0.015420,-0.028116,-0.108616,-0.026863,0.016850,-0.051053,0.141571,-0.014038,1.000000,0.125363,0.034537,0.001864,0.085069,0.066095,0.065730,0.028291,0.051909,-0.116497,0.022818,-0.006232,0.034132,0.050293,0.006349,-0.016101,0.056088,-0.091583,0.079790,-0.022363,0.012258,0.094345,0.050887,-0.029311,0.073622,-0.021216,0.051842
-0.023846,-0.008205,-0.024039,-0.035146,0.010409,0.026499,-0.034498,0.058892,-0.041275,-0.041609,0.050621,0.017547,0.021228,-0.004744,0.009287,-0.027744,-0.038373,-0.034301,0.005352,-0.028700,-0.007662,0.002192,0.000581,0.054564,0.127798,0.000662,0.128252,0.094981,-0.002982,0.027236,0.045570,0.042441,0.058217,0.123073,-0.063776,-0.065955,0.040728,0.024674,0.017680,0.139400,-0.022706,0.125363,1.000000,0.014686,-0.014036,0.097207,-0.015747,0.021444,-0.049719,0.005889,-0.041518,0.112351,0.039991,-0.039994,0.011529,0.022118,-0.041328,0.027552,-0.019677,-0.048265,0.034168,-0.000887,0.018076,0.038856,0.032213,-0.025927,-0.021005,0.032080
-0.062321,0.064004,-0.075857,-0.017320,0.021388,-0.085465,-0.032961,0.021162,-0.053759,0.016625,-0.102814,0.024848,-0.014509,0.044042,0.089433,0.048844,0.061164,-0.025973,0.035341,-0.017185,0.022881,0.130731,-0.053288,0.045727,0.035254,0.035634,-0.082952,-0.053848,0.080711,-0.049227,-0.020150,-0.027411,0.082796,-0.035266,-0.015070,0.039645,0.017004,-0.063684,0.040891,0.004105,0.055195,0.034537,0.014686,1.000000,-0.015933,0.000150,0.033592,0.034440,0.025265,0.020766,-0.010807,-0.012945,-0.009960,0.079838,-0.065584,-0.014583,-0.008507,-0.055171,0.005478,-0.063351,0.004091,-0.014981,-0.002137,-0.046003,0.006814,-0.007929,0.006853,-0.003705
-0.024384,0.009747,0.045529,0.004276,0.018228,-0.021526,0.081189,0.063611,0.027106,0.000107,-0.013722,0.047624,0.062677,0.020110,0.041443,-0.021100,0.010021,-0.110565,-0.073566,-0.005284,-0.039301,-0.048312,0.108160,0.000513,-0.038477,0.003323,-0.050447,0.021458,0.047454,0.034272,0.015845,-0.004276,0.053478,0.012433,-0.016425,-0.009194,0.050378,0.017292,-0.033374,-0.000736,-0.010012,0.001864,-0.014036,-0.015933,1.000000,0.070942,0.074533,0.252999,0.024871,0.106057,0.053060,0.046670,-0.015023,-0.022965,0.009131,0.034295,0.074938,0.007031,0.050251,0.021735,0.067211,-0.012188,0.051738,0.020309,0.048664,-0.012246,0.048702,0.001230
-0.075124,0.014199,0.041726,-0.115477,0.058751,0.035778,0.003834,0.059716,0.017400,-0.038126,-0.000802,0.036796,-0.050703,-0.011267,-0.090185,0.050337,0.078684,-0.008044,0.021295,0.000936,0.005736,-0.026842,-0.034837,-0.001587,-0.040807,0.038302,-0.015288,-0.010967,0.043472,0.034107,0.024518,-0.024593,0.003362,-0.022452,-0.027045,-0.065280,0.021056,0.075669,0.095253,0.044387,-0.005004,0.085069,0.097207,0.000150,0.070942,1.000000,0.236333,0.037377,0.018469,-0.009838,-0.020370,0.058260,0.058808,0.000079,0.042842,0.029489,-0.001755,-0.039916,0.099078,-0.034048,0.079859,0.089094,0.068682,-0.033175,0.014506,-0.011257,-0.033831,0.102634
-0.027559,-0.039803,0.004252,-0.035421,0.007096,-0.042470,-0.000101,0.093584,-0.027390,0.035318,-0.051436,-0.009498,0.069911,0.041721,0.012207,0.048549,0.004347,0.002576,-0.091154,-0.028480,-0.060043,0.024245,0.031588,-0.084068,-0.053917,-0.014416,0.000234,-0.004981,0.076184,0.009299,0.060305,0.079280,0.040115,0.005761,0.077698,-0.070883,0.051875,0.014432,-0.008659,-0.009274,0.067437,0.066095,-0.015747,0.033592,0.074533,0.236333,1.000000,0.053808,0.089118,0.019220,-0.002228,0.091456,0.031664,0.034299,-0.013263,0.076043,0.026567,-0.066919,-0.024079,0.052482,0.019942,0.013756,0.087594,-0.064310,0.043015,0.058297,-0.035187,0.052657
-0.036473,0.057227,-0.012027,0.128544,-0.003986,0.033626,0.004800,0.028431,-0.022750,-0.045470,0.061757,-0.072416,0.117108,0.057444,0.044442,-0.052973,-0.012204,-0.107586,-0.028797,0.019323,0.031598,-0.088604,0.040999,-0.050848,0.123447,-0.087639,0.006068,0.067145,0.088976,0.011786,-0.015496,-0.015779,-0.015394,0.013716,-0.052584,-0.001236,-0.060337,-0.010141,-0.030157,0.012968,-0.071356,0.065730,0.021444,0.034440,0.252999,0.037377,0.053808,1.000000,0.082001,-0.021109,0.045196,0.125484,0.005144,0.052594,-0.009450,0.156431,0.059396,-0.026794,0.053686,0.048586,0.095273,0.003066,0.015626,0.024070,-0.057896,0.033842,0.039150,0.014740
0.035663,-0.039405,-0.064717,0.005322,-0.011011,-0.033221,0.053577,-0.005229,0.009316,-0.066980,0.009081,0.034139,-0.013352,0.005275,0.131110,-0.081678,0.080737,-0.048413,-0.036738,0.064048,0.035512,0.013911,-0.033720,-0.010347,0.037455,0.013254,-0.026223,0.011053,-0.058269,-0.009361,0.056034,-0.042861,0.070275,-0.089127,0.025223,-0.004165,-0.031648,-0.004742,0.063664,-0.031448,-0.032679,0.028291,-0.049719,0.025265,0.024871,0.018469,0.089118,0.082001,1.000000,-0.006998,-0.012860,0.055879,-0.065985,0.168712,-0.018889,0.067148,-0.030455,-0.023558,0.011135,0.033444,0.027066,0.024623,-0.046995,-0.034461,0.005077,-0.062897,-0.045276,0.027701
0.075827,-0.023378,0.048973,-0.028727,-0.060028,-0.011124,0.042641,0.032391,0.035390,0.056462,0.014313,0.002621,-0.052800,0.075830,0.006211,0.054902,-0.056411,-0.002005,-0.097299,-0.010702,0.017696,0.011099,0.014550,0.015278,-0.014926,-0.009375,-0.067377,0.059236,-0.077476,0.016887,-0.051124,-0.011033,0.085142,0.030939,0.041708,0.047941,0.037250,-0.055550,0.023634,-0.018809,-0.008910,0.051909,0.005889,0.020766,0.106057,-0.009838,0.019220,-0.021109,-0.006998,1.000000,0.005649,0.047549,-0.030092,-0.010930,-0.006760,-0.003214,0.008512,0.053243,0.005598,-0.059855,-0.018100,-0.001607,0.059948,0.002450,-0.004486,-0.057770,0.020301,0.072501
-0.059030,0.005487,0.037502,0.018174,0.020362,0.044012,-0.008081,-0.073788,0.011117,0.045061,-0.037806,0.062700,-0.032127,0.022346,0.032761,0.010763,-0.080831,-0.007589,-0.014102,-0.032927,0.089621,0.066942,0.131210,0.004115,0.030002,-0.020902,-0.007786,-0.037574,-0.035453,0.034802,-0.073800,0.004007,-0.039967,0.047507,-0.011144,0.099239,0.067086,0.018502,0.049377,-0.089995,-0.005722,-0.116497,-0.041518,-0.010807,0.053060,-0.020370,-0.002228,0.045196,-0.012860,0.005649,1.000000,-0.023598,0.004336,-0.088199,-0.020053,0.077160,0.033336,0.085326,0.022852,0.002307,0.037820,0.000749,0.032953,0.028995,-0.052623,0.007592,0.018231,-0.018368
-0.070647,-0.116571,-0.053166,-0.019546,-0.102083,-0.010938,0.001136,0.014416,-0.013458,0.003754,-0.034587,-0.033413,0.045108,0.062586,0.014525,0.051794,-0.097268,-0.019586,-0.043845,0.012855,0.015983,0.134719,0.045759,0.044073,0.002005,-0.050837,0.002367,0.080864,-0.030456,-0.016664,0.030969,-0.040796,0.027102,-0.050798,-0.009812,0.054706,0.000769,0.001033,-0.036524,0.062362,0.019271,0.022818,0.112351,-0.012945,0.046670,0.058260,0.091456,0.125484,0.055879,0.047549,-0.023598,1.000000,0.117588,-0.023633,-0.033055,0.068582,-0.097236,0.052960,0.049389,0.046402,-0.040813,0.095642,-0.026656,0.019942,0.011745,-0.040600,-0.063875,0.055684
-0.048427,-0.061885,-0.015470,0.021541,0.072049,0.011775,-0.012742,0.007819,0.003238,0.032078,-0.003226,0.013467,0.011099,0.037851,-0.009124,0.140986,0.066825,0.008132,0.000977,-0.059815,-0.080885,0.013936,-0.012636,0.028139,-0.120364,0.103721,0.012807,0.000506,-0.001960,0.024669,-0.067681,-0.001776,0.020747,0.006669,-0.039518,0.008878,0.014400,0.039625,-0.047019,0.057842,-0.004227,-0.006232,0.039991,-0.009960,-0.015023,0.058808,0.031664,0.005144,-0.065985,-0.030092,0.004336,0.117588,1.000000,-0.041747,-0.004710,-0.025241,0.093215,0.032025,0.000541,-0.022668,-0.053488,0.038065,-0.032983,0.001387,0.005375,0.022229,-0.101966,0.042588
-0.044370,0.009361,0.006465,0.016210,0.098742,-0.033719,0.027622,0.070178,0.024761,0.044758,-0.138864,0.004201,0.061473,-0.040932,0.016466,-0.030641,0.077376,-0.028634,0.089441,0.011007,-0.004058,0.078240,-0.079297,-0.011249,-0.002944,-0.027230,-0.060262,-0.027281,-0.023891,-0.005865,0.008417,-0.055450,0.090851,-0.032766,-0.036062,-0.067252,-0.060049,0.033265,0.051601,0.043392,-0.024917,0.034132,-0.039994,0.079838,-0.022965,0.000079,0.034299,0.052594,0.168712,-0.010930,-0.088199,-0.023633,-0.041747,1.000000,0.014561,0.031380,-0.114974,-0.045289,0.071325,0.023100,0.023388,0.032403,0.015350,-0.074404,0.004290,-0.062483,-0.026538,0.003907
-0.127516,-0.031020,-0.028551,-0.044885,0.011340,-0.067553,0.016034,0.003559,-0.008591,-0.005370,-0.015857,0.045950,0.008120,-0.079002,-0.105154,0.070295,0.034529,-0.044467,-0.068036,-0.032661,-0.022649,-0.060086,-0.010100,0.090940,0.018239,0.056217,-0.020917,-0.007632,0.011937,0.008889,0.053616,-0.085950,0.055630,-0.035184,-0.017611,-0.053601,0.051581,0.039058,0.002903,0.049817,0.041851,0.050293,0.011529,-0.065584,0.009131,0.042842,-0.013263,-0.009450,-0.018889,-0.006760,-0.020053,-0.033055,-0.004710,0.014561,1.000000,0.233939,0.048859,0.023302,-0.020475,-0.042583,-0.009257,0.015745,0.066141,0.001798,0.034880,-0.020423,0.100706,0.058442
-0.102002,-0.036809,0.021071,-0.015295,-0.000880,0.018664,-0.016790,-0.001855,-0.053427,-0.029573,0.026331,0.031795,-0.039426,-0.028214,-0.063223,0.042065,0.035816,-0.018544,-0.052880,-0.044352,0.052163,0.015616,-0.097541,0.089663,-0.026962,-0.014027,0.020027,0.059195,-0.025964,0.016922,-0.071038,-0.073578,0.068201,-0.090108,-0.077094,-0.026350,-0.050684,0.008138,0.054209,0.028062,-0.026784,0.006349,0.022118,-0.014583,0.034295,0.029489,0.076043,0.156431,0.067148,-0.003214,0.077160,0.068582,-0.025241,0.031380,0.233939,1.000000,0.005115,-0.013374,-0.024103,0.000368,0.011035,0.019397,-0.013603,0.041130,0.045174,0.127410,0.033119,0.163877
0.037732,0.016781,-0.006976,-0.026232,-0.032500,-0.034811,0.045126,-0.014822,-0.019687,0.029209,-0.020489,0.067643,-0.030660,-0.027786,0.066949,-0.007951,0.028732,-0.058528,-0.051242,-0.015680,-0.006149,0.008108,-0.077080,0.049739,-0.057974,0.007139,-0.030705,-0.050861,0.056554,0.070942,-0.060730,0.016936,-0.056425,0.047862,-0.074768,0.027619,-0.014865,-0.013867,0.037582,-0.018385,-0.055952,-0.016101,-0.041328,-0.008507,0.074938,-0.001755,0.026567,0.059396,-0.030455,0.008512,0.033336,-0.097236,0.093215,-0.114974,0.048859,0.005115,1.000000,-0.018849,-0.025963,-0.079509,-0.047154,0.059065,0.003305,0.035947,0.032648,0.052474,0.030941,0.085253
0.008079,0.034757,-0.070032,-0.067049,0.100184,0.014888,0.083242,-0.055588,-0.027869,0.038736,-0.004193,-0.003568,0.003477,0.109178,-0.030939,-0.023310,-0.062042,-0.045153,-0.018348,0.039975,-0.039278,0.013052,-0.045778,0.020718,-0.023909,0.056302,-0.041140,0.023282,0.003923,-0.052952,0.064408,0.021050,0.001816,-0.031620,0.008146,0.050857,0.052228,-0.005848,-0.066591,0.055174,0.053881,0.056088,0.027552,-0.055171,0.007031,-0.039916,-0.066919,-0.026794,-0.023558,0.053243,0.085326,0.052960,0.032025,-0.045289,0.023302,-0.013374,-0.018849,1.000000,0.042749,-0.006212,-0.013802,-0.028015,-0.009572,-0.015814,0.000613,-0.040217,0.009641,0.038843
-0.003785,0.063988,-0.050430,0.048761,0.051285,-0.025126,0.107084,-0.042205,0.015419,0.027101,0.095060,0.042276,0.053839,0.065870,0.044679,-0.040530,0.056639,-0.037666,0.032603,-0.060670,0.095853,0.090813,-0.060802,-0.051738,-0.011855,-0.033336,-0.009586,0.023000,-0.025561,-0.031414,-0.100239,-0.004365,0.028997,0.003036,0.002895,0.028332,-0.043354,0.070218,-0.011536,0.021022,0.039884,-0.091583,-0.019677,0.005478,0.050251,0.099078,-0.024079,0.053686,0.011135,0.005598,0.022852,0.049389,0.000541,0.071325,-0.020475,-0.024103,-0.025963,0.042749,1.000000,-0.034615,0.053560,0.007518,-0.024126,0.007293,0.026347,0.023237,-0.065963,0.104953
0.027969,-0.062708,0.030333,-0.043099,0.052036,0.049771,0.022924,0.112312,0.092192,0.050755,-0.120513,0.047680,0.085661,-0.028965,0.038225,-0.044413,-0.079453,0.058188,0.001131,0.042357,-0.047158,-0.022809,0.027052,0.012244,0.050391,-0.040602,0.009496,0.085851,0.124623,0.002941,0.035554,-0.027086,0.034940,-0.026469,-0.032952,0.064203,-0.013543,0.039485,-0.000665,-0.053467,-0.006030,0.079790,-0.048265,-0.063351,0.021735,-0.034048,0.052482,0.048586,0.033444,-0.059855,0.002307,0.046402,-0.022668,0.023100,-0.042583,0.000368,-0.079509,-0.006212,-0.034615,1.000000,0.102979,0.029101,0.034248,0.014840,-0.021768,0.037160,-0.060402,-0.036931
0.056504,0.040027,0.005608,0.023672,0.027513,0.039838,-0.062443,-0.010098,-0.022783,-0.046229,0.042798,0.002383,0.036487,-0.042838,0.076310,-0.091368,0.037210,-0.025767,0.040568,0.023455,-0.037936,-0.013939,0.020448,0.001486,0.035719,-0.011774,0.049668,0.014745,0.070213,0.011150,0.042801,0.066522,0.014024,0.000058,0.009750,0.032779,0.025385,0.065074,0.000916,-0.021271,0.079746,-0.022363,0.034168,0.004091,0.067211,0.079859,0.019942,0.095273,0.027066,-0.018100,0.037820,-0.040813,-0.053488,0.023388,-0.009257,0.011035,-0.047154,-0.013802,0.053560,0.102979,1.000000,0.122297,0.031367,0.080946,0.057128,0.024745,0.063942,-0.060027
-0.011633,0.050716,0.028242,-0.053172,-0.016293,0.024829,0.050122,0.023236,-0.048092,-0.019316,0.003302,0.011877,0.072005,0.067588,0.004595,0.062303,-0.028499,-0.102675,-0.012780,0.015379,-0.053403,-0.047025,0.053547,0.011153,-0.018378,-0.030798,0.117811,0.023870,-0.011575,-0.071945,0.058269,-0.017022,0.031642,0.050270,-0.071810,-0.025128,-0.040469,0.046708,-0.108397,0.056175,0.030155,0.012258,-0.000887,-0.014981,-0.012188,0.089094,0.013756,0.003066,0.024623,-0.001607,0.000749,0.095642,0.038065,0.032403,0.015745,0.019397,0.059065,-0.028015,0.007518,0.029101,0.122297,1.000000,0.034179,-0.067234,0.009743,-0.062153,-0.004825,0.011011
