1.000000,-0.002527,-0.062191,0.102671,0.091695,0.048180,-0.003788,0.060493,0.024269,0.038801,0.000154,0.079947,0.063819,-0.011762,0.019907,-0.014152,0.121927,-0.083381,0.060501,-0.096087,0.009655,-0.055819,-0.111685,-0.010522,-0.046218,-0.012562,-0.047977,-0.007227,0.008175,0.027589,0.034026,0.043432,0.044054,0.428627,0.034683,0.039715,0.011206,0.032482,-0.092004,-0.028790,0.045778,0.053212,0.095252,0.035100,-0.000202,0.006541,0.040337,0.002251,0.009847,-0.055730,-0.002966,0.022799,0.025381,-0.011013,-0.042581,-0.049077,0.074754,-0.031604,0.013101,0.039166,-0.013684,-0.031285,-0.006434,-0.014981,0.088908,-0.002749,-0.013294,-0.070895
-0.002527,1.000000,0.010771,0.026733,0.181120,0.074505,0.082055,0.005491,0.088508,-0.001952,-0.032410,-0.006971,0.022237,-0.004244,0.065898,0.117226,-0.059194,-0.018872,0.025886,0.002300,-0.008056,-0.043035,-0.003437,-0.038681,0.007149,-0.061642,-0.003284,0.133612,-0.053696,0.044593,0.025720,-0.021772,0.020016,0.020294,0.005244,0.032135,-0.138646,0.112969,0.005864,-0.023797,0.116010,0.003310,0.006929,0.032057,0.018296,0.010540,0.044929,0.013885,0.033965,0.032329,0.056693,0.107502,-0.005034,0.070637,-0.061795,-0.109727,-0.053186,0.035766,0.060998,0.050146,-0.049236,-0.008597,-0.046299,-0.087018,0.035785,0.059305,0.045663,0.034468
-0.062191,0.010771,1.000000,-0.065365,0.003485,-0.031609,0.063404,-0.064044,0.019862,-0.032147,-0.016411,-0.053831,-0.093816,-0.021901,-0.002651,-0.049889,-0.118118,-0.070951,-0.072508,-0.002986,-0.074048,-0.053403,-0.090686,-0.034366,-0.063847,-0.054169,-0.012675,0.069558,-0.074393,-0.009379,-0.032760,0.017489,0.072406,-0.104294,-0.034066,-0.027827,0.050132,0.032114,-0.040672,-0.009226,0.021416,-0.037537,0.006533,-0.022700,-0.025769,0.024930,-0.090835,-0.092992,-0.032636,-0.054456,0.045324,-0.014851,-0.045037,-0.027837,0.037414,0.048488,-0.101397,0.075583,0.037060,-0.009690,-0.030482,0.008614,0.065204,-0.073742,-0.055872,-0.038854,-0.028316,-0.062021
0.102671,0.026733,-0.065365,1.000000,-0.040922,0.152810,-0.024841,0.177016,0.048842,0.106608,0.129809,0.285931,0.228153,0.157312,0.064334,-0.000521,0.075027,0.059452,0.084142,0.070369,0.057528,0.056630,-0.053174,0.050837,-0.052302,0.020760,-0.019006,-0.012717,0.079722,0.016372,0.016138,0.009913,-0.066012,0.218144,0.128603,0.109280,0.019510,0.539072,0.024970,0.044528,0.063975,0.133637,0.009199,0.047458,0.109743,0.079903,0.124424,0.097598,0.065273,-0.016071,0.045784,0.051628,0.075421,0.050776,0.083303,0.059311,-0.029050,0.000685,-0.025897,-0.043681,-0.022891,0.026184,-0.001126,0.059638,-0.070593,0.063228,0.025042,0.123931
0.091695,0.181120,0.003485,-0.040922,1.000000,0.075237,0.020419,0.028381,-0.002369,0.086845,0.007158,0.042604,0.059441,0.046716,0.146935,0.029062,0.000792,0.055070,0.071937,0.043509,-0.036661,0.013408,0.005408,0.052618,0.047193,0.028214,0.015084,-0.016692,0.016057,-0.058091,-0.023730,-0.036035,0.077278,0.191740,0.039617,0.025113,-0.002644,0.104754,0.045300,0.037073,0.040792,0.049301,0.047344,0.076406,0.045916,0.164000,0.105171,0.042018,0.080144,-0.012344,0.001012,0.101568,-0.005260,0.109959,0.004086,-0.050617,-0.035395,-0.004808,0.052723,-0.002877,0.031284,-0.044000,-0.067262,-0.022846,0.004703,-0.086442,-0.054506,-0.068137
0.048180,0.074505,-0.031609,0.152810,0.075237,1.000000,0.123003,0.637167,0.385573,0.420806,0.309527,0.254469,0.539075,0.457012,0.250886,0.038775,0.127554,0.062413,0.127187,0.253881,0.030178,0.088025,0.067342,0.076620,0.026367,0.005624,0.062681,0.082085,0.015261,-0.031297,-0.038818,-0.013776,0.064421,0.219138,-0.008594,-0.006657,-0.089073,0.162570,0.048490,-0.003110,0.082981,0.453277,0.116298,0.245776,0.215570,0.106651,0.300076,0.333186,0.125022,0.000464,-0.059073,0.092912,0.039979,0.182664,0.025589,0.004413,-0.008137,0.018747,0.050425,-0.031844,-0.017757,0.009698,-0.021170,-0.016235,-0.068960,0.048383,-0.029428,0.055736
-0.003788,0.082055,0.063404,-0.024841,0.020419,0.123003,1.000000,0.196154,0.229791,0.085887,0.036874,0.072899,0.131796,0.129754,0.100942,-0.064713,-0.110068,0.058913,0.042450,0.073765,0.001880,0.054203,0.054319,-0.025086,-0.056748,-0.012376,-0.029160,-0.003152,0.018577,0.034339,0.076098,-0.017355,0.012142,0.003585,-0.021096,-0.013999,-0.004561,0.025616,0.083494,0.061538,0.037965,0.235826,0.043361,0.141088,0.036846,0.091641,0.079252,0.038998,-0.019118,0.017530,0.007325,-0.007409,0.068020,0.047380,-0.015157,0.033628,-0.046379,-0.038803,0.052158,-0.035883,-0.029288,-0.045094,-0.011356,0.028225,-0.055332,-0.100890,-0.039019,-0.033117
0.060493,0.005491,-0.064044,0.177016,0.028381,0.637167,0.196154,1.000000,0.379767,0.541213,0.373660,0.386325,0.834815,0.639626,0.313853,0.061934,0.120268,0.107162,0.136703,0.293997,-0.042123,0.023504,0.063663,0.060375,0.033807,0.053916,0.009364,0.062094,0.035510,-0.023545,0.050083,-0.028332,-0.051565,0.209361,0.022407,-0.009146,-0.061761,0.240982,0.042701,0.067761,0.148237,0.811587,0.176941,0.389386,0.264671,0.151096,0.553213,0.435108,0.213467,-0.039814,-0.043291,0.085591,0.061513,0.237451,0.033007,0.029016,-0.076337,-0.016465,0.016614,0.018379,0.013064,0.037369,-0.022678,0.060524,-0.049634,0.012358,-0.018547,0.047753
0.024269,0.088508,0.019862,0.048842,-0.002369,0.385573,0.229791,0.379767,1.000000,0.401684,0.208716,0.092111,0.246678,0.288807,0.197038,0.054833,0.059107,0.124250,0.023116,0.195589,0.052725,0.113070,0.024920,0.075818,0.055374,-0.059367,0.036989,0.054152,0.013637,-0.090182,0.024368,-0.028076,-0.005070,0.090531,-0.015349,-0.047253,0.008489,0.119857,0.002888,0.059942,0.066259,0.372810,0.126771,0.289217,0.136566,0.077006,0.261900,0.211848,0.098695,-0.012239,-0.039432,0.064432,0.032249,0.159544,0.018524,-0.014488,-0.043222,0.001815,-0.028114,-0.030307,-0.032029,-0.031979,0.043315,-0.019618,0.025289,-0.025409,0.044953,-0.004279
0.038801,-0.001952,-0.032147,0.106608,0.086845,0.420806,0.085887,0.541213,0.401684,1.000000,0.301411,0.214779,0.460361,0.447008,0.234988,0.147621,0.108396,0.137745,0.139105,0.221705,0.041040,0.034528,0.060530,0.091951,0.070118,0.004455,-0.055292,0.081390,0.045250,0.011807,-0.002423,-0.033871,0.056193,0.194230,0.053164,0.051210,-0.042975,0.196284,0.036046,0.046264,0.069084,0.455812,0.195202,0.515876,0.248167,0.115605,0.328199,0.337044,0.205145,-0.037044,-0.023273,0.146915,0.015598,0.197375,0.090297,0.018730,-0.003051,0.019614,0.000941,0.015030,0.014977,0.059508,-0.066179,0.074165,-0.023279,-0.059188,0.068011,-0.005173
0.000154,-0.032410,-0.016411,0.129809,0.007158,0.309527,0.036874,0.373660,0.208716,0.301411,1.000000,0.157870,0.370942,0.721103,0.334386,0.012243,0.120928,0.122410,0.129382,0.294991,-0.000815,0.079551,0.049347,0.067415,0.068778,0.009586,-0.080301,0.065730,0.039877,-0.071723,0.044999,-0.066287,-0.099099,0.120721,0.065049,0.051285,-0.096473,0.093748,-0.018324,0.069244,-0.022242,0.307497,0.114844,0.269744,0.415863,0.094476,0.244859,0.471746,0.290118,-0.053428,-0.050004,0.122264,0.006649,0.360725,0.020450,-0.008368,-0.007129,0.032660,-0.039410,-0.055998,-0.016451,0.048046,0.033183,0.115315,0.028594,0.079371,0.030645,0.068845
0.079947,-0.006971,-0.053831,0.285931,0.042604,0.254469,0.072899,0.386325,0.092111,0.214779,0.157870,1.000000,0.501445,0.291754,0.209552,0.038692,0.096474,0.066047,-0.023647,0.162631,0.057127,0.030306,0.016268,0.051901,0.027426,0.030371,-0.036913,0.045920,0.080397,0.059807,0.000004,0.026122,-0.101474,0.190466,-0.050710,-0.035503,0.018574,0.215541,0.025102,0.017371,0.089892,0.325637,0.098053,0.157324,0.084944,0.059524,0.344407,0.186663,0.126059,-0.039407,-0.070805,0.006274,0.006324,0.110120,0.055552,0.066434,-0.066465,0.056159,-0.091821,-0.067829,-0.004050,0.056927,0.072557,-0.059903,-0.060660,0.057037,-0.065552,0.032720
0.063819,0.022237,-0.093816,0.228153,0.059441,0.539075,0.131796,0.834815,0.246678,0.460361,0.370942,0.501445,1.000000,0.639571,0.388543,0.028392,0.134925,0.102117,0.087921,0.314901,-0.038642,0.058872,0.046930,0.093154,0.028818,0.038056,0.006532,0.040702,0.036032,-0.052130,0.054641,-0.042451,-0.061727,0.228280,-0.007654,0.027281,-0.043150,0.206353,0.033302,0.013735,0.102186,0.639407,0.163542,0.311660,0.300510,0.134285,0.586631,0.437163,0.280030,-0.063786,0.012034,0.070369,0.051358,0.304200,0.044598,-0.000447,-0.034636,-0.014339,0.024402,-0.030838,0.011722,0.047832,-0.016019,0.017358,-0.046954,0.045184,-0.046646,0.058934
-0.011762,-0.004244,-0.021901,0.157312,0.046716,0.457012,0.129754,0.639626,0.288807,0.447008,0.721103,0.291754,0.639571,1.000000,0.585837,-0.002657,0.115012,0.191769,0.086767,0.526723,-0.014109,0.097862,0.073855,0.044207,0.080348,0.015698,-0.053288,0.128355,0.020740,-0.010589,0.080184,-0.077735,-0.015599,0.165166,0.085661,0.051550,-0.072149,0.172862,0.011785,0.042108,0.060989,0.496610,0.142097,0.339788,0.423107,0.094073,0.419070,0.594086,0.338390,-0.043675,-0.043742,0.133466,-0.003376,0.417197,-0.034715,-0.061732,-0.013106,-0.000677,-0.032969,-0.105027,-0.071568,0.010278,-0.004481,0.030458,-0.007400,0.037979,0.031398,0.068230
0.019907,0.065898,-0.002651,0.064334,0.146935,0.250886,0.100942,0.313853,0.197038,0.234988,0.334386,0.209552,0.388543,0.585837,1.000000,-0.017062,0.144473,0.278364,0.012804,0.750160,0.025485,0.129150,0.128705,0.062456,0.049517,0.123758,-0.017715,0.057203,-0.009805,-0.053432,-0.026195,0.006232,0.049805,0.118236,0.088606,0.067704,-0.054202,0.087977,0.017537,-0.007869,-0.002311,0.241070,0.128951,0.156714,0.227183,0.133147,0.233824,0.347609,0.376253,0.016889,-0.069432,0.141518,0.010112,0.370471,-0.009757,-0.040876,0.009593,-0.021097,-0.029442,-0.146882,-0.032451,0.031553,-0.044439,-0.060973,-0.069327,-0.010814,0.042848,0.091719
-0.014152,0.117226,-0.049889,-0.000521,0.029062,0.038775,-0.064713,0.061934,0.054833,0.147621,0.012243,0.038692,0.028392,-0.002657,-0.017062,1.000000,0.156004,0.142138,0.053010,-0.011157,-0.004447,-0.088815,-0.005470,-0.057587,-0.014190,0.003325,-0.029471,0.032419,0.052560,-0.022637,0.014545,-0.035077,-0.086008,0.080327,-0.016163,-0.032869,0.029656,0.061866,-0.025114,-0.043466,-0.094624,0.030386,-0.027139,0.104575,0.029576,-0.027295,0.012990,0.030625,0.013939,-0.008534,-0.050210,0.069244,-0.035352,-0.021103,-0.036008,-0.007208,0.063142,0.057481,-0.050104,-0.033820,-0.011098,0.085020,-0.055028,-0.007248,-0.012009,0.027758,-0.032738,-0.011926
0.121927,-0.059194,-0.118118,0.075027,0.000792,0.127554,-0.110068,0.120268,0.059107,0.108396,0.120928,0.096474,0.134925,0.115012,0.144473,0.156004,1.000000,0.134884,0.062786,0.139597,0.088868,-0.007002,0.038580,-0.035558,-0.040590,-0.027362,-0.010092,-0.058041,0.067792,0.019608,0.044828,-0.006260,-0.094208,0.190796,-0.028259,-0.040223,-0.070089,-0.030016,-0.021263,0.001875,-0.090410,0.098855,-0.048890,0.004624,0.091893,-0.027214,0.045332,0.128130,0.055187,0.017583,-0.026691,0.035341,0.000714,0.066699,-0.028407,0.050565,0.009058,-0.014235,-0.079785,-0.074281,-0.025290,-0.026883,-0.065257,0.011455,0.000664,-0.048990,0.018130,-0.021774
-0.083381,-0.018872,-0.070951,0.059452,0.055070,0.062413,0.058913,0.107162,0.124250,0.137745,0.122410,0.066047,0.102117,0.191769,0.278364,0.142138,0.134884,1.000000,0.051645,0.401890,0.087518,0.153443,0.147269,0.046601,0.090847,0.106571,-0.069136,0.011962,0.079888,0.057732,0.094510,0.114643,-0.016922,0.120935,0.074461,0.131958,0.019135,0.019807,0.002223,-0.010507,-0.017065,0.044061,-0.032997,0.034816,-0.024289,0.022816,0.054814,0.047546,0.039681,0.041256,0.042868,0.110802,-0.038027,0.167222,-0.032841,-0.079598,0.048007,-0.009939,-0.069279,-0.066538,-0.017579,0.053177,0.036625,0.037747,-0.034161,0.003950,-0.089226,0.132613
0.060501,0.025886,-0.072508,0.084142,0.071937,0.127187,0.042450,0.136703,0.023116,0.139105,0.129382,-0.023647,0.087921,0.086767,0.012804,0.053010,0.062786,0.051645,1.000000,0.037981,-0.011707,0.030485,0.027339,0.060320,0.005545,-0.031291,-0.052380,0.044424,0.044682,0.024775,0.053025,-0.039831,0.016026,0.062298,0.037009,0.010347,-0.114950,-0.000343,0.027849,0.016237,-0.045674,0.154488,0.014038,0.063030,0.117313,-0.013865,0.071618,0.092863,0.053766,-0.025853,-0.047360,0.001008,0.010303,0.023483,-0.013320,0.056759,0.053615,-0.025065,0.099958,0.088165,0.037159,0.010663,-0.035199,-0.006812,0.018765,0.065051,0.036321,0.014597
-0.096087,0.002300,-0.002986,0.070369,0.043509,0.253881,0.073765,0.293997,0.195589,0.221705,0.294991,0.162631,0.314901,0.526723,0.750160,-0.011157,0.139597,0.401890,0.037981,1.000000,0.093757,0.140953,0.144878,0.037192,0.119130,0.149244,0.029324,0.057699,0.050340,0.004681,-0.001200,0.015243,0.035439,0.123444,0.117876,0.118262,-0.059182,0.046821,0.013786,0.017956,0.027070,0.205347,0.103374,0.140815,0.183794,0.050567,0.177808,0.267659,0.223038,0.041027,-0.028064,0.194942,0.077076,0.248372,-0.005860,-0.043364,-0.004342,-0.024462,-0.007293,-0.096557,-0.069289,-0.006419,-0.012587,-0.015254,-0.063922,0.016726,0.038420,0.093418
0.009655,-0.008056,-0.074048,0.057528,-0.036661,0.030178,0.001880,-0.042123,0.052725,0.041040,-0.000815,0.057127,-0.038642,-0.014109,0.025485,-0.004447,0.088868,0.087518,-0.011707,0.093757,1.000000,0.520718,-0.013781,0.157496,0.008810,0.096269,-0.004904,0.029806,0.067546,-0.045503,-0.019671,-0.006929,-0.044802,0.061732,0.036064,0.031068,-0.024485,0.000503,0.003940,0.009264,-0.028323,-0.063552,0.054794,0.041945,0.001930,-0.021360,-0.055638,0.000077,0.009207,0.031328,-0.010228,0.106703,0.041437,0.010376,0.050084,0.019897,0.073029,-0.004511,0.008475,0.041716,-0.043580,0.022830,0.009492,0.037867,-0.024841,0.016747,-0.029598,0.052048
-0.055819,-0.043035,-0.053403,0.056630,0.013408,0.088025,0.054203,0.023504,0.113070,0.034528,0.079551,0.030306,0.058872,0.097862,0.129150,-0.088815,-0.007002,0.153443,0.030485,0.140953,0.520718,1.000000,-0.052956,0.282346,0.000676,0.050101,0.019903,0.095823,0.114328,0.018047,0.021340,-0.038315,0.049298,0.043347,-0.089593,0.051775,-0.003248,0.058664,-0.025096,0.022031,-0.026294,0.009391,0.047070,0.013060,0.033090,0.000890,0.040099,0.095556,0.038095,0.048530,-0.071119,0.079079,-0.018135,0.055252,-0.029575,0.052133,0.024102,0.029427,0.007654,0.047032,-0.024374,-0.027866,-0.001000,-0.019834,-0.094302,0.012847,-0.085577,0.041892
-0.111685,-0.003437,-0.090686,-0.053174,0.005408,0.067342,0.054319,0.063663,0.024920,0.060530,0.049347,0.016268,0.046930,0.073855,0.128705,-0.005470,0.038580,0.147269,0.027339,0.144878,-0.013781,-0.052956,1.000000,0.017007,0.243320,0.071359,-0.032789,-0.060574,0.013489,-0.034132,0.066699,-0.005612,0.034706,-0.003196,-0.025696,0.029172,-0.048222,-0.082670,0.062462,-0.031598,0.026538,0.059725,0.063881,-0.005200,0.033504,0.030170,0.007956,-0.020923,-0.029148,0.066850,0.046429,0.043439,-0.064702,-0.033088,0.104589,0.144335,-0.087490,0.012296,0.016746,0.059275,0.040883,0.088455,-0.048642,0.040225,0.047915,0.004541,0.061878,-0.004791
-0.010522,-0.038681,-0.034366,0.050837,0.052618,0.076620,-0.025086,0.060375,0.075818,0.091951,0.067415,0.051901,0.093154,0.044207,0.062456,-0.057587,-0.035558,0.046601,0.060320,0.037192,0.157496,0.282346,0.017007,1.000000,0.062404,-0.017269,-0.003473,0.009272,0.045196,0.058437,-0.035475,-0.027029,-0.033621,0.042966,-0.061181,0.033267,-0.024003,-0.048065,0.076522,0.061705,0.032780,0.059490,0.052818,0.036636,0.014933,-0.017868,0.052544,0.010671,0.046680,0.018302,-0.066721,0.008170,-0.032022,0.057059,0.000188,0.055010,-0.027701,0.039054,0.010728,0.048962,0.032283,-0.027322,-0.013214,-0.008895,-0.031765,0.023619,0.001035,-0.041827
-0.046218,0.007149,-0.063847,-0.052302,0.047193,0.026367,-0.056748,0.033807,0.055374,0.070118,0.068778,0.027426,0.028818,0.080348,0.049517,-0.014190,-0.040590,0.090847,0.005545,0.119130,0.008810,0.000676,0.243320,0.062404,1.000000,0.112767,0.027498,-0.052742,0.093002,0.016724,0.028245,0.000816,-0.035762,-0.028756,-0.013828,0.073297,0.005125,-0.037995,0.062768,0.029245,0.040695,0.012358,0.036060,0.023704,0.091383,0.005797,-0.000938,0.040532,-0.053957,0.024965,-0.040628,0.084240,0.011357,-0.071411,0.025408,0.056563,-0.049742,-0.015765,-0.041080,0.007043,0.008432,0.033781,-0.045641,0.077246,0.044490,0.011957,0.022825,0.070291
-0.012562,-0.061642,-0.054169,0.020760,0.028214,0.005624,-0.012376,0.053916,-0.059367,0.004455,0.009586,0.030371,0.038056,0.015698,0.123758,0.003325,-0.027362,0.106571,-0.031291,0.149244,0.096269,0.050101,0.071359,-0.017269,0.112767,1.000000,0.073106,-0.014380,0.037514,-0.058900,-0.069834,0.055011,0.076194,0.001607,0.066854,0.013999,-0.025758,0.024657,-0.003216,0.024609,0.012411,0.002159,0.084909,0.053846,-0.006753,0.122549,-0.007614,-0.043346,0.040501,0.016478,-0.056686,0.072377,-0.027263,-0.029963,0.121629,0.080192,-0.049632,0.004689,-0.048009,-0.070954,-0.038984,0.007413,-0.004956,-0.012857,-0.035578,0.079205,0.014189,0.028849
-0.047977,-0.003284,-0.012675,-0.019006,0.015084,0.062681,-0.029160,0.009364,0.036989,-0.055292,-0.080301,-0.036913,0.006532,-0.053288,-0.017715,-0.029471,-0.010092,-0.069136,-0.052380,0.029324,-0.004904,0.019903,-0.032789,-0.003473,0.027498,0.073106,1.000000,0.047798,0.020221,0.021054,-0.070278,-0.069810,0.026207,-0.003648,-0.069975,0.015779,0.088784,-0.067513,0.105477,-0.002800,0.058656,0.010290,-0.001008,-0.037639,-0.010422,0.063114,0.062331,0.049265,0.004530,0.033267,-0.029076,-0.010007,0.109752,0.035780,-0.029630,-0.026976,0.046891,-0.036077,0.041955,0.029274,0.025474,-0.023878,0.043655,0.034186,-0.058646,-0.030798,0.054211,-0.040832
-0.007227,0.133612,0.069558,-0.012717,-0.016692,0.082085,-0.003152,0.062094,0.054152,0.081390,0.065730,0.045920,0.040702,0.128355,0.057203,0.032419,-0.058041,0.011962,0.044424,0.057699,0.029806,0.095823,-0.060574,0.009272,-0.052742,-0.014380,0.047798,1.000000,-0.023778,0.046835,0.007190,-0.036902,0.005774,0.027991,-0.084329,-0.011343,0.016373,0.008451,-0.026965,-0.032825,-0.051658,0.051673,0.043316,0.086039,0.002935,-0.022225,0.017476,0.077414,0.061890,-0.049210,-0.076549,0.014303,-0.026206,0.078285,-0.077631,-0.061533,0.026210,0.035327,-0.034110,-0.002777,-0.002489,-0.028330,-0.024404,-0.071237,-0.106446,0.021239,0.019721,-0.064899
0.008175,-0.053696,-0.074393,0.079722,0.016057,0.015261,0.018577,0.035510,0.013637,0.045250,0.039877,0.080397,0.036032,0.020740,-0.009805,0.052560,0.067792,0.079888,0.044682,0.050340,0.067546,0.114328,0.013489,0.045196,0.093002,0.037514,0.020221,-0.023778,1.000000,0.185644,-0.081543,-0.020933,-0.031224,0.035943,0.035468,0.115346,0.078143,0.029090,0.087389,0.028812,0.158064,0.039711,0.079703,-0.017384,0.023719,-0.032047,0.093873,0.047605,-0.002929,0.022682,-0.078769,-0.019925,0.037361,-0.006429,-0.006984,-0.016645,-0.062477,-0.028173,-0.009950,0.144539,0.040405,0.161859,-0.055935,0.059271,0.032750,0.058557,-0.045724,-0.023960
0.027589,0.044593,-0.009379,0.016372,-0.058091,-0.031297,0.034339,-0.023545,-0.090182,0.011807,-0.071723,0.059807,-0.052130,-0.010589,-0.053432,-0.022637,0.019608,0.057732,0.024775,0.004681,-0.045503,0.018047,-0.034132,0.058437,0.016724,-0.058900,0.021054,0.046835,0.185644,1.000000,0.016306,-0.033276,0.114572,0.043167,-0.047939,0.009519,-0.023022,-0.001624,0.111229,0.056211,0.066385,-0.021846,0.024494,-0.094583,0.004828,-0.037499,0.001099,-0.032667,-0.094381,0.113783,-0.029640,-0.001150,-0.023390,-0.053902,-0.078934,-0.016041,-0.000533,0.048274,-0.011859,0.042034,0.051991,0.060211,0.003943,0.035767,0.047729,-0.023836,-0.011353,-0.008071
0.034026,0.025720,-0.032760,0.016138,-0.023730,-0.038818,0.076098,0.050083,0.024368,-0.002423,0.044999,0.000004,0.054641,0.080184,-0.026195,0.014545,0.044828,0.094510,0.053025,-0.001200,-0.019671,0.021340,0.066699,-0.035475,0.028245,-0.069834,-0.070278,0.007190,-0.081543,0.016306,1.000000,0.012657,-0.029031,0.024072,-0.060744,0.043965,-0.059275,0.009006,-0.017713,0.036134,0.009550,0.037437,0.013885,-0.009647,0.092855,-0.020560,0.034164,0.047478,0.008518,0.084106,0.156413,0.014313,0.053527,0.020689,-0.016113,0.039951,0.033563,0.004195,-0.074489,0.063988,0.105728,0.007500,-0.032858,-0.018016,-0.000213,0.023012,-0.038617,-0.044492
0.043432,-0.021772,0.017489,0.009913,-0.036035,-0.013776,-0.017355,-0.028332,-0.028076,-0.033871,-0.066287,0.026122,-0.042451,-0.077735,0.006232,-0.035077,-0.006260,0.114643,-0.039831,0.015243,-0.006929,-0.038315,-0.005612,-0.027029,0.000816,0.055011,-0.069810,-0.036902,-0.020933,-0.033276,0.012657,1.000000,-0.034845,0.030274,0.050290,0.030564,0.008058,0.051357,-0.025995,-0.024745,-0.025604,-0.071700,0.012648,0.000434,-0.039636,-0.037520,-0.069874,-0.092552,-0.022554,-0.015597,0.039821,-0.024121,0.017826,-0.004037,0.038675,0.088005,0.008434,0.052239,-0.008113,0.012204,0.043759,0.036187,0.100773,0.009150,0.064362,-0.014767,0.006604,0.013424
0.044054,0.020016,0.072406,-0.066012,0.077278,0.064421,0.012142,-0.051565,-0.005070,0.056193,-0.099099,-0.101474,-0.061727,-0.015599,0.049805,-0.086008,-0.094208,-0.016922,0.016026,0.035439,-0.044802,0.049298,0.034706,-0.033621,-0.035762,0.076194,0.026207,0.005774,-0.031224,0.114572,-0.029031,-0.034845,1.000000,0.008154,0.070568,-0.025262,0.057888,-0.014568,0.027828,-0.052447,0.045213,-0.066680,-0.004026,0.006592,-0.019989,-0.000400,-0.051610,-0.026280,-0.053386,0.030717,0.032713,0.003015,-0.094523,-0.034231,0.005827,-0.034186,-0.005261,0.066648,0.034250,0.014681,-0.025621,-0.075683,-0.000490,0.046813,-0.014777,-0.006583,-0.008233,0.060205
0.428627,0.020294,-0.104294,0.218144,0.191740,0.219138,0.003585,0.209361,0.090531,0.194230,0.120721,0.190466,0.228280,0.165166,0.118236,0.080327,0.190796,0.120935,0.062298,0.123444,0.061732,0.043347,-0.003196,0.042966,-0.028756,0.001607,-0.003648,0.027991,0.035943,0.043167,0.024072,0.030274,0.008154,1.000000,0.049367,0.029353,0.009982,0.079566,0.018988,-0.013433,-0.023782,0.173996,0.079075,0.042280,0.096121,0.107283,0.165420,0.168073,0.158934,-0.020140,-0.034499,0.026434,-0.010129,0.150197,-0.062558,-0.017524,0.034742,-0.001063,0.019192,0.034824,-0.035997,-0.055963,0.002523,-0.009370,-0.014308,0.038412,0.039663,0.021941
0.034683,0.005244,-0.034066,0.128603,0.039617,-0.008594,-0.021096,0.022407,-0.015349,0.053164,0.065049,-0.050710,-0.007654,0.085661,0.088606,-0.016163,-0.028259,0.074461,0.037009,0.117876,0.036064,-0.089593,-0.025696,-0.061181,-0.013828,0.066854,-0.069975,-0.084329,0.035468,-0.047939,-0.060744,0.050290,0.070568,0.049367,1.000000,0.263387,0.004133,0.140249,0.056401,-0.134254,0.024134,0.008216,-0.024889,-0.018427,0.042845,0.014481,0.061258,0.063086,0.055441,-0.017155,-0.003409,0.069631,-0.043047,0.072785,0.032865,-0.017298,-0.018580,-0.032170,0.017251,0.015499,0.028233,0.068051,-0.045607,0.011833,0.046651,0.033859,-0.029829,0.240574
0.039715,0.032135,-0.027827,0.109280,0.025113,-0.006657,-0.013999,-0.009146,-0.047253,0.051210,0.051285,-0.035503,0.027281,0.051550,0.067704,-0.032869,-0.040223,0.131958,0.010347,0.118262,0.031068,0.051775,0.029172,0.033267,0.073297,0.013999,0.015779,-0.011343,0.115346,0.009519,0.043965,0.030564,-0.025262,0.029353,0.263387,1.000000,0.059647,0.077365,0.019945,-0.096999,0.072984,-0.027831,-0.104463,-0.027022,0.046185,0.001115,0.016976,0.032980,-0.001527,-0.085334,0.118866,0.133647,0.078912,0.062590,0.028244,-0.008299,-0.025054,0.056687,-0.012505,-0.073570,-0.054040,0.002554,-0.002247,0.003179,-0.038900,0.073494,0.026918,0.100802
0.011206,-0.138646,0.050132,0.019510,-0.002644,-0.089073,-0.004561,-0.061761,0.008489,-0.042975,-0.096473,0.018574,-0.043150,-0.072149,-0.054202,0.029656,-0.070089,0.019135,-0.114950,-0.059182,-0.024485,-0.003248,-0.048222,-0.024003,0.005125,-0.025758,0.088784,0.016373,0.078143,-0.023022,-0.059275,0.008058,0.057888,0.009982,0.004133,0.059647,1.000000,0.091996,0.047086,-0.026632,0.043788,-0.015067,-0.035527,0.003004,0.031620,0.045416,0.046722,0.017449,0.030674,-0.061496,0.124057,-0.133232,-0.020314,0.009463,-0.010279,-0.079514,-0.008623,-0.091449,0.020987,0.003063,0.051595,0.014391,0.036043,-0.019083,-0.058564,0.020108,-0.089648,0.003377
0.032482,0.112969,0.032114,0.539072,0.104754,0.162570,0.025616,0.240982,0.119857,0.196284,0.093748,0.215541,0.206353,0.172862,0.087977,0.061866,-0.030016,0.019807,-0.000343,0.046821,0.000503,0.058664,-0.082670,-0.048065,-0.037995,0.024657,-0.067513,0.008451,0.029090,-0.001624,0.009006,0.051357,-0.014568,0.079566,0.140249,0.077365,0.091996,1.000000,-0.005896,0.027764,0.039804,0.226635,0.099190,0.140786,0.105101,0.180510,0.186915,0.121685,0.088829,-0.082405,-0.011059,0.059257,0.065795,0.030616,0.108155,-0.005763,-0.067241,0.016366,-0.025495,-0.085486,-0.045859,0.031892,-0.010820,0.034808,-0.026681,0.065890,-0.029862,0.069092
-0.092004,0.005864,-0.040672,0.024970,0.045300,0.048490,0.083494,0.042701,0.002888,0.036046,-0.018324,0.025102,0.033302,0.011785,0.017537,-0.025114,-0.021263,0.002223,0.027849,0.013786,0.003940,-0.025096,0.062462,0.076522,0.062768,-0.003216,0.105477,-0.026965,0.087389,0.111229,-0.017713,-0.025995,0.027828,0.018988,0.056401,0.019945,0.047086,-0.005896,1.000000,0.062334,0.081567,0.065638,0.005171,0.025678,0.062877,-0.026976,0.043954,0.089375,0.001788,0.068914,-0.034444,0.032484,0.012630,0.049554,-0.009652,-0.031599,0.046801,-0.006290,-0.082776,0.022650,0.070463,0.007452,0.019767,0.019044,-0.053770,-0.108666,0.036878,0.190194
-0.028790,-0.023797,-0.009226,0.044528,0.037073,-0.003110,0.061538,0.067761,0.059942,0.046264,0.069244,0.017371,0.013735,0.042108,-0.007869,-0.043466,0.001875,-0.010507,0.016237,0.017956,0.009264,0.022031,-0.031598,0.061705,0.029245,0.024609,-0.002800,-0.032825,0.028812,0.056211,0.036134,-0.024745,-0.052447,-0.013433,-0.134254,-0.096999,-0.026632,0.027764,0.062334,1.000000,0.019504,0.248005,0.233982,0.223714,0.012638,0.006256,0.133055,0.067549,-0.010131,0.047504,0.037483,0.004188,-0.011102,-0.003983,-0.024250,0.050120,-0.011747,0.001452,0.025590,0.029489,-0.015072,-0.003675,0.092129,0.120039,0.098548,0.023311,0.025427,-0.056742
0.045778,0.116010,0.021416,0.063975,0.040792,0.082981,0.037965,0.148237,0.066259,0.069084,-0.022242,0.089892,0.102186,0.060989,-0.002311,-0.094624,-0.090410,-0.017065,-0.045674,0.027070,-0.028323,-0.026294,0.026538,0.032780,0.040695,0.012411,0.058656,-0.051658,0.158064,0.066385,0.009550,-0.025604,0.045213,-0.023782,0.024134,0.072984,0.043788,0.039804,0.081567,0.019504,1.000000,0.143657,0.073868,0.016044,0.020114,0.026354,0.157533,0.092982,-0.069531,0.014936,0.059797,-0.000884,0.067487,-0.047842,0.045910,0.115233,-0.073201,0.101353,0.013854,-0.037073,0.002751,0.014841,0.016575,-0.020693,0.009982,-0.029304,-0.036787,0.036960
0.053212,0.003310,-0.037537,0.133637,0.049301,0.453277,0.235826,0.811587,0.372810,0.455812,0.307497,0.325637,0.639407,0.496610,0.241070,0.030386,0.098855,0.044061,0.154488,0.205347,-0.063552,0.009391,0.059725,0.059490,0.012358,0.002159,0.010290,0.051673,0.039711,-0.021846,0.037437,-0.071700,-0.066680,0.173996,0.008216,-0.027831,-0.015067,0.226635,0.065638,0.248005,0.143657,1.000000,0.187426,0.425466,0.223133,0.165621,0.589603,0.430941,0.178718,-0.042998,-0.070622,0.036870,0.050541,0.192972,0.025612,0.052321,-0.054333,-0.024716,-0.033868,0.078901,0.000273,-0.001499,0.013178,0.051476,0.010868,0.022500,-0.023776,-0.005162
0.095252,0.006929,0.006533,0.009199,0.047344,0.116298,0.043361,0.176941,0.126771,0.195202,0.114844,0.098053,0.163542,0.142097,0.128951,-0.027139,-0.048890,-0.032997,0.014038,0.103374,0.054794,0.047070,0.063881,0.052818,0.036060,0.084909,-0.001008,0.043316,0.079703,0.024494,0.013885,0.012648,-0.004026,0.079075,-0.024889,-0.104463,-0.035527,0.099190,0.005171,0.233982,0.073868,0.187426,1.000000,0.344425,0.114191,0.101197,0.153311,0.132484,0.128858,0.066749,-0.063983,0.012309,0.094517,0.094493,-0.009766,0.040938,0.032875,0.017884,0.036070,-0.013431,0.117949,0.084976,0.114967,0.075019,0.020041,0.096338,0.032041,0.004890
0.035100,0.032057,-0.022700,0.047458,0.076406,0.245776,0.141088,0.389386,0.289217,0.515876,0.269744,0.157324,0.311660,0.339788,0.156714,0.104575,0.004624,0.034816,0.063030,0.140815,0.041945,0.013060,-0.005200,0.036636,0.023704,0.053846,-0.037639,0.086039,-0.017384,-0.094583,-0.009647,0.000434,0.006592,0.042280,-0.018427,-0.027022,0.003004,0.140786,0.025678,0.223714,0.016044,0.425466,0.344425,1.000000,0.208617,0.118235,0.202062,0.270773,0.176137,0.028633,0.019096,0.156797,0.043286,0.152951,0.028318,-0.037482,0.076527,-0.041535,-0.069148,0.014398,-0.000620,0.043898,-0.040837,0.079461,0.088728,0.031360,-0.010892,0.010310
-0.000202,0.018296,-0.025769,0.109743,0.045916,0.215570,0.036846,0.264671,0.136566,0.248167,0.415863,0.084944,0.300510,0.423107,0.227183,0.029576,0.091893,-0.024289,0.117313,0.183794,0.001930,0.033090,0.033504,0.014933,0.091383,-0.006753,-0.010422,0.002935,0.023719,0.004828,0.092855,-0.039636,-0.019989,0.096121,0.042845,0.046185,0.031620,0.105101,0.062877,0.012638,0.020114,0.223133,0.114191,0.208617,1.000000,0.150222,0.293798,0.665581,0.403605,0.007574,-0.007874,0.008164,0.008649,0.367249,-0.047403,-0.081757,0.071266,-0.024806,0.084706,0.026225,0.028975,0.062519,0.003522,0.086292,-0.048228,-0.048292,0.072785,0.065580
0.006541,0.010540,0.024930,0.079903,0.164000,0.106651,0.091641,0.151096,0.077006,0.115605,0.094476,0.059524,0.134285,0.094073,0.133147,-0.027295,-0.027214,0.022816,-0.013865,0.050567,-0.021360,0.000890,0.030170,-0.017868,0.005797,0.122549,0.063114,-0.022225,-0.032047,-0.037499,-0.020560,-0.037520,-0.000400,0.107283,0.014481,0.001115,0.045416,0.180510,-0.026976,0.006256,0.026354,0.165621,0.101197,0.118235,0.150222,1.000000,0.234788,0.122688,0.096155,0.035687,-0.024967,0.011739,0.047123,0.023023,0.004763,-0.011399,0.018021,0.006049,-0.019362,-0.003576,0.012213,0.126950,-0.004379,0.022731,-0.002120,-0.042209,-0.007167,0.058707
0.040337,0.044929,-0.090835,0.124424,0.105171,0.300076,0.079252,0.553213,0.261900,0.328199,0.244859,0.344407,0.586631,0.419070,0.233824,0.012990,0.045332,0.054814,0.071618,0.177808,-0.055638,0.040099,0.007956,0.052544,-0.000938,-0.007614,0.062331,0.017476,0.093873,0.001099,0.034164,-0.069874,-0.051610,0.165420,0.061258,0.016976,0.046722,0.186915,0.043954,0.133055,0.157533,0.589603,0.153311,0.202062,0.293798,0.234788,1.000000,0.517729,0.274781,0.003582,0.000307,0.051329,0.045780,0.277822,0.018937,-0.027190,-0.068634,0.012813,0.051459,0.043540,0.020592,0.057666,0.030228,-0.022295,0.007111,0.000279,-0.034130,0.018944
0.002251,0.013885,-0.092992,0.097598,0.042018,0.333186,0.038998,0.435108,0.211848,0.337044,0.471746,0.186663,0.437163,0.594086,0.347609,0.030625,0.128130,0.047546,0.092863,0.267659,0.000077,0.095556,-0.020923,0.010671,0.040532,-0.043346,0.049265,0.077414,0.047605,-0.032667,0.047478,-0.092552,-0.026280,0.168073,0.063086,0.032980,0.017449,0.121685,0.089375,0.067549,0.092982,0.430941,0.132484,0.270773,0.665581,0.122688,0.517729,1.000000,0.536248,0.001053,-0.060004,0.077332,0.019878,0.551185,-0.035647,-0.047336,0.060291,-0.096113,0.023354,-0.024370,-0.062559,0.080743,0.019552,0.004221,0.007734,0.022355,0.003771,0.029521
0.009847,0.033965,-0.032636,0.065273,0.080144,0.125022,-0.019118,0.213467,0.098695,0.205145,0.290118,0.126059,0.280030,0.338390,0.376253,0.013939,0.055187,0.039681,0.053766,0.223038,0.009207,0.038095,-0.029148,0.046680,-0.053957,0.040501,0.004530,0.061890,-0.002929,-0.094381,0.008518,-0.022554,-0.053386,0.158934,0.055441,-0.001527,0.030674,0.088829,0.001788,-0.010131,-0.069531,0.178718,0.128858,0.176137,0.403605,0.096155,0.274781,0.536248,1.000000,0.006501,-0.033855,0.010553,-0.043273,0.688627,0.076034,0.072156,0.113190,-0.024809,0.046160,-0.019444,-0.098494,0.087037,-0.020774,-0.033652,-0.003107,0.059663,-0.036415,0.004460
-0.055730,0.032329,-0.054456,-0.016071,-0.012344,0.000464,0.017530,-0.039814,-0.012239,-0.037044,-0.053428,-0.039407,-0.063786,-0.043675,0.016889,-0.008534,0.017583,0.041256,-0.025853,0.041027,0.031328,0.048530,0.066850,0.018302,0.024965,0.016478,0.033267,-0.049210,0.022682,0.113783,0.084106,-0.015597,0.030717,-0.020140,-0.017155,-0.085334,-0.061496,-0.082405,0.068914,0.047504,0.014936,-0.042998,0.066749,0.028633,0.007574,0.035687,0.003582,0.001053,0.006501,1.000000,0.096926,0.061413,0.128758,-0.073011,0.014920,0.025052,-0.017726,0.058644,-0.016626,-0.006039,0.058967,0.082535,-0.043219,0.015713,0.009982,-0.015459,0.055542,0.075572
-0.002966,0.056693,0.045324,0.045784,0.001012,-0.059073,0.007325,-0.043291,-0.039432,-0.023273,-0.050004,-0.070805,0.012034,-0.043742,-0.069432,-0.050210,-0.026691,0.042868,-0.047360,-0.028064,-0.010228,-0.071119,0.046429,-0.066721,-0.040628,-0.056686,-0.029076,-0.076549,-0.078769,-0.029640,0.156413,0.039821,0.032713,-0.034499,-0.003409,0.118866,0.124057,-0.011059,-0.034444,0.037483,0.059797,-0.070622,-0.063983,0.019096,-0.007874,-0.024967,0.000307,-0.060004,-0.033855,0.096926,1.000000,0.013506,0.129747,-0.000807,0.081404,-0.035472,-0.036012,-0.032505,0.093315,0.014035,-0.019005,-0.061033,0.037163,0.126901,0.116822,-0.005483,-0.018362,0.096907
0.022799,0.107502,-0.014851,0.051628,0.101568,0.092912,-0.007409,0.085591,0.064432,0.146915,0.122264,0.006274,0.070369,0.133466,0.141518,0.069244,0.035341,0.110802,0.001008,0.194942,0.106703,0.079079,0.043439,0.008170,0.084240,0.072377,-0.010007,0.014303,-0.019925,-0.001150,0.014313,-0.024121,0.003015,0.026434,0.069631,0.133647,-0.133232,0.059257,0.032484,0.004188,-0.000884,0.036870,0.012309,0.156797,0.008164,0.011739,0.051329,0.077332,0.010553,0.061413,0.013506,1.000000,0.275946,0.049450,0.068855,-0.008207,-0.036714,0.000300,-0.094895,-0.032071,-0.027630,0.067140,-0.020427,-0.015400,0.037887,-0.047453,0.053489,0.041207
0.025381,-0.005034,-0.045037,0.075421,-0.005260,0.039979,0.068020,0.061513,0.032249,0.015598,0.006649,0.006324,0.051358,-0.003376,0.010112,-0.035352,0.000714,-0.038027,0.010303,0.077076,0.041437,-0.018135,-0.064702,-0.032022,0.011357,-0.027263,0.109752,-0.026206,0.037361,-0.023390,0.053527,0.017826,-0.094523,-0.010129,-0.043047,0.078912,-0.020314,0.065795,0.012630,-0.011102,0.067487,0.050541,0.094517,0.043286,0.008649,0.047123,0.045780,0.019878,-0.043273,0.128758,0.129747,0.275946,1.000000,-0.060099,-0.027578,0.011521,0.062227,-0.025529,-0.025689,-0.042825,0.096035,0.058635,0.009816,0.189803,0.090225,-0.014053,0.098991,0.111482
-0.011013,0.070637,-0.027837,0.050776,0.109959,0.182664,0.047380,0.237451,0.159544,0.197375,0.360725,0.110120,0.304200,0.417197,0.370471,-0.021103,0.066699,0.167222,0.023483,0.248372,0.010376,0.055252,-0.033088,0.057059,-0.071411,-0.029963,0.035780,0.078285,-0.006429,-0.053902,0.020689,-0.004037,-0.034231,0.150197,0.072785,0.062590,0.009463,0.030616,0.049554,-0.003983,-0.047842,0.192972,0.094493,0.152951,0.367249,0.023023,0.277822,0.551185,0.688627,-0.073011,-0.000807,0.049450,-0.060099,1.000000,0.047828,0.009270,0.139179,-0.053776,0.017988,-0.014714,-0.070074,0.046131,0.021007,-0.005011,0.007901,0.010316,-0.028296,0.037949
-0.042581,-0.061795,0.037414,0.083303,0.004086,0.025589,-0.015157,0.033007,0.018524,0.090297,0.020450,0.055552,0.044598,-0.034715,-0.009757,-0.036008,-0.028407,-0.032841,-0.013320,-0.005860,0.050084,-0.029575,0.104589,0.000188,0.025408,0.121629,-0.029630,-0.077631,-0.006984,-0.078934,-0.016113,0.038675,0.005827,-0.062558,0.032865,0.028244,-0.010279,0.108155,-0.009652,-0.024250,0.045910,0.025612,-0.009766,0.028318,-0.047403,0.004763,0.018937,-0.035647,0.076034,0.014920,0.081404,0.068855,-0.027578,0.047828,1.000000,0.475193,-0.070585,0.173364,0.031400,-0.003960,-0.014254,0.005658,0.101689,0.082456,0.023597,0.052931,-0.042632,-0.001094
-0.049077,-0.109727,0.048488,0.059311,-0.050617,0.004413,0.033628,0.029016,-0.014488,0.018730,-0.008368,0.066434,-0.000447,-0.061732,-0.040876,-0.007208,0.050565,-0.079598,0.056759,-0.043364,0.019897,0.052133,0.144335,0.055010,0.056563,0.080192,-0.026976,-0.061533,-0.016645,-0.016041,0.039951,0.088005,-0.034186,-0.017524,-0.017298,-0.008299,-0.079514,-0.005763,-0.031599,0.050120,0.115233,0.052321,0.040938,-0.037482,-0.081757,-0.011399,-0.027190,-0.047336,0.072156,0.025052,-0.035472,-0.008207,0.011521,0.009270,0.475193,1.000000,-0.126949,0.304282,0.052389,-0.008917,0.024472,0.035305,0.033002,0.084613,-0.028367,0.132790,-0.052394,0.017074
0.074754,-0.053186,-0.101397,-0.029050,-0.035395,-0.008137,-0.046379,-0.076337,-0.043222,-0.003051,-0.007129,-0.066465,-0.034636,-0.013106,0.009593,0.063142,0.009058,0.048007,0.053615,-0.004342,0.073029,0.024102,-0.087490,-0.027701,-0.049742,-0.049632,0.046891,0.026210,-0.062477,-0.000533,0.033563,0.008434,-0.005261,0.034742,-0.018580,-0.025054,-0.008623,-0.067241,0.046801,-0.011747,-0.073201,-0.054333,0.032875,0.076527,0.071266,0.018021,-0.068634,0.060291,0.113190,-0.017726,-0.036012,-0.036714,0.062227,0.139179,-0.070585,-0.126949,1.000000,-0.084144,-0.051194,-0.002942,0.062760,0.016443,-0.013833,0.020692,0.065659,0.130907,-0.016579,0.103676
-0.031604,0.035766,0.075583,0.000685,-0.004808,0.018747,-0.038803,-0.016465,0.001815,0.019614,0.032660,0.056159,-0.014339,-0.000677,-0.021097,0.057481,-0.014235,-0.009939,-0.025065,-0.024462,-0.004511,0.029427,0.012296,0.039054,-0.015765,0.004689,-0.036077,0.035327,-0.028173,0.048274,0.004195,0.052239,0.066648,-0.001063,-0.032170,0.056687,-0.091449,0.016366,-0.006290,0.001452,0.101353,-0.024716,0.017884,-0.041535,-0.024806,0.006049,0.012813,-0.096113,-0.024809,0.058644,-0.032505,0.000300,-0.025529,-0.053776,0.173364,0.304282,-0.084144,1.000000,0.030241,-0.005374,-0.053993,-0.004442,0.007881,-0.048001,-0.018662,0.007081,0.020339,0.012519
0.013101,0.060998,0.037060,-0.025897,0.052723,0.050425,0.052158,0.016614,-0.028114,0.000941,-0.039410,-0.091821,0.024402,-0.032969,-0.029442,-0.050104,-0.079785,-0.069279,0.099958,-0.007293,0.008475,0.007654,0.016746,0.010728,-0.041080,-0.048009,0.041955,-0.034110,-0.009950,-0.011859,-0.074489,-0.008113,0.034250,0.019192,0.017251,-0.012505,0.020987,-0.025495,-0.082776,0.025590,0.013854,-0.033868,0.036070,-0.069148,0.084706,-0.019362,0.051459,0.023354,0.046160,-0.016626,0.093315,-0.094895,-0.025689,0.017988,0.031400,0.052389,-0.051194,0.030241,1.000000,0.046608,0.039474,0.003899,0.007105,0.024484,-0.036127,-0.030978,0.019892,-0.045083
0.039166,0.050146,-0.009690,-0.043681,-0.002877,-0.031844,-0.035883,0.018379,-0.030307,0.015030,-0.055998,-0.067829,-0.030838,-0.105027,-0.146882,-0.033820,-0.074281,-0.066538,0.088165,-0.096557,0.041716,0.047032,0.059275,0.048962,0.007043,-0.070954,0.029274,-0.002777,0.144539,0.042034,0.063988,0.012204,0.014681,0.034824,0.015499,-0.073570,0.003063,-0.085486,0.022650,0.029489,-0.037073,0.078901,-0.013431,0.014398,0.026225,-0.003576,0.043540,-0.024370,-0.019444,-0.006039,0.014035,-0.032071,-0.042825,-0.014714,-0.003960,-0.008917,-0.002942,-0.005374,0.046608,1.000000,0.310605,0.086755,-0.043520,0.034491,0.040957,0.004943,-0.018320,-0.029409
-0.013684,-0.049236,-0.030482,-0.022891,0.031284,-0.017757,-0.029288,0.013064,-0.032029,0.014977,-0.016451,-0.004050,0.011722,-0.071568,-0.032451,-0.011098,-0.025290,-0.017579,0.037159,-0.069289,-0.043580,-0.024374,0.040883,0.032283,0.008432,-0.038984,0.025474,-0.002489,0.040405,0.051991,0.105728,0.043759,-0.025621,-0.035997,0.028233,-0.054040,0.051595,-0.045859,0.070463,-0.015072,0.002751,0.000273,0.117949,-0.000620,0.028975,0.012213,0.020592,-0.062559,-0.098494,0.058967,-0.019005,-0.027630,0.096035,-0.070074,-0.014254,0.024472,0.062760,-0.053993,0.039474,0.310605,1.000000,0.448325,0.035162,0.000554,0.037415,-0.065742,-0.052895,0.016824
-0.031285,-0.008597,0.008614,0.026184,-0.044000,0.009698,-0.045094,0.037369,-0.031979,0.059508,0.048046,0.056927,0.047832,0.010278,0.031553,0.085020,-0.026883,0.053177,0.010663,-0.006419,0.022830,-0.027866,0.088455,-0.027322,0.033781,0.007413,-0.023878,-0.028330,0.161859,0.060211,0.007500,0.036187,-0.075683,-0.055963,0.068051,0.002554,0.014391,0.031892,0.007452,-0.003675,0.014841,-0.001499,0.084976,0.043898,0.062519,0.126950,0.057666,0.080743,0.087037,0.082535,-0.061033,0.067140,0.058635,0.046131,0.005658,0.035305,0.016443,-0.004442,0.003899,0.086755,0.448325,1.000000,-0.040418,0.042398,0.115816,-0.009675,-0.038650,0.138062
