1.000000,0.794472,0.259509,0.751389,0.805431,0.822015,0.799043,0.819215,0.830441,0.796902,0.724974,0.725340,0.782069,0.740087,0.671225,0.762097,0.791911,0.801445,0.811529,0.722376,0.758705,0.766144,0.768266,0.685001,0.685045,0.554718,0.550155,0.550395,0.719545,0.811923,0.770408,0.794560,0.009931,0.838455,0.628560,0.597055,0.258798,0.667247,0.683367,0.725255,0.752579,0.784103,0.739226,0.746333,0.726492,0.690782,0.739627,0.725479,0.681603,0.638890,0.633047,0.662016,0.651755,0.701265,0.670822,0.678183,0.645900,0.637186,0.594828,0.588315,0.575496,0.589253,0.655104,0.640416,0.593477,0.443810,0.026907,0.681757
0.794472,1.000000,0.266185,0.677156,0.736177,0.721269,0.746750,0.739970,0.725197,0.718324,0.672112,0.674408,0.715156,0.680077,0.615592,0.677905,0.698138,0.678032,0.694418,0.657570,0.669899,0.669304,0.656036,0.592511,0.561758,0.447039,0.444221,0.407985,0.597249,0.696361,0.679834,0.670602,0.009280,0.683620,0.581905,0.559196,0.283241,0.615463,0.634900,0.667708,0.684180,0.717708,0.681768,0.693126,0.670822,0.635215,0.678563,0.668881,0.630255,0.605114,0.601871,0.610815,0.612158,0.635700,0.617510,0.625156,0.610471,0.596136,0.576528,0.563741,0.561706,0.565783,0.622217,0.604667,0.568446,0.432814,0.042464,0.640343
0.259509,0.266185,1.000000,0.365908,0.219183,0.250574,0.269124,0.275562,0.258738,0.253451,0.234991,0.320422,0.273129,0.238601,0.189660,0.218888,0.224022,0.232049,0.260828,0.214895,0.224318,0.219058,0.233066,0.186889,0.217358,0.169830,0.158615,0.180677,0.225192,0.238184,0.219632,0.220330,-0.055792,0.222494,0.276636,0.276510,0.648806,0.394420,0.272247,0.255454,0.290657,0.278716,0.263014,0.261883,0.244488,0.322715,0.290464,0.253719,0.224325,0.241511,0.239299,0.221720,0.218450,0.226472,0.216086,0.223626,0.221801,0.216663,0.233011,0.225892,0.241748,0.235774,0.249065,0.234339,0.219351,0.177225,-0.026504,0.260386
0.751389,0.677156,0.365908,1.000000,0.666570,0.740465,0.709073,0.784101,0.754438,0.751488,0.728412,0.858961,0.797914,0.734551,0.651157,0.684863,0.700016,0.723830,0.726790,0.688055,0.665800,0.655962,0.670908,0.559131,0.572501,0.421218,0.399373,0.415850,0.605551,0.701857,0.686471,0.693047,0.003392,0.643417,0.742566,0.658869,0.462165,0.917336,0.720630,0.736696,0.786503,0.782732,0.745833,0.749451,0.736219,0.829560,0.805067,0.746621,0.697488,0.680298,0.681706,0.659393,0.667344,0.707534,0.648393,0.656981,0.656931,0.634208,0.644852,0.621498,0.630217,0.640655,0.686094,0.683677,0.638149,0.473222,0.018318,0.735721
0.805431,0.736177,0.219183,0.666570,1.000000,0.758347,0.780650,0.742185,0.755868,0.731285,0.643875,0.647868,0.700756,0.659218,0.593203,0.730421,0.749953,0.693898,0.693859,0.616237,0.655369,0.662799,0.658883,0.585447,0.563239,0.444482,0.434861,0.430786,0.602416,0.694315,0.686952,0.678578,0.005162,0.842170,0.576650,0.544780,0.218864,0.594374,0.629930,0.653439,0.675760,0.706551,0.663484,0.682816,0.653089,0.629080,0.672931,0.655321,0.611059,0.596120,0.593386,0.584471,0.589534,0.621876,0.607160,0.605809,0.585117,0.578697,0.543549,0.548129,0.538488,0.555039,0.596767,0.591976,0.556089,0.419062,0.032915,0.624304
0.822015,0.721269,0.250574,0.740465,0.758347,1.000000,0.799066,0.937810,0.941540,0.902346,0.857234,0.799576,0.900857,0.863892,0.748068,0.819901,0.824774,0.828645,0.844495,0.794865,0.783684,0.771490,0.756266,0.670913,0.632864,0.484514,0.457949,0.452477,0.692685,0.818495,0.823349,0.781996,0.036328,0.700298,0.738085,0.715324,0.297682,0.686394,0.810042,0.869427,0.858788,0.912716,0.879155,0.885416,0.858114,0.777293,0.860144,0.862554,0.812303,0.790757,0.792809,0.751685,0.786419,0.825182,0.774262,0.764773,0.749361,0.763292,0.741339,0.732955,0.727473,0.741090,0.797050,0.794980,0.749921,0.552459,0.008540,0.818186
0.799043,0.746750,0.269124,0.709073,0.780650,0.799066,1.000000,0.836724,0.843590,0.800843,0.749957,0.724121,0.800701,0.759155,0.674038,0.738093,0.734273,0.748737,0.745896,0.713794,0.711686,0.710717,0.690553,0.611918,0.583693,0.434683,0.415894,0.406410,0.646489,0.747096,0.719303,0.715446,-0.008475,0.714488,0.662569,0.637825,0.283225,0.656702,0.727054,0.763383,0.799006,0.813455,0.777662,0.781443,0.755016,0.698180,0.763400,0.753715,0.702734,0.693329,0.684440,0.661535,0.682188,0.712608,0.680766,0.678446,0.663204,0.661532,0.644575,0.636272,0.621206,0.637942,0.697750,0.690135,0.651558,0.469691,0.031139,0.723580
0.819215,0.739970,0.275562,0.784101,0.742185,0.937810,0.836724,1.000000,0.956387,0.946333,0.928256,0.863391,0.967778,0.933216,0.807239,0.832216,0.811759,0.868545,0.864470,0.856063,0.824638,0.806591,0.771734,0.691404,0.642086,0.463064,0.427973,0.434244,0.709408,0.844127,0.842304,0.802819,0.033184,0.683335,0.798609,0.766996,0.334726,0.754605,0.878319,0.938819,0.924183,0.980998,0.947404,0.951204,0.933018,0.848911,0.933658,0.934934,0.881171,0.859660,0.861367,0.813911,0.854450,0.887899,0.830781,0.823847,0.807522,0.820306,0.812849,0.802564,0.796918,0.805994,0.872799,0.868312,0.820109,0.599373,0.009998,0.891791
0.830441,0.725197,0.258738,0.754438,0.755868,0.941540,0.843590,0.956387,1.000000,0.933511,0.889474,0.819671,0.924938,0.897515,0.782402,0.816041,0.808506,0.873793,0.884605,0.841319,0.828671,0.814233,0.806745,0.711002,0.681620,0.500741,0.465882,0.468821,0.762297,0.872782,0.846270,0.800705,0.028296,0.708556,0.754989,0.731590,0.308018,0.705486,0.837742,0.894849,0.880998,0.937064,0.910609,0.917631,0.893340,0.795413,0.883621,0.894500,0.845485,0.826505,0.821866,0.794110,0.823481,0.858517,0.817489,0.810962,0.778192,0.800254,0.773951,0.764312,0.753596,0.767553,0.828199,0.823598,0.787767,0.574726,0.004056,0.851775
0.796902,0.718324,0.253451,0.751488,0.731285,0.902346,0.800843,0.946333,0.933511,1.000000,0.904474,0.822981,0.923081,0.907138,0.797987,0.867206,0.832678,0.883083,0.879382,0.848656,0.818769,0.798953,0.776463,0.685180,0.644955,0.464185,0.417880,0.423351,0.724749,0.848762,0.851706,0.793801,0.045081,0.674808,0.766065,0.729075,0.305414,0.712829,0.844378,0.894537,0.877727,0.934265,0.911761,0.943757,0.911156,0.802417,0.886923,0.907415,0.862053,0.839226,0.840860,0.810902,0.838697,0.874175,0.820507,0.815185,0.797153,0.817810,0.803155,0.788082,0.773243,0.783110,0.848720,0.840601,0.794363,0.588334,0.001739,0.862142
0.724974,0.672112,0.234991,0.728412,0.643875,0.857234,0.749957,0.928256,0.889474,0.904474,1.000000,0.848977,0.954192,0.989038,0.913478,0.774612,0.744515,0.830397,0.825261,0.927564,0.819952,0.787442,0.717958,0.665983,0.577810,0.343343,0.318057,0.339162,0.651005,0.794574,0.814672,0.756868,0.074010,0.567237,0.800468,0.781377,0.310434,0.710433,0.885185,0.928826,0.888480,0.939322,0.929408,0.934244,0.971602,0.836104,0.922432,0.973828,0.961160,0.899141,0.905205,0.876132,0.904667,0.953083,0.887393,0.869414,0.863427,0.879375,0.873809,0.874904,0.859518,0.857581,0.911636,0.907131,0.862217,0.635797,-0.007975,0.910298
0.725340,0.674408,0.320422,0.858961,0.647868,0.799576,0.724121,0.863391,0.819671,0.822981,0.848977,1.000000,0.914692,0.852032,0.749886,0.732453,0.719690,0.763368,0.770438,0.767882,0.716755,0.698239,0.683999,0.587170,0.562315,0.385425,0.362488,0.386166,0.614545,0.739220,0.744019,0.716803,0.033779,0.599478,0.833757,0.763840,0.421027,0.872374,0.832331,0.849842,0.863694,0.879783,0.851527,0.844430,0.853616,0.915667,0.915542,0.870500,0.820258,0.799931,0.805930,0.746972,0.780261,0.815638,0.739317,0.733354,0.761185,0.742177,0.761138,0.758902,0.761527,0.773156,0.808772,0.807549,0.759888,0.571861,0.007968,0.848393
0.782069,0.715156,0.273129,0.797914,0.700756,0.900857,0.800701,0.967778,0.924938,0.923081,0.954192,0.914692,1.000000,0.957423,0.851929,0.806980,0.782923,0.849065,0.847469,0.880162,0.815219,0.791581,0.748098,0.674212,0.613619,0.408793,0.378302,0.398217,0.679616,0.820758,0.829948,0.783707,0.050543,0.633924,0.837176,0.799854,0.349528,0.784785,0.897634,0.943235,0.924364,0.972185,0.948679,0.944866,0.953474,0.887574,0.957136,0.960092,0.921228,0.888124,0.888764,0.840114,0.879892,0.917112,0.849411,0.835984,0.842101,0.839326,0.848370,0.839004,0.834194,0.842683,0.900529,0.895159,0.849018,0.624759,0.010383,0.915340
0.740087,0.680077,0.238601,0.734551,0.659218,0.863892,0.759155,0.933216,0.897515,0.907138,0.989038,0.852032,0.957423,1.000000,0.925280,0.783861,0.757206,0.839284,0.834305,0.937470,0.828256,0.797948,0.723500,0.674839,0.581424,0.349249,0.324012,0.341300,0.658056,0.803577,0.823625,0.767260,0.069536,0.581944,0.798075,0.778443,0.307329,0.715603,0.883496,0.926351,0.892669,0.941650,0.927446,0.932480,0.969078,0.838474,0.923628,0.973046,0.962893,0.896839,0.898273,0.876709,0.899220,0.952760,0.887310,0.871899,0.858144,0.876921,0.866144,0.863537,0.846730,0.848995,0.902764,0.900139,0.851614,0.630750,-0.012095,0.906602
0.671225,0.615592,0.189660,0.651157,0.593203,0.748068,0.674038,0.807239,0.782402,0.797987,0.913478,0.749886,0.851929,0.925280,1.000000,0.691935,0.666375,0.772164,0.762375,0.945227,0.773580,0.743318,0.656153,0.633240,0.517373,0.260562,0.255608,0.276151,0.595877,0.729356,0.749622,0.718946,0.104272,0.513815,0.689889,0.678877,0.245331,0.615533,0.768869,0.801640,0.774486,0.812268,0.806931,0.806861,0.877228,0.727371,0.804087,0.882623,0.925283,0.804045,0.800952,0.835595,0.824890,0.903792,0.830990,0.820214,0.805773,0.812432,0.786286,0.791563,0.753851,0.756664,0.809510,0.804495,0.755084,0.571993,-0.022441,0.800062
0.762097,0.677905,0.218888,0.684863,0.730421,0.819901,0.738093,0.832216,0.816041,0.867206,0.774612,0.732453,0.806980,0.783861,0.691935,1.000000,0.875934,0.797269,0.782716,0.735211,0.712555,0.695891,0.696583,0.596241,0.590956,0.433439,0.405282,0.414859,0.636859,0.751952,0.792123,0.754798,0.035955,0.682067,0.665999,0.632427,0.263242,0.640491,0.739634,0.781486,0.779912,0.818006,0.790122,0.822332,0.786563,0.698925,0.772827,0.783164,0.732610,0.723881,0.723291,0.701469,0.716060,0.748084,0.699570,0.698156,0.690182,0.694900,0.691653,0.677574,0.660158,0.676183,0.741477,0.725465,0.674651,0.501667,0.013304,0.744886
0.791911,0.698138,0.224022,0.700016,0.749953,0.824774,0.734273,0.811759,0.808506,0.832678,0.744515,0.719690,0.782923,0.757206,0.666375,0.875934,1.000000,0.772204,0.787121,0.712310,0.708279,0.706197,0.686719,0.616798,0.589572,0.479560,0.461302,0.441435,0.631521,0.759434,0.813097,0.765332,0.002475,0.712953,0.643397,0.616293,0.264687,0.638096,0.710556,0.748853,0.760882,0.793001,0.758470,0.784243,0.747686,0.693983,0.753859,0.749139,0.698805,0.685878,0.690572,0.674069,0.683378,0.715958,0.672185,0.676659,0.659784,0.659761,0.649776,0.625925,0.615544,0.633553,0.696432,0.688275,0.635743,0.482664,0.011815,0.712625
0.801445,0.678032,0.232049,0.723830,0.693898,0.828645,0.748737,0.868545,0.873793,0.883083,0.830397,0.763368,0.849065,0.839284,0.772164,0.797269,0.772204,1.000000,0.924242,0.854343,0.868667,0.858367,0.876400,0.769560,0.776419,0.544213,0.491582,0.507346,0.804723,0.873002,0.830786,0.850594,0.052018,0.706649,0.681657,0.645872,0.264240,0.674406,0.758777,0.800183,0.795466,0.848790,0.817162,0.841159,0.820214,0.731235,0.803416,0.819283,0.795268,0.764832,0.758468,0.794661,0.783022,0.818870,0.801194,0.808756,0.761537,0.772604,0.722147,0.706891,0.688787,0.697423,0.762313,0.753443,0.708640,0.528810,-0.015395,0.776004
0.811529,0.694418,0.260828,0.726790,0.693859,0.844495,0.745896,0.864470,0.884605,0.879382,0.825261,0.770438,0.847469,0.834305,0.762375,0.782716,0.787121,0.924242,1.000000,0.833762,0.848870,0.833264,0.878401,0.749500,0.774160,0.573899,0.535791,0.528704,0.847930,0.918554,0.845208,0.815718,0.041194,0.682684,0.680534,0.656476,0.289709,0.667513,0.761028,0.794608,0.798818,0.840178,0.810816,0.832491,0.817651,0.721802,0.795853,0.814584,0.789338,0.758438,0.748988,0.785714,0.787751,0.814082,0.798397,0.805484,0.763023,0.765163,0.725902,0.697541,0.685293,0.694415,0.755466,0.753020,0.712214,0.534341,-0.003983,0.776240
0.722376,0.657570,0.214895,0.688055,0.616237,0.794865,0.713794,0.856063,0.841319,0.848656,0.927564,0.767882,0.880162,0.937470,0.945227,0.735211,0.712310,0.854343,0.833762,1.000000,0.866298,0.841037,0.747116,0.733324,0.629939,0.382624,0.357692,0.368091,0.687474,0.804529,0.791416,0.768214,0.081602,0.570228,0.707316,0.692988,0.261303,0.645045,0.795686,0.832120,0.812902,0.855390,0.844124,0.853659,0.896824,0.745771,0.829911,0.898745,0.923569,0.828900,0.823091,0.868829,0.854622,0.921015,0.875815,0.873698,0.827074,0.854284,0.804564,0.802998,0.764362,0.765237,0.832604,0.827076,0.772639,0.582770,-0.031592,0.827972
0.758705,0.669899,0.224318,0.665800,0.655369,0.783684,0.711686,0.824638,0.828671,0.818769,0.819952,0.716755,0.815219,0.828256,0.773580,0.712555,0.708279,0.868667,0.848870,0.866298,1.000000,0.973877,0.820976,0.896580,0.748022,0.534132,0.497291,0.493600,0.766262,0.828891,0.771801,0.743552,0.023774,0.643755,0.648154,0.630981,0.249814,0.617138,0.729793,0.766292,0.758760,0.809990,0.784512,0.797026,0.805581,0.693218,0.768527,0.805242,0.792118,0.751372,0.741166,0.795499,0.779040,0.817540,0.840262,0.846943,0.770482,0.798056,0.721408,0.700643,0.678100,0.686837,0.747164,0.741132,0.693683,0.527005,-0.017087,0.750049
0.766144,0.669304,0.219058,0.655962,0.662799,0.771490,0.710717,0.806591,0.814233,0.798953,0.787442,0.698239,0.791581,0.797948,0.743318,0.695891,0.706197,0.858367,0.833264,0.841037,0.973877,1.000000,0.817867,0.925081,0.758453,0.546344,0.516037,0.516152,0.760552,0.821175,0.757580,0.734897,0.010999,0.662062,0.620794,0.604348,0.239801,0.603889,0.704185,0.739249,0.742946,0.788163,0.761193,0.772228,0.775271,0.672792,0.744226,0.774362,0.756279,0.721540,0.706775,0.766966,0.744999,0.784119,0.807543,0.820114,0.735923,0.764529,0.691114,0.663165,0.643873,0.656559,0.714786,0.706489,0.658640,0.502390,-0.015503,0.721302
0.768266,0.656036,0.233066,0.670908,0.658883,0.756266,0.690553,0.771734,0.806745,0.776463,0.717958,0.683999,0.748098,0.723500,0.656153,0.696583,0.686719,0.876400,0.878401,0.747116,0.820976,0.817867,1.000000,0.756413,0.895395,0.622362,0.585109,0.590167,0.853819,0.848389,0.739471,0.743435,0.030572,0.693391,0.587378,0.558193,0.250534,0.607827,0.659251,0.691616,0.702074,0.746400,0.715234,0.732902,0.708230,0.641116,0.697785,0.705939,0.672186,0.666619,0.650989,0.686662,0.682428,0.706206,0.712517,0.728420,0.665219,0.673546,0.609139,0.601530,0.589122,0.590656,0.646440,0.641953,0.599053,0.450324,-0.007153,0.670407
0.685001,0.592511,0.186889,0.559131,0.585447,0.670913,0.611918,0.691404,0.711002,0.685180,0.665983,0.587170,0.674212,0.674839,0.633240,0.596241,0.616798,0.769560,0.749500,0.733324,0.896580,0.925081,0.756413,1.000000,0.744401,0.583578,0.544773,0.529362,0.709392,0.740121,0.663562,0.647723,0.006825,0.599261,0.502452,0.496087,0.189287,0.499512,0.589424,0.616483,0.622291,0.666973,0.637838,0.648757,0.652880,0.549457,0.614947,0.646722,0.628253,0.604091,0.587524,0.651148,0.633260,0.666931,0.702997,0.721234,0.625077,0.655548,0.585215,0.538599,0.529312,0.542664,0.597521,0.589195,0.550298,0.421116,-0.020474,0.600371
0.685045,0.561758,0.217358,0.572501,0.563239,0.632864,0.583693,0.642086,0.681620,0.644955,0.577810,0.562315,0.613619,0.581424,0.517373,0.590956,0.589572,0.776419,0.774160,0.629939,0.748022,0.758453,0.895395,0.744401,1.000000,0.680228,0.625196,0.635239,0.824876,0.765972,0.627870,0.636495,0.025118,0.629795,0.459703,0.437999,0.200521,0.509526,0.530874,0.556899,0.578459,0.615102,0.586510,0.604560,0.574680,0.517271,0.560053,0.563378,0.528845,0.544297,0.522499,0.567366,0.551531,0.570190,0.592196,0.615500,0.535316,0.548103,0.480902,0.469895,0.464735,0.462104,0.510471,0.504979,0.475191,0.348434,0.010356,0.534731
0.554718,0.447039,0.169830,0.421218,0.444482,0.484514,0.434683,0.463064,0.500741,0.464185,0.343343,0.385425,0.408793,0.349249,0.260562,0.433439,0.479560,0.544213,0.573899,0.382624,0.534132,0.546344,0.622362,0.583578,0.680228,1.000000,0.876676,0.706449,0.641433,0.578746,0.462019,0.474584,-0.018690,0.498941,0.310116,0.283857,0.155693,0.363338,0.328326,0.371236,0.396589,0.423543,0.389120,0.406381,0.343090,0.347353,0.367955,0.341141,0.296877,0.314460,0.303617,0.355583,0.342422,0.343716,0.366114,0.377489,0.321995,0.320270,0.284669,0.243977,0.240822,0.261417,0.310811,0.306702,0.280349,0.216874,0.023192,0.336487
0.550155,0.444221,0.158615,0.399373,0.434861,0.457949,0.415894,0.427973,0.465882,0.417880,0.318057,0.362488,0.378302,0.324012,0.255608,0.405282,0.461302,0.491582,0.535791,0.357692,0.497291,0.516037,0.585109,0.544773,0.625196,0.876676,1.000000,0.836217,0.594577,0.543027,0.427635,0.457012,-0.037454,0.497536,0.270568,0.248121,0.144627,0.339896,0.293280,0.330577,0.353292,0.385367,0.347689,0.361174,0.312399,0.321996,0.335918,0.309934,0.271183,0.276696,0.264340,0.325095,0.308227,0.309181,0.345511,0.354686,0.293096,0.291464,0.249481,0.205453,0.213848,0.232343,0.278588,0.275613,0.248765,0.196498,0.014845,0.296215
0.550395,0.407985,0.180677,0.415850,0.430786,0.452477,0.406410,0.434244,0.468821,0.423351,0.339162,0.386166,0.398217,0.341300,0.276151,0.414859,0.441435,0.507346,0.528704,0.368091,0.493600,0.516152,0.590167,0.529362,0.635239,0.706449,0.836217,1.000000,0.603647,0.541997,0.426125,0.448371,-0.027051,0.551918,0.282404,0.272351,0.170849,0.369539,0.315225,0.342726,0.372091,0.398396,0.361250,0.374318,0.337663,0.352306,0.358461,0.334581,0.293762,0.298012,0.289064,0.338629,0.322807,0.329450,0.356089,0.371814,0.304426,0.303340,0.270166,0.240460,0.250086,0.270896,0.300515,0.298629,0.271436,0.212693,0.022963,0.311742
0.719545,0.597249,0.225192,0.605551,0.602416,0.692685,0.646489,0.709408,0.762297,0.724749,0.651005,0.614545,0.679616,0.658056,0.595877,0.636859,0.631521,0.804723,0.847930,0.687474,0.766262,0.760552,0.853819,0.709392,0.824876,0.641433,0.594577,0.603647,1.000000,0.875709,0.704397,0.690671,0.020724,0.647488,0.529319,0.504222,0.227438,0.543240,0.607576,0.621716,0.654538,0.682987,0.656885,0.676237,0.648770,0.572067,0.632929,0.643153,0.609056,0.594477,0.582416,0.638885,0.629256,0.647174,0.660071,0.673486,0.598897,0.621929,0.561684,0.545127,0.528881,0.542452,0.592149,0.580524,0.548964,0.418998,-0.009269,0.611217
0.811923,0.696361,0.238184,0.701857,0.694315,0.818495,0.747096,0.844127,0.872782,0.848762,0.794574,0.739220,0.820758,0.803577,0.729356,0.751952,0.759434,0.873002,0.918554,0.804529,0.828891,0.821175,0.848389,0.740121,0.765972,0.578746,0.543027,0.541997,0.875709,1.000000,0.835592,0.803613,0.032999,0.691851,0.652064,0.635449,0.267877,0.647326,0.737387,0.768184,0.786722,0.821893,0.794589,0.809697,0.787851,0.709090,0.776221,0.789472,0.759032,0.729189,0.718062,0.753335,0.757349,0.783274,0.765107,0.769528,0.721934,0.734679,0.690018,0.663916,0.650859,0.666719,0.724007,0.726133,0.684082,0.515651,0.003373,0.749463
0.770408,0.679834,0.219632,0.686471,0.686952,0.823349,0.719303,0.842304,0.846270,0.851706,0.814672,0.744019,0.829948,0.823625,0.749622,0.792123,0.813097,0.830786,0.845208,0.791416,0.771801,0.757580,0.739471,0.663562,0.627870,0.462019,0.427635,0.426125,0.704397,0.835592,1.000000,0.820700,0.048142,0.664223,0.686893,0.668616,0.253443,0.644224,0.748329,0.792531,0.787880,0.831456,0.797145,0.820518,0.808859,0.722093,0.790051,0.813647,0.783956,0.753021,0.751643,0.751838,0.763797,0.797552,0.756412,0.757844,0.728515,0.745766,0.708723,0.688647,0.680484,0.693529,0.748878,0.751239,0.708049,0.537581,0.015463,0.772038
0.794560,0.670602,0.220330,0.693047,0.678578,0.781996,0.715446,0.802819,0.800705,0.793801,0.756868,0.716803,0.783707,0.767260,0.718946,0.754798,0.765332,0.850594,0.815718,0.768214,0.743552,0.734897,0.743435,0.647723,0.636495,0.474584,0.457012,0.448371,0.690671,0.803613,0.820700,1.000000,0.086899,0.682194,0.637373,0.622891,0.253479,0.635093,0.695222,0.726937,0.738048,0.785240,0.739283,0.763238,0.746314,0.684520,0.743829,0.751025,0.722513,0.679087,0.677218,0.691051,0.689698,0.730871,0.702135,0.703019,0.665455,0.686479,0.635021,0.624911,0.602604,0.614816,0.686353,0.671955,0.632927,0.473101,0.001849,0.700037
0.009931,0.009280,-0.055792,0.003392,0.005162,0.036328,-0.008475,0.033184,0.028296,0.045081,0.074010,0.033779,0.050543,0.069536,0.104272,0.035955,0.002475,0.052018,0.041194,0.081602,0.023774,0.010999,0.030572,0.006825,0.025118,-0.018690,-0.037454,-0.027051,0.020724,0.032999,0.048142,0.086899,1.000000,-0.006042,0.028936,0.042112,-0.079916,-0.007017,0.039197,0.036701,0.020743,0.033791,0.039485,0.050769,0.060594,0.013220,0.038130,0.061471,0.084648,0.058719,0.052585,0.076314,0.075932,0.083693,0.068418,0.059189,0.076311,0.073383,0.069743,0.075746,0.057780,0.046335,0.058025,0.057533,0.054380,0.037407,-0.067498,0.049281
0.838455,0.683620,0.222494,0.643417,0.842170,0.700298,0.714488,0.683335,0.708556,0.674808,0.567237,0.599478,0.633924,0.581944,0.513815,0.682067,0.712953,0.706649,0.682684,0.570228,0.643755,0.662062,0.693391,0.599261,0.629795,0.498941,0.497536,0.551918,0.647488,0.691851,0.664223,0.682194,-0.006042,1.000000,0.504883,0.483489,0.206705,0.564334,0.552851,0.583170,0.622522,0.646105,0.597890,0.619696,0.572309,0.562473,0.601384,0.573303,0.525014,0.512069,0.508859,0.514924,0.509086,0.542242,0.544556,0.551610,0.505963,0.510304,0.456662,0.466272,0.454937,0.467670,0.512575,0.497371,0.462944,0.340085,0.029830,0.540841
0.628560,0.581905,0.276636,0.742566,0.576650,0.738085,0.662569,0.798609,0.754989,0.766065,0.800468,0.833757,0.837176,0.798075,0.689889,0.665999,0.643397,0.681657,0.680534,0.707316,0.648154,0.620794,0.587378,0.502452,0.459703,0.310116,0.270568,0.282404,0.529319,0.652064,0.686893,0.637373,0.028936,0.504883,1.000000,0.862906,0.388470,0.778957,0.852649,0.828914,0.827573,0.830554,0.823206,0.813481,0.813729,0.864968,0.873078,0.839079,0.791430,0.776290,0.805632,0.709294,0.761228,0.786458,0.725937,0.708291,0.734692,0.737077,0.767072,0.769835,0.791622,0.818642,0.811293,0.811633,0.776061,0.592591,0.018422,0.889671
0.597055,0.559196,0.276510,0.658869,0.544780,0.715324,0.637825,0.766996,0.731590,0.729075,0.781377,0.763840,0.799854,0.778443,0.678877,0.632427,0.616293,0.645872,0.656476,0.692988,0.630981,0.604348,0.558193,0.496087,0.437999,0.283857,0.248121,0.272351,0.504222,0.635449,0.668616,0.622891,0.042112,0.483489,0.862906,1.000000,0.343533,0.668177,0.831143,0.802564,0.796898,0.799533,0.800805,0.788300,0.793808,0.772922,0.809560,0.812377,0.775567,0.767104,0.792256,0.693108,0.758013,0.772432,0.720764,0.707056,0.717553,0.721810,0.764071,0.752987,0.770661,0.787523,0.793653,0.791854,0.763966,0.585231,0.022585,0.845839
0.258798,0.283241,0.648806,0.462165,0.218864,0.297682,0.283225,0.334726,0.308018,0.305414,0.310434,0.421027,0.349528,0.307329,0.245331,0.263242,0.264687,0.264240,0.289709,0.261303,0.249814,0.239801,0.250534,0.189287,0.200521,0.155693,0.144627,0.170849,0.227438,0.267877,0.253443,0.253479,-0.079916,0.206705,0.388470,0.343533,1.000000,0.520339,0.353015,0.327675,0.371070,0.349964,0.326993,0.324959,0.315823,0.433885,0.383873,0.327499,0.296660,0.313499,0.312148,0.277000,0.290452,0.294649,0.254935,0.256990,0.278000,0.251329,0.297379,0.289997,0.314447,0.316487,0.316356,0.310675,0.306389,0.237298,0.010812,0.345756
0.667247,0.615463,0.394420,0.917336,0.594374,0.686394,0.656702,0.754605,0.705486,0.712829,0.710433,0.872374,0.784785,0.715603,0.615533,0.640491,0.638096,0.674406,0.667513,0.645045,0.617138,0.603889,0.607827,0.499512,0.509526,0.363338,0.339896,0.369539,0.543240,0.647326,0.644224,0.635093,-0.007017,0.564334,0.778957,0.668177,0.520339,1.000000,0.730217,0.735247,0.779862,0.772985,0.737383,0.733190,0.720983,0.894317,0.829517,0.743710,0.686189,0.683506,0.675967,0.621297,0.644273,0.686361,0.614676,0.615242,0.628858,0.606396,0.632145,0.621073,0.636983,0.649824,0.681473,0.682424,0.633949,0.467178,-0.004579,0.742476
0.683367,0.634900,0.272247,0.720630,0.629930,0.810042,0.727054,0.878319,0.837742,0.844378,0.885185,0.832331,0.897634,0.883496,0.768869,0.739634,0.710556,0.758777,0.761028,0.795686,0.729793,0.704185,0.659251,0.589424,0.530874,0.328326,0.293280,0.315225,0.607576,0.737387,0.748329,0.695222,0.039197,0.552851,0.852649,0.831143,0.353015,0.730217,1.000000,0.908943,0.899356,0.903181,0.902333,0.893842,0.894911,0.844106,0.900101,0.907722,0.863888,0.870668,0.889543,0.807918,0.854988,0.867276,0.815023,0.796140,0.814466,0.817381,0.844890,0.839443,0.851047,0.866814,0.887214,0.886349,0.858415,0.661614,0.019908,0.937004
0.725255,0.667708,0.255454,0.736696,0.653439,0.869427,0.763383,0.938819,0.894849,0.894537,0.928826,0.849842,0.943235,0.926351,0.801640,0.781486,0.748853,0.800183,0.794608,0.832120,0.766292,0.739249,0.691616,0.616483,0.556899,0.371236,0.330577,0.342726,0.621716,0.768184,0.792531,0.726937,0.036701,0.583170,0.828914,0.802564,0.327675,0.735247,0.908943,1.000000,0.920798,0.960106,0.963188,0.944936,0.936549,0.855212,0.932901,0.942425,0.896900,0.890686,0.896899,0.815132,0.872111,0.894745,0.831246,0.809389,0.820679,0.824638,0.844869,0.838072,0.837787,0.845650,0.908131,0.903340,0.865359,0.638614,0.006025,0.922682
0.752579,0.684180,0.290657,0.786503,0.675760,0.858788,0.799006,0.924183,0.880998,0.877727,0.888480,0.863694,0.924364,0.892669,0.774486,0.779912,0.760882,0.795466,0.798818,0.812902,0.758760,0.742946,0.702074,0.622291,0.578459,0.396589,0.353292,0.372091,0.654538,0.786722,0.787880,0.738048,0.020743,0.622522,0.827573,0.796898,0.371070,0.779862,0.899356,0.920798,1.000000,0.938069,0.926700,0.913915,0.894976,0.863069,0.918204,0.903049,0.850757,0.844133,0.843756,0.779052,0.825898,0.854294,0.786800,0.783353,0.785836,0.782883,0.801834,0.785722,0.784963,0.800643,0.862765,0.854998,0.811544,0.599894,0.023859,0.890530
0.784103,0.717708,0.278716,0.782732,0.706551,0.912716,0.813455,0.980998,0.937064,0.934265,0.939322,0.879783,0.972185,0.941650,0.812268,0.818006,0.793001,0.848790,0.840178,0.855390,0.809990,0.788163,0.746400,0.666973,0.615102,0.423543,0.385367,0.398396,0.682987,0.821893,0.831456,0.785240,0.033791,0.646105,0.830554,0.799533,0.349964,0.772985,0.903181,0.960106,0.938069,1.000000,0.960045,0.959417,0.946479,0.876045,0.954477,0.953010,0.896080,0.880975,0.883447,0.822065,0.869945,0.898174,0.834588,0.822695,0.818728,0.828808,0.835202,0.825984,0.823242,0.834093,0.894159,0.890364,0.846115,0.620247,0.007733,0.914337
0.739226,0.681768,0.263014,0.745833,0.663484,0.879155,0.777662,0.947404,0.910609,0.911761,0.929408,0.851527,0.948679,0.927446,0.806931,0.790122,0.758470,0.817162,0.810816,0.844124,0.784512,0.761193,0.715234,0.637838,0.586510,0.389120,0.347689,0.361250,0.656885,0.794589,0.797145,0.739283,0.039485,0.597890,0.823206,0.800805,0.326993,0.737383,0.902333,0.963188,0.926700,0.960045,1.000000,0.961675,0.938732,0.853877,0.933568,0.943641,0.895887,0.889437,0.892800,0.818725,0.876745,0.896602,0.832583,0.821052,0.824203,0.828856,0.853030,0.841706,0.839089,0.846932,0.909081,0.900572,0.859718,0.629785,0.001208,0.915296
0.746333,0.693126,0.261883,0.749451,0.682816,0.885416,0.781443,0.951204,0.917631,0.943757,0.934244,0.844430,0.944866,0.932480,0.806861,0.822332,0.784243,0.841159,0.832491,0.853659,0.797026,0.772228,0.732902,0.648757,0.604560,0.406381,0.361174,0.374318,0.676237,0.809697,0.820518,0.763238,0.050769,0.619696,0.813481,0.788300,0.324959,0.733190,0.893842,0.944936,0.913915,0.959417,0.961675,1.000000,0.943920,0.842599,0.924906,0.945179,0.893100,0.894266,0.891338,0.824958,0.876375,0.900961,0.841145,0.831338,0.825209,0.837971,0.851845,0.839044,0.835064,0.837902,0.902446,0.892634,0.849267,0.618026,0.000186,0.911821
0.726492,0.670822,0.244488,0.736219,0.653089,0.858114,0.755016,0.933018,0.893340,0.911156,0.971602,0.853616,0.953474,0.969078,0.877228,0.786563,0.747686,0.820214,0.817651,0.896824,0.805581,0.775271,0.708230,0.652880,0.574680,0.343090,0.312399,0.337663,0.648770,0.787851,0.808859,0.746314,0.060594,0.572309,0.813729,0.793808,0.315823,0.720983,0.894911,0.936549,0.894976,0.946479,0.938732,0.943920,1.000000,0.850278,0.931460,0.980381,0.947673,0.904439,0.909726,0.864944,0.903383,0.947362,0.878353,0.857051,0.858659,0.871644,0.880990,0.880630,0.869870,0.869285,0.917954,0.915703,0.870759,0.643184,0.000306,0.917343
0.690782,0.635215,0.322715,0.829560,0.629080,0.777293,0.698180,0.848911,0.795413,0.802417,0.836104,0.915667,0.887574,0.838474,0.727371,0.698925,0.693983,0.731235,0.721802,0.745771,0.693218,0.672792,0.641116,0.549457,0.517271,0.347353,0.321996,0.352306,0.572067,0.709090,0.722093,0.684520,0.013220,0.562473,0.864968,0.772922,0.433885,0.894317,0.844106,0.855212,0.863069,0.876045,0.853877,0.842599,0.850278,1.000000,0.948143,0.877110,0.822346,0.803380,0.804430,0.733660,0.770394,0.815591,0.726321,0.714057,0.739008,0.727178,0.759465,0.756728,0.770439,0.790281,0.813795,0.813428,0.768440,0.570714,0.016095,0.861237
0.739627,0.678563,0.290464,0.805067,0.672931,0.860144,0.763400,0.933658,0.883621,0.886923,0.922432,0.915542,0.957136,0.923628,0.804087,0.772827,0.753859,0.803416,0.795853,0.829911,0.768527,0.744226,0.697785,0.614947,0.560053,0.367955,0.335918,0.358461,0.632929,0.776221,0.790051,0.743829,0.038130,0.601384,0.873078,0.809560,0.383873,0.829517,0.900101,0.932901,0.918204,0.954477,0.933568,0.924906,0.931460,0.948143,1.000000,0.952584,0.899821,0.875253,0.877627,0.805349,0.853206,0.893374,0.815379,0.797102,0.806222,0.813226,0.831880,0.831773,0.837275,0.853311,0.886449,0.884964,0.841631,0.620871,0.011030,0.920035
0.725479,0.668881,0.253719,0.746621,0.655321,0.862554,0.753715,0.934934,0.894500,0.907415,0.973828,0.870500,0.960092,0.973046,0.882623,0.783164,0.749139,0.819283,0.814584,0.898745,0.805242,0.774362,0.705939,0.646722,0.563378,0.341141,0.309934,0.334581,0.643153,0.789472,0.813647,0.751025,0.061471,0.573303,0.839079,0.812377,0.327499,0.743710,0.907722,0.942425,0.903049,0.953010,0.943641,0.945179,0.980381,0.877110,0.952584,1.000000,0.963376,0.909074,0.916546,0.868113,0.909744,0.959421,0.882105,0.860734,0.863836,0.876956,0.887282,0.886931,0.877143,0.882241,0.926300,0.922134,0.879409,0.651059,0.000158,0.934387
0.681603,0.630255,0.224325,0.697488,0.611059,0.812303,0.702734,0.881171,0.845485,0.862053,0.961160,0.820258,0.921228,0.962893,0.925283,0.732610,0.698805,0.795268,0.789338,0.923569,0.792118,0.756279,0.672186,0.628253,0.528845,0.296877,0.271183,0.293762,0.609056,0.759032,0.783956,0.722513,0.084648,0.525014,0.791430,0.775567,0.296660,0.686189,0.863888,0.896900,0.850757,0.896080,0.895887,0.893100,0.947673,0.822346,0.899821,0.963376,1.000000,0.886465,0.895973,0.884265,0.901784,0.969849,0.885726,0.863216,0.866570,0.873751,0.874218,0.881648,0.861396,0.861024,0.900456,0.897307,0.856196,0.655606,-0.007901,0.898565
0.638890,0.605114,0.241511,0.680298,0.596120,0.790757,0.693329,0.859660,0.826505,0.839226,0.899141,0.799931,0.888124,0.896839,0.804045,0.723881,0.685878,0.764832,0.758438,0.828900,0.751372,0.721540,0.666619,0.604091,0.544297,0.314460,0.276696,0.298012,0.594477,0.729189,0.753021,0.679087,0.058719,0.512069,0.776290,0.767104,0.313499,0.683506,0.870668,0.890686,0.844133,0.880975,0.889437,0.894266,0.904439,0.803380,0.875253,0.909074,0.886465,1.000000,0.918747,0.839457,0.880984,0.881823,0.829066,0.812268,0.823569,0.829095,0.854588,0.850533,0.850134,0.854960,0.885753,0.895785,0.859445,0.662578,0.011599,0.899230
0.633047,0.601871,0.239299,0.681706,0.593386,0.792809,0.684440,0.861367,0.821866,0.840860,0.905205,0.805930,0.888764,0.898273,0.800952,0.723291,0.690572,0.758468,0.748988,0.823091,0.741166,0.706775,0.650989,0.587524,0.522499,0.303617,0.264340,0.289064,0.582416,0.718062,0.751643,0.677218,0.052585,0.508859,0.805632,0.792256,0.312148,0.675967,0.889543,0.896899,0.843756,0.883447,0.892800,0.891338,0.909726,0.804430,0.877627,0.916546,0.895973,0.918747,1.000000,0.879152,0.928458,0.893841,0.855485,0.831243,0.870795,0.859427,0.893750,0.881240,0.898174,0.908892,0.924101,0.944959,0.931617,0.769117,0.045575,0.934901
0.662016,0.610815,0.221720,0.659393,0.584471,0.751685,0.661535,0.813911,0.794110,0.810902,0.876132,0.746972,0.840114,0.876709,0.835595,0.701469,0.674069,0.794661,0.785714,0.868829,0.795499,0.766966,0.686662,0.651148,0.567366,0.355583,0.325095,0.338629,0.638885,0.753335,0.751838,0.691051,0.076314,0.514924,0.709294,0.693108,0.277000,0.621297,0.807918,0.815132,0.779052,0.822065,0.818725,0.824958,0.864944,0.733660,0.805349,0.868113,0.884265,0.839457,0.879152,1.000000,0.935526,0.891174,0.872574,0.861381,0.871247,0.846142,0.847387,0.819392,0.809944,0.821337,0.855878,0.876717,0.850107,0.739959,0.004089,0.863876
0.651755,0.612158,0.218450,0.667344,0.589534,0.786419,0.682188,0.854450,0.823481,0.838697,0.904667,0.780261,0.879892,0.899220,0.824890,0.716060,0.683378,0.783022,0.787751,0.854622,0.779040,0.744999,0.682428,0.633260,0.551531,0.342422,0.308227,0.322807,0.629256,0.757349,0.763797,0.689698,0.075932,0.509086,0.761228,0.758013,0.290452,0.644273,0.854988,0.872111,0.825898,0.869945,0.876745,0.876375,0.903383,0.770394,0.853206,0.909744,0.901784,0.880984,0.928458,0.935526,1.000000,0.908660,0.878137,0.861240,0.896562,0.865573,0.894621,0.862506,0.870419,0.878940,0.915201,0.940941,0.916760,0.756069,0.032554,0.906958
0.701265,0.635700,0.226472,0.707534,0.621876,0.825182,0.712608,0.887899,0.858517,0.874175,0.953083,0.815638,0.917112,0.952760,0.903792,0.748084,0.715958,0.818870,0.814082,0.921015,0.817540,0.784119,0.706206,0.666931,0.570190,0.343716,0.309181,0.329450,0.647174,0.783274,0.797552,0.730871,0.083693,0.542242,0.786458,0.772432,0.294649,0.686361,0.867276,0.894745,0.854294,0.898174,0.896602,0.900961,0.947362,0.815591,0.893374,0.959421,0.969849,0.881823,0.893841,0.891174,0.908660,1.000000,0.899916,0.880765,0.869785,0.886783,0.884325,0.880706,0.863361,0.862357,0.902314,0.898979,0.859327,0.660665,-0.001197,0.902001
0.670822,0.617510,0.216086,0.648393,0.607160,0.774262,0.680766,0.830781,0.817489,0.820507,0.887393,0.739317,0.849411,0.887310,0.830990,0.699570,0.672185,0.801194,0.798397,0.875815,0.840262,0.807543,0.712517,0.702997,0.592196,0.366114,0.345511,0.356089,0.660071,0.765107,0.756412,0.702135,0.068418,0.544556,0.725937,0.720764,0.254935,0.614676,0.815023,0.831246,0.786800,0.834588,0.832583,0.841145,0.878353,0.726321,0.815379,0.882105,0.885726,0.829066,0.855485,0.872574,0.878137,0.899916,1.000000,0.967427,0.857691,0.931542,0.853246,0.842189,0.816806,0.812377,0.860013,0.861187,0.823151,0.646665,0.005458,0.850789
0.678183,0.625156,0.223626,0.656981,0.605809,0.764773,0.678446,0.823847,0.810962,0.815185,0.869414,0.733354,0.835984,0.871899,0.820214,0.698156,0.676659,0.808756,0.805484,0.873698,0.846943,0.820114,0.728420,0.721234,0.615500,0.377489,0.354686,0.371814,0.673486,0.769528,0.757844,0.703019,0.059189,0.551610,0.708291,0.707056,0.256990,0.615242,0.796140,0.809389,0.783353,0.822695,0.821052,0.831338,0.857051,0.714057,0.797102,0.860734,0.863216,0.812268,0.831243,0.861381,0.861240,0.880765,0.967427,1.000000,0.850129,0.930827,0.836020,0.811022,0.790212,0.788925,0.841860,0.838774,0.794410,0.626963,-0.013407,0.835442
0.645900,0.610471,0.221801,0.656931,0.585117,0.749361,0.663204,0.807522,0.778192,0.797153,0.863427,0.761185,0.842101,0.858144,0.805773,0.690182,0.659784,0.761537,0.763023,0.827074,0.770482,0.735923,0.665219,0.625077,0.535316,0.321995,0.293096,0.304426,0.598897,0.721934,0.728515,0.665455,0.076311,0.505963,0.734692,0.717553,0.278000,0.628858,0.814466,0.820679,0.785836,0.818728,0.824203,0.825209,0.858659,0.739008,0.806222,0.863836,0.866570,0.823569,0.870795,0.871247,0.896562,0.869785,0.857691,0.850129,1.000000,0.852337,0.887633,0.833634,0.834492,0.831500,0.880053,0.876521,0.853145,0.712656,0.052366,0.861508
0.637186,0.596136,0.216663,0.634208,0.578697,0.763292,0.661532,0.820306,0.800254,0.817810,0.879375,0.742177,0.839326,0.876921,0.812432,0.694900,0.659761,0.772604,0.765163,0.854284,0.798056,0.764529,0.673546,0.655548,0.548103,0.320270,0.291464,0.303340,0.621929,0.734679,0.745766,0.686479,0.073383,0.510304,0.737077,0.721810,0.251329,0.606396,0.817381,0.824638,0.782883,0.828808,0.828856,0.837971,0.871644,0.727178,0.813226,0.876956,0.873751,0.829095,0.859427,0.846142,0.865573,0.886783,0.931542,0.930827,0.852337,1.000000,0.863533,0.863541,0.835580,0.830894,0.864679,0.865190,0.821243,0.656583,-0.009825,0.854805
0.594828,0.576528,0.233011,0.644852,0.543549,0.741339,0.644575,0.812849,0.773951,0.803155,0.873809,0.761138,0.848370,0.866144,0.786286,0.691653,0.649776,0.722147,0.725902,0.804564,0.721408,0.691114,0.609139,0.585215,0.480902,0.284669,0.249481,0.270166,0.561684,0.690018,0.708723,0.635021,0.069743,0.456662,0.767072,0.764071,0.297379,0.632145,0.844890,0.844869,0.801834,0.835202,0.853030,0.851845,0.880990,0.759465,0.831880,0.887282,0.874218,0.854588,0.893750,0.847387,0.894621,0.884325,0.853246,0.836020,0.887633,0.863533,1.000000,0.883886,0.890561,0.883807,0.921764,0.902333,0.881357,0.705483,0.031807,0.886839
0.588315,0.563741,0.225892,0.621498,0.548129,0.732955,0.636272,0.802564,0.764312,0.788082,0.874904,0.758902,0.839004,0.863537,0.791563,0.677574,0.625925,0.706891,0.697541,0.802998,0.700643,0.663165,0.601530,0.538599,0.469895,0.243977,0.205453,0.240460,0.545127,0.663916,0.688647,0.624911,0.075746,0.466272,0.769835,0.752987,0.289997,0.621073,0.839443,0.838072,0.785722,0.825984,0.841706,0.839044,0.880630,0.756728,0.831773,0.886931,0.881648,0.850533,0.881240,0.819392,0.862506,0.880706,0.842189,0.811022,0.833634,0.863541,0.883886,1.000000,0.925001,0.886022,0.883347,0.880845,0.853566,0.670988,0.020384,0.872304
0.575496,0.561706,0.241748,0.630217,0.538488,0.727473,0.621206,0.796918,0.753596,0.773243,0.859518,0.761527,0.834194,0.846730,0.753851,0.660158,0.615544,0.688787,0.685293,0.764362,0.678100,0.643873,0.589122,0.529312,0.464735,0.240822,0.213848,0.250086,0.528881,0.650859,0.680484,0.602604,0.057780,0.454937,0.791622,0.770661,0.314447,0.636983,0.851047,0.837787,0.784963,0.823242,0.839089,0.835064,0.869870,0.770439,0.837275,0.877143,0.861396,0.850134,0.898174,0.809944,0.870419,0.863361,0.816806,0.790212,0.834492,0.835580,0.890561,0.925001,1.000000,0.957712,0.893241,0.900418,0.889012,0.720239,0.057927,0.888580
0.589253,0.565783,0.235774,0.640655,0.555039,0.741090,0.637942,0.805994,0.767553,0.783110,0.857581,0.773156,0.842683,0.848995,0.756664,0.676183,0.633553,0.697423,0.694415,0.765237,0.686837,0.656559,0.590656,0.542664,0.462104,0.261417,0.232343,0.270896,0.542452,0.666719,0.693529,0.614816,0.046335,0.467670,0.818642,0.787523,0.316487,0.649824,0.866814,0.845650,0.800643,0.834093,0.846932,0.837902,0.869285,0.790281,0.853311,0.882241,0.861024,0.854960,0.908892,0.821337,0.878940,0.862357,0.812377,0.788925,0.831500,0.830894,0.883807,0.886022,0.957712,1.000000,0.895437,0.911061,0.899715,0.752566,0.057334,0.912666
0.655104,0.622217,0.249065,0.686094,0.596767,0.797050,0.697750,0.872799,0.828199,0.848720,0.911636,0.808772,0.900529,0.902764,0.809510,0.741477,0.696432,0.762313,0.755466,0.832604,0.747164,0.714786,0.646440,0.597521,0.510471,0.310811,0.278588,0.300515,0.592149,0.724007,0.748878,0.686353,0.058025,0.512575,0.811293,0.793653,0.316356,0.681473,0.887214,0.908131,0.862765,0.894159,0.909081,0.902446,0.917954,0.813795,0.886449,0.926300,0.900456,0.885753,0.924101,0.855878,0.915201,0.902314,0.860013,0.841860,0.880053,0.864679,0.921764,0.883347,0.893241,0.895437,1.000000,0.940843,0.907989,0.704813,0.035697,0.919556
0.640416,0.604667,0.234339,0.683677,0.591976,0.794980,0.690135,0.868312,0.823598,0.840601,0.907131,0.807549,0.895159,0.900139,0.804495,0.725465,0.688275,0.753443,0.753020,0.827076,0.741132,0.706489,0.641953,0.589195,0.504979,0.306702,0.275613,0.298629,0.580524,0.726133,0.751239,0.671955,0.057533,0.497371,0.811633,0.791854,0.310675,0.682424,0.886349,0.903340,0.854998,0.890364,0.900572,0.892634,0.915703,0.813428,0.884964,0.922134,0.897307,0.895785,0.944959,0.876717,0.940941,0.898979,0.861187,0.838774,0.876521,0.865190,0.902333,0.880845,0.900418,0.911061,0.940843,1.000000,0.939731,0.757083,0.040692,0.931193
0.593477,0.568446,0.219351,0.638149,0.556089,0.749921,0.651558,0.820109,0.787767,0.794363,0.862217,0.759888,0.849018,0.851614,0.755084,0.674651,0.635743,0.708640,0.712214,0.772639,0.693683,0.658640,0.599053,0.550298,0.475191,0.280349,0.248765,0.271436,0.548964,0.684082,0.708049,0.632927,0.054380,0.462944,0.776061,0.763966,0.306389,0.633949,0.858415,0.865359,0.811544,0.846115,0.859718,0.849267,0.870759,0.768440,0.841631,0.879409,0.856196,0.859445,0.931617,0.850107,0.916760,0.859327,0.823151,0.794410,0.853145,0.821243,0.881357,0.853566,0.889012,0.899715,0.907989,0.939731,1.000000,0.800355,0.078343,0.906077
