1.000000,0.952679,0.779254,0.873773,0.940717,0.868315,0.911126,0.875470,0.752072,0.799398,0.828860,0.872165,0.861723,0.834796,0.801345,0.831352,0.794905,0.623500,0.606831,0.778759,0.662981,0.645002,0.472546,0.600447,0.377620,0.251482,0.136854,0.106636,0.512323,0.603665,0.719313,0.717829,0.086253,0.963992,0.825751,0.807852,0.825819,0.864645,0.826196,0.837516,0.867085,0.861462,0.831767,0.810632,0.820653,0.842908,0.830944,0.819489,0.789787,0.795828,0.782758,0.689758,0.743592,0.785605,0.756376,0.750304,0.769165,0.759655,0.763519,0.765431,0.762468,0.767437,0.793402,0.788103,0.777483,0.782613,0.623951,0.812385
0.952679,1.000000,0.789862,0.878961,0.946555,0.902187,0.941607,0.909813,0.791734,0.841651,0.877209,0.902081,0.900982,0.883202,0.846900,0.872301,0.838870,0.667611,0.656412,0.830399,0.726981,0.706997,0.528173,0.657655,0.430311,0.298222,0.184065,0.093877,0.562905,0.654316,0.768990,0.751285,0.083283,0.934883,0.870642,0.855176,0.846667,0.882940,0.869966,0.880447,0.900920,0.899808,0.873773,0.856055,0.871234,0.881971,0.877494,0.869893,0.844241,0.844352,0.834362,0.735322,0.793846,0.839449,0.815773,0.808310,0.820417,0.814897,0.819642,0.821524,0.817872,0.820338,0.844556,0.838737,0.831460,0.833848,0.667409,0.861802
0.779254,0.789862,1.000000,0.850571,0.806971,0.768689,0.807837,0.805019,0.667763,0.712967,0.788627,0.841752,0.803595,0.784532,0.718698,0.738061,0.686675,0.517565,0.490738,0.687669,0.555599,0.527186,0.359810,0.469961,0.271867,0.164671,0.082619,0.065794,0.394914,0.481406,0.617807,0.601526,0.098705,0.775838,0.816762,0.805837,0.870782,0.859245,0.803931,0.801652,0.818405,0.810781,0.783946,0.762679,0.790105,0.832639,0.802803,0.788651,0.747384,0.761759,0.750966,0.616042,0.695885,0.727163,0.712815,0.698874,0.724507,0.725670,0.757267,0.757632,0.773675,0.767851,0.776614,0.770978,0.761679,0.765964,0.621592,0.792360
0.873773,0.878961,0.850571,1.000000,0.906587,0.845521,0.897089,0.886023,0.712083,0.770617,0.863488,0.946247,0.886771,0.860708,0.786793,0.802848,0.739982,0.533866,0.508619,0.745485,0.596006,0.564368,0.361658,0.498812,0.267299,0.175744,0.086908,0.019258,0.398543,0.503652,0.662139,0.646555,0.104277,0.873451,0.893793,0.867269,0.925341,0.976495,0.880008,0.877884,0.902650,0.889954,0.854458,0.829585,0.863140,0.919294,0.878743,0.862515,0.810328,0.824942,0.816279,0.643367,0.737737,0.785797,0.767591,0.748506,0.775377,0.779837,0.807495,0.813939,0.824189,0.827058,0.839208,0.829060,0.827806,0.829676,0.661917,0.858176
0.940717,0.946555,0.806971,0.906587,1.000000,0.898548,0.940751,0.913002,0.756143,0.821947,0.873613,0.912416,0.901774,0.878262,0.825394,0.870877,0.821029,0.622332,0.594696,0.800842,0.657162,0.631656,0.457179,0.582962,0.369732,0.268370,0.163760,0.071177,0.493313,0.589619,0.734680,0.743235,0.131375,0.961222,0.870710,0.854237,0.864360,0.909518,0.872274,0.881064,0.906890,0.901956,0.867016,0.847004,0.869694,0.891164,0.877764,0.867884,0.832431,0.841910,0.824325,0.702430,0.772873,0.821587,0.786730,0.774320,0.798021,0.788736,0.805139,0.812137,0.810794,0.811753,0.836478,0.831071,0.824517,0.826954,0.662660,0.856140
0.868315,0.902187,0.768689,0.845521,0.898548,1.000000,0.962528,0.981005,0.941288,0.964900,0.950368,0.927863,0.965880,0.950493,0.902757,0.955275,0.944422,0.810536,0.806722,0.913315,0.822130,0.804709,0.672036,0.757676,0.575915,0.416936,0.299690,0.127749,0.707826,0.801463,0.898857,0.840671,0.082407,0.869197,0.926992,0.913146,0.842765,0.882882,0.935029,0.959635,0.955221,0.972176,0.966428,0.962302,0.947930,0.927573,0.945453,0.942018,0.914922,0.937812,0.931291,0.858647,0.897565,0.918184,0.893098,0.883628,0.902683,0.882099,0.894760,0.888077,0.884809,0.899907,0.928947,0.933191,0.923554,0.923346,0.753700,0.942512
0.911126,0.941607,0.807837,0.897089,0.940751,0.962528,1.000000,0.975301,0.883566,0.921919,0.944867,0.952592,0.965487,0.945535,0.892077,0.927860,0.898790,0.734126,0.722798,0.886360,0.773538,0.751064,0.578829,0.695566,0.477037,0.339908,0.223537,0.081577,0.617360,0.717787,0.842038,0.801475,0.098054,0.905024,0.936506,0.919426,0.882279,0.922899,0.941876,0.955623,0.966295,0.969799,0.950967,0.936700,0.941374,0.944490,0.946873,0.938964,0.906275,0.919970,0.909738,0.809195,0.864616,0.902076,0.878182,0.867809,0.886574,0.874442,0.886566,0.886066,0.885979,0.897430,0.921284,0.918358,0.908783,0.910964,0.735763,0.936720
0.875470,0.909813,0.805019,0.886023,0.913002,0.981005,0.975301,1.000000,0.915676,0.953881,0.971533,0.963951,0.988471,0.969101,0.906117,0.948444,0.921480,0.770942,0.757301,0.906515,0.793750,0.771715,0.613144,0.717272,0.512211,0.362322,0.248136,0.094996,0.650152,0.750502,0.868083,0.814662,0.098460,0.872245,0.960475,0.944963,0.885108,0.925196,0.965044,0.984138,0.980990,0.994315,0.980784,0.972841,0.970458,0.963926,0.972564,0.966027,0.928884,0.952818,0.944763,0.844156,0.898801,0.924908,0.903459,0.890000,0.909902,0.898287,0.916948,0.914548,0.915304,0.930375,0.952986,0.953034,0.944637,0.946222,0.770205,0.965846
0.752072,0.791734,0.667763,0.712083,0.756143,0.941288,0.883566,0.915676,1.000000,0.968054,0.892688,0.831319,0.897206,0.892140,0.861912,0.906148,0.931439,0.876405,0.893199,0.899000,0.866991,0.860181,0.784246,0.820276,0.689622,0.497821,0.383930,0.206582,0.818892,0.891348,0.922815,0.827534,0.025975,0.739794,0.858224,0.849437,0.739693,0.766399,0.866434,0.902597,0.881467,0.909095,0.926510,0.935056,0.890429,0.845403,0.881759,0.883320,0.871296,0.895643,0.898735,0.882136,0.885632,0.886154,0.870910,0.869812,0.875973,0.850610,0.858515,0.840604,0.835805,0.859621,0.886723,0.892417,0.883060,0.883333,0.733055,0.891922
0.799398,0.841651,0.712967,0.770617,0.821947,0.964900,0.921919,0.953881,0.968054,1.000000,0.937102,0.882678,0.939889,0.935462,0.897545,0.956174,0.961674,0.878970,0.871054,0.928294,0.856979,0.844887,0.748804,0.800738,0.651456,0.473432,0.357664,0.174160,0.779389,0.862426,0.929998,0.863974,0.065510,0.796598,0.902510,0.891050,0.789698,0.822332,0.911160,0.942001,0.922399,0.947653,0.958444,0.971024,0.936421,0.896191,0.927560,0.929332,0.912686,0.937673,0.937899,0.901829,0.918270,0.924414,0.901467,0.897693,0.909178,0.883931,0.896332,0.884303,0.876122,0.896898,0.925454,0.931833,0.924361,0.922871,0.765950,0.933107
0.828860,0.877209,0.788627,0.863488,0.873613,0.950368,0.944867,0.971533,0.892688,0.937102,1.000000,0.953404,0.982848,0.995507,0.951682,0.934667,0.908768,0.766101,0.740752,0.942718,0.806599,0.781019,0.600784,0.719240,0.495536,0.328625,0.223132,0.091834,0.631911,0.731374,0.850802,0.810446,0.107386,0.827682,0.969581,0.951991,0.874182,0.913954,0.966608,0.974984,0.961101,0.975825,0.974952,0.966815,0.991184,0.970643,0.985563,0.990766,0.969752,0.964582,0.963800,0.862607,0.928038,0.961297,0.938461,0.924335,0.940958,0.934464,0.947562,0.956480,0.950311,0.954448,0.972821,0.971235,0.963771,0.966354,0.794047,0.980172
0.872165,0.902081,0.841752,0.946247,0.912416,0.927863,0.952592,0.963951,0.831319,0.882678,0.953404,1.000000,0.970700,0.950160,0.883020,0.896644,0.849800,0.669572,0.644701,0.859204,0.712355,0.685162,0.492328,0.621450,0.389348,0.256122,0.152026,0.045660,0.530820,0.636806,0.779181,0.746132,0.111794,0.870018,0.963362,0.939595,0.925954,0.968106,0.956965,0.962504,0.966006,0.968303,0.947536,0.930642,0.953999,0.976977,0.962762,0.953311,0.911216,0.923212,0.917423,0.774971,0.855045,0.894535,0.873739,0.855238,0.878820,0.877940,0.902554,0.907327,0.911912,0.921181,0.935150,0.929098,0.924722,0.926104,0.750322,0.949398
0.861723,0.900982,0.803595,0.886771,0.901774,0.965880,0.965487,0.988471,0.897206,0.939889,0.982848,0.970700,1.000000,0.981968,0.926615,0.939951,0.911274,0.758883,0.737644,0.920018,0.789458,0.766702,0.593740,0.708175,0.490439,0.335240,0.226167,0.086701,0.629331,0.729396,0.852596,0.808057,0.108852,0.859004,0.968791,0.950756,0.888415,0.929203,0.969068,0.982965,0.975986,0.988784,0.977479,0.968399,0.980389,0.972174,0.982054,0.978155,0.947408,0.957799,0.952087,0.845739,0.907435,0.940019,0.916314,0.901782,0.920719,0.913524,0.930348,0.933915,0.932603,0.941335,0.962147,0.960370,0.952801,0.954727,0.777562,0.973653
0.834796,0.883202,0.784532,0.860708,0.878262,0.950493,0.945535,0.969101,0.892140,0.935462,0.995507,0.950160,0.981968,1.000000,0.962656,0.935872,0.912457,0.771265,0.746832,0.952260,0.815805,0.790755,0.608165,0.729811,0.502009,0.328405,0.221842,0.094350,0.638848,0.737038,0.853582,0.816541,0.104196,0.833855,0.965528,0.947863,0.870506,0.909812,0.961299,0.970431,0.957365,0.971993,0.971324,0.961944,0.988455,0.967720,0.983732,0.989696,0.974528,0.960276,0.960654,0.865485,0.928992,0.966647,0.941386,0.928449,0.942304,0.936365,0.945835,0.956746,0.947435,0.950204,0.969209,0.966910,0.958252,0.962469,0.789570,0.976094
0.801345,0.846900,0.718698,0.786793,0.825394,0.902757,0.892077,0.906117,0.861912,0.897545,0.951682,0.883020,0.926615,0.962656,1.000000,0.899841,0.895981,0.783331,0.754094,0.972730,0.834214,0.811991,0.629458,0.757519,0.523116,0.317484,0.216907,0.122433,0.659219,0.743833,0.836807,0.816613,0.091374,0.801548,0.903193,0.883734,0.796359,0.835937,0.896283,0.904486,0.886792,0.906615,0.914866,0.907941,0.943124,0.906560,0.934808,0.949986,0.969140,0.913500,0.922945,0.868321,0.916223,0.966141,0.930647,0.923505,0.927660,0.921116,0.913876,0.931284,0.905312,0.899638,0.921287,0.921349,0.908977,0.916290,0.750517,0.924880
0.831352,0.872301,0.738061,0.802848,0.870877,0.955275,0.927860,0.948444,0.906148,0.956174,0.934667,0.896644,0.939951,0.935872,0.899841,1.000000,0.962041,0.842406,0.811041,0.918700,0.810675,0.796867,0.681502,0.746828,0.589048,0.432635,0.321282,0.132860,0.709482,0.796270,0.897416,0.873691,0.104430,0.840788,0.904484,0.889288,0.807417,0.845587,0.908410,0.934526,0.922445,0.940765,0.944249,0.948155,0.933673,0.904980,0.926917,0.927735,0.912974,0.933242,0.926886,0.876485,0.908072,0.920616,0.891612,0.882641,0.902807,0.877392,0.891551,0.883912,0.875360,0.886694,0.917778,0.924659,0.917841,0.915143,0.760918,0.926991
0.794905,0.838870,0.686675,0.739982,0.821029,0.944422,0.898790,0.921480,0.931439,0.961674,0.908768,0.849800,0.911274,0.912457,0.895981,0.962041,1.000000,0.903833,0.882746,0.929914,0.851271,0.842242,0.760524,0.802502,0.672228,0.502221,0.389154,0.187678,0.792211,0.866103,0.941484,0.907289,0.079940,0.804568,0.866854,0.853311,0.757726,0.787849,0.872801,0.903375,0.887172,0.910810,0.924333,0.932463,0.907872,0.859663,0.895141,0.901414,0.898583,0.911280,0.912117,0.903703,0.909728,0.916225,0.889472,0.885831,0.896930,0.867938,0.871708,0.861566,0.845646,0.859101,0.895954,0.902724,0.893496,0.891487,0.744299,0.901052
0.623500,0.667611,0.517565,0.533866,0.622332,0.810536,0.734126,0.770942,0.876405,0.878970,0.766101,0.669572,0.758883,0.771265,0.783331,0.842406,0.903833,1.000000,0.922655,0.859546,0.835574,0.840336,0.856638,0.817570,0.785511,0.575673,0.476903,0.306836,0.864590,0.900158,0.892302,0.873985,0.044774,0.628621,0.714890,0.708969,0.576409,0.591085,0.725272,0.757639,0.725937,0.759515,0.793401,0.818170,0.765561,0.692951,0.746961,0.759811,0.777704,0.788138,0.806813,0.918476,0.850240,0.817891,0.791269,0.798234,0.805629,0.762659,0.755291,0.732933,0.711580,0.733738,0.772531,0.785931,0.775980,0.772955,0.658773,0.770019
0.606831,0.656412,0.490738,0.508619,0.594696,0.806722,0.722798,0.757301,0.893199,0.871054,0.740752,0.644701,0.737644,0.746832,0.754094,0.811041,0.882746,0.922655,1.000000,0.826949,0.885440,0.895612,0.919479,0.878001,0.846465,0.636033,0.528844,0.315700,0.944249,0.971529,0.918257,0.783571,-0.030450,0.589181,0.688193,0.683580,0.548582,0.563621,0.697582,0.736243,0.708605,0.742812,0.777128,0.799661,0.739514,0.664272,0.719059,0.731506,0.744373,0.757318,0.774682,0.849173,0.799252,0.779198,0.778478,0.791299,0.772894,0.745782,0.726153,0.705578,0.688433,0.706705,0.741580,0.752467,0.747037,0.742406,0.628195,0.740916
0.778759,0.830399,0.687669,0.745485,0.800842,0.913315,0.886360,0.906515,0.899000,0.928294,0.942718,0.859204,0.920018,0.952260,0.972730,0.918700,0.929914,0.859546,0.826949,1.000000,0.887196,0.870793,0.720232,0.820666,0.619714,0.419557,0.314308,0.168782,0.741575,0.816359,0.887479,0.857552,0.080114,0.777304,0.892493,0.874368,0.766522,0.801423,0.891443,0.903069,0.879720,0.904008,0.920848,0.919767,0.936081,0.886225,0.923543,0.940223,0.960049,0.917230,0.932618,0.926412,0.945980,0.971591,0.940289,0.937150,0.938848,0.923272,0.912424,0.922182,0.894787,0.895363,0.923085,0.926460,0.914862,0.920196,0.762658,0.925577
0.662981,0.726981,0.555599,0.596006,0.657162,0.822130,0.773538,0.793750,0.866991,0.856979,0.806599,0.712355,0.789458,0.815805,0.834214,0.810675,0.851271,0.835574,0.885440,0.887196,1.000000,0.989623,0.838373,0.956944,0.761450,0.566454,0.465223,0.232171,0.841346,0.882262,0.873700,0.749684,-0.029997,0.631388,0.754444,0.750245,0.624726,0.647723,0.761433,0.779854,0.756053,0.785366,0.805717,0.814159,0.800184,0.734737,0.782860,0.801234,0.819163,0.788897,0.813696,0.836952,0.825510,0.842036,0.866232,0.877671,0.824280,0.836765,0.780613,0.788854,0.762015,0.772222,0.793700,0.799250,0.790186,0.794025,0.679033,0.797693
0.645002,0.706997,0.527186,0.564368,0.631656,0.804709,0.751064,0.771715,0.860181,0.844887,0.781019,0.685162,0.766702,0.790755,0.811991,0.796867,0.842242,0.840336,0.895612,0.870793,0.989623,1.000000,0.860156,0.968715,0.786310,0.584050,0.482002,0.248762,0.859205,0.895989,0.873122,0.745088,-0.035777,0.611940,0.727658,0.723071,0.595631,0.616454,0.735414,0.757084,0.731442,0.761941,0.785254,0.796271,0.774231,0.706088,0.757333,0.775158,0.795626,0.766709,0.792080,0.828207,0.808802,0.820543,0.843915,0.858208,0.802439,0.812654,0.757695,0.764405,0.737297,0.747857,0.772156,0.777473,0.768048,0.770968,0.662016,0.774231
0.472546,0.528173,0.359810,0.361658,0.457179,0.672036,0.578829,0.613144,0.784246,0.748804,0.600784,0.492328,0.593740,0.608165,0.629458,0.681502,0.760524,0.856638,0.919479,0.720232,0.838373,0.860156,1.000000,0.864585,0.941169,0.724384,0.642548,0.414365,0.934512,0.914423,0.819986,0.679943,-0.043982,0.458012,0.540732,0.544122,0.404460,0.413566,0.557368,0.595693,0.565062,0.598208,0.638449,0.665335,0.598963,0.515262,0.575897,0.591046,0.615970,0.620218,0.647876,0.757076,0.686782,0.658655,0.662783,0.678509,0.648441,0.620394,0.594735,0.574128,0.553365,0.574206,0.607818,0.622754,0.617323,0.606303,0.534158,0.603769
0.600447,0.657655,0.469961,0.498812,0.582962,0.757676,0.695566,0.717272,0.820276,0.800738,0.719240,0.621450,0.708175,0.729811,0.757519,0.746828,0.802502,0.817570,0.878001,0.820666,0.956944,0.968715,0.864585,1.000000,0.812628,0.619351,0.520846,0.276816,0.857522,0.876336,0.843244,0.711189,-0.032648,0.566761,0.661142,0.660030,0.526660,0.549936,0.674573,0.698806,0.673191,0.703695,0.729065,0.743658,0.713945,0.638666,0.693559,0.714191,0.737586,0.709913,0.734322,0.785193,0.756592,0.766837,0.786327,0.801632,0.746960,0.748678,0.698891,0.700744,0.672816,0.684151,0.711357,0.719107,0.708795,0.708585,0.617137,0.711157
0.377620,0.430311,0.271867,0.267299,0.369732,0.575915,0.477037,0.512211,0.689622,0.651456,0.495536,0.389348,0.490439,0.502009,0.523116,0.589048,0.672228,0.785511,0.846465,0.619714,0.761450,0.786310,0.941169,0.812628,1.000000,0.801588,0.732498,0.457869,0.905404,0.841170,0.741469,0.604716,-0.021402,0.365955,0.436950,0.445170,0.310167,0.315547,0.454907,0.493774,0.464223,0.495904,0.536616,0.567067,0.494406,0.408811,0.470335,0.486426,0.512961,0.524017,0.550746,0.673004,0.595109,0.557505,0.563081,0.577978,0.550134,0.516829,0.496731,0.472524,0.448945,0.474810,0.506880,0.525562,0.521282,0.506522,0.463147,0.498837
0.251482,0.298222,0.164671,0.175744,0.268370,0.416936,0.339908,0.362322,0.497821,0.473432,0.328625,0.256122,0.335240,0.328405,0.317484,0.432635,0.502221,0.575673,0.636033,0.419557,0.566454,0.584050,0.724384,0.619351,0.801588,1.000000,0.946268,0.445451,0.695682,0.632328,0.576097,0.464057,0.032846,0.244100,0.283844,0.283130,0.183573,0.200537,0.307198,0.337301,0.318795,0.343704,0.367645,0.396111,0.330698,0.257572,0.304059,0.317205,0.325046,0.355128,0.380422,0.464015,0.402870,0.366646,0.387666,0.395699,0.372300,0.343914,0.332734,0.292962,0.281463,0.305360,0.337454,0.354429,0.356717,0.337264,0.308232,0.333741
0.136854,0.184065,0.082619,0.086908,0.163760,0.299690,0.223537,0.248136,0.383930,0.357664,0.223132,0.152026,0.226167,0.221842,0.216907,0.321282,0.389154,0.476903,0.528844,0.314308,0.465223,0.482002,0.642548,0.520846,0.732498,0.946268,1.000000,0.520847,0.603158,0.524945,0.463481,0.373555,0.029076,0.137150,0.182977,0.181108,0.091547,0.105638,0.205627,0.229830,0.209489,0.232692,0.256529,0.284125,0.227536,0.156902,0.200346,0.214476,0.224500,0.248081,0.275297,0.363094,0.299631,0.262458,0.288378,0.294470,0.274593,0.248749,0.236577,0.195266,0.186887,0.208599,0.235258,0.250761,0.251950,0.237849,0.227304,0.231211
0.106636,0.093877,0.065794,0.019258,0.071177,0.127749,0.081577,0.094996,0.206582,0.174160,0.091834,0.045660,0.086701,0.094350,0.122433,0.132860,0.187678,0.306836,0.315700,0.168782,0.232171,0.248762,0.414365,0.276816,0.457869,0.445451,0.520847,1.000000,0.394842,0.320637,0.230650,0.193557,0.039156,0.115029,0.062335,0.073020,0.029006,0.019466,0.070874,0.083718,0.070399,0.085096,0.110060,0.124810,0.093565,0.049585,0.077461,0.087407,0.107826,0.100478,0.120681,0.224585,0.157751,0.133674,0.126529,0.132811,0.131966,0.108042,0.107135,0.085781,0.078570,0.087011,0.099259,0.104415,0.100054,0.096185,0.095417,0.090047
0.512323,0.562905,0.394914,0.398543,0.493313,0.707826,0.617360,0.650152,0.818892,0.779389,0.631911,0.530820,0.629331,0.638848,0.659219,0.709482,0.792211,0.864590,0.944249,0.741575,0.841346,0.859205,0.934512,0.857522,0.905404,0.695682,0.603158,0.394842,1.000000,0.950969,0.851692,0.700637,-0.037855,0.492232,0.577726,0.577459,0.438866,0.451220,0.588420,0.630124,0.598479,0.635057,0.674145,0.698572,0.630978,0.550538,0.609993,0.622320,0.644190,0.654744,0.674735,0.778780,0.712213,0.685903,0.687275,0.705657,0.678124,0.650589,0.622535,0.604817,0.582442,0.603597,0.639204,0.651410,0.643391,0.636768,0.557273,0.635599
0.603665,0.654316,0.481406,0.503652,0.589619,0.801463,0.717787,0.750502,0.891348,0.862426,0.731374,0.636806,0.729396,0.737038,0.743833,0.796270,0.866103,0.900158,0.971529,0.816359,0.882262,0.895989,0.914423,0.876336,0.841170,0.632328,0.524945,0.320637,0.950969,1.000000,0.919067,0.766761,-0.040836,0.581634,0.679715,0.675097,0.541174,0.558805,0.689113,0.729633,0.700357,0.737179,0.770146,0.791569,0.729257,0.655393,0.711118,0.720828,0.732984,0.745384,0.761844,0.832148,0.784934,0.768363,0.769062,0.784578,0.762027,0.737495,0.715118,0.693584,0.675786,0.696643,0.733076,0.743768,0.735907,0.732510,0.622311,0.731772
0.719313,0.768990,0.617807,0.662139,0.734680,0.898857,0.842038,0.868083,0.922815,0.929998,0.850802,0.779181,0.852596,0.853582,0.836807,0.897416,0.941484,0.892302,0.918257,0.887479,0.873700,0.873122,0.819986,0.843244,0.741469,0.576097,0.463481,0.230650,0.851692,0.919067,1.000000,0.846474,0.032963,0.708464,0.808125,0.795790,0.683310,0.715865,0.821415,0.850644,0.831155,0.856520,0.876826,0.887834,0.851703,0.794452,0.834603,0.842772,0.839888,0.859043,0.862973,0.871994,0.863707,0.863400,0.851449,0.853796,0.854466,0.825996,0.822375,0.801267,0.792749,0.809694,0.844882,0.854595,0.848069,0.843379,0.703037,0.848949
0.717829,0.751285,0.601526,0.646555,0.743235,0.840671,0.801475,0.814662,0.827534,0.863974,0.810446,0.746132,0.808057,0.816541,0.816613,0.873691,0.907289,0.873985,0.783571,0.857552,0.749684,0.745088,0.679943,0.711189,0.604716,0.464057,0.373555,0.193557,0.700637,0.766761,0.846474,1.000000,0.177984,0.750511,0.760983,0.751766,0.656246,0.687917,0.769659,0.794651,0.779534,0.802625,0.821056,0.827147,0.806514,0.757095,0.793667,0.803428,0.810841,0.812995,0.812910,0.841605,0.830621,0.836506,0.790495,0.787627,0.810905,0.766829,0.778406,0.763614,0.741654,0.754445,0.797819,0.804084,0.794645,0.792921,0.669393,0.800606
0.086253,0.083283,0.098705,0.104277,0.131375,0.082407,0.098054,0.098460,0.025975,0.065510,0.107386,0.111794,0.108852,0.104196,0.091374,0.104430,0.079940,0.044774,-0.030450,0.080114,-0.029997,-0.035777,-0.043982,-0.032648,-0.021402,0.032846,0.029076,0.039156,-0.037855,-0.040836,0.032963,0.177984,1.000000,0.123524,0.111162,0.102584,0.090636,0.108441,0.115309,0.105854,0.107993,0.100682,0.096235,0.090630,0.109825,0.112130,0.115235,0.115289,0.111053,0.109349,0.099429,0.084652,0.109626,0.108968,0.076139,0.063335,0.108228,0.081390,0.117653,0.115358,0.109079,0.102190,0.116065,0.116086,0.114197,0.106525,0.086602,0.108367
0.963992,0.934883,0.775838,0.873451,0.961222,0.869197,0.905024,0.872245,0.739794,0.796598,0.827682,0.870018,0.859004,0.833855,0.801548,0.840788,0.804568,0.628621,0.589181,0.777304,0.631388,0.611940,0.458012,0.566761,0.365955,0.244100,0.137150,0.115029,0.492232,0.581634,0.708464,0.750511,0.123524,1.000000,0.818623,0.800176,0.825034,0.865897,0.820530,0.833191,0.861608,0.857439,0.826954,0.807472,0.820539,0.842659,0.829133,0.819264,0.790531,0.796994,0.780474,0.690895,0.742435,0.786662,0.742277,0.735612,0.762153,0.744614,0.760290,0.762648,0.756081,0.758979,0.789078,0.783867,0.772555,0.777606,0.616128,0.807672
0.825751,0.870642,0.816762,0.893793,0.870710,0.926992,0.936506,0.960475,0.858224,0.902510,0.969581,0.963362,0.968791,0.965528,0.903193,0.904484,0.866854,0.714890,0.688193,0.892493,0.754444,0.727658,0.540732,0.661142,0.436950,0.283844,0.182977,0.062335,0.577726,0.679715,0.808125,0.760983,0.111162,0.818623,1.000000,0.969883,0.907585,0.941193,0.976116,0.974239,0.964157,0.969419,0.964160,0.949501,0.972253,0.977301,0.975736,0.973612,0.939261,0.951474,0.950718,0.821001,0.900129,0.925727,0.922225,0.906994,0.923026,0.928349,0.946838,0.946406,0.955205,0.963709,0.971305,0.967394,0.958228,0.965750,0.798688,0.983150
0.807852,0.855176,0.805837,0.867269,0.854237,0.913146,0.919426,0.944963,0.849437,0.891050,0.951991,0.939595,0.950756,0.947863,0.883734,0.889288,0.853311,0.708969,0.683580,0.874368,0.750245,0.723071,0.544122,0.660030,0.445170,0.283130,0.181108,0.073020,0.577459,0.675097,0.795790,0.751766,0.102584,0.800176,0.969883,1.000000,0.888248,0.916608,0.960671,0.956047,0.950381,0.953067,0.949173,0.934454,0.954675,0.954972,0.957320,0.954114,0.918323,0.935317,0.933629,0.807337,0.883509,0.906375,0.900995,0.885368,0.899934,0.904864,0.925612,0.923594,0.933161,0.945166,0.951253,0.948700,0.942871,0.946883,0.787649,0.962711
0.825819,0.846667,0.870782,0.925341,0.864360,0.842765,0.882279,0.885108,0.739693,0.789698,0.874182,0.925954,0.888415,0.870506,0.796359,0.807417,0.757726,0.576409,0.548582,0.766522,0.624726,0.595631,0.404460,0.526660,0.310167,0.183573,0.091547,0.029006,0.438866,0.541174,0.683310,0.656246,0.090636,0.825034,0.907585,0.888248,1.000000,0.943436,0.892294,0.892213,0.901829,0.894576,0.870221,0.850640,0.876383,0.920603,0.892424,0.878077,0.835714,0.849201,0.839344,0.682075,0.767875,0.812800,0.794238,0.774692,0.798623,0.805810,0.836302,0.842327,0.856389,0.859554,0.864968,0.854246,0.848513,0.858238,0.701471,0.876913
0.864645,0.882940,0.859245,0.976495,0.909518,0.882882,0.922899,0.925196,0.766399,0.822332,0.913954,0.968106,0.929203,0.909812,0.835937,0.845587,0.787849,0.591085,0.563621,0.801423,0.647723,0.616454,0.413566,0.549936,0.315547,0.200537,0.105638,0.019466,0.451220,0.558805,0.715865,0.687917,0.108441,0.865897,0.941193,0.916608,0.943436,1.000000,0.928760,0.925464,0.937614,0.932126,0.903769,0.882389,0.915263,0.960935,0.928280,0.915545,0.868145,0.880471,0.871449,0.703606,0.796168,0.845236,0.827752,0.808075,0.831354,0.837734,0.864390,0.872415,0.881650,0.886497,0.895855,0.886586,0.883151,0.889254,0.723661,0.912407
0.826196,0.869966,0.803931,0.880008,0.872274,0.935029,0.941876,0.965044,0.866434,0.911160,0.966608,0.956965,0.969068,0.961299,0.896283,0.908410,0.872801,0.725272,0.697582,0.891443,0.761433,0.735414,0.557368,0.674573,0.454907,0.307198,0.205627,0.070874,0.588420,0.689113,0.821415,0.769659,0.115309,0.820530,0.976116,0.960671,0.892294,0.928760,1.000000,0.974412,0.969510,0.972539,0.965266,0.950940,0.969275,0.969165,0.972814,0.969634,0.934004,0.949574,0.945108,0.823210,0.894174,0.920914,0.908502,0.892299,0.912522,0.913190,0.932171,0.934129,0.939473,0.952329,0.962282,0.959957,0.952995,0.957331,0.790057,0.978207
0.837516,0.880447,0.801652,0.877884,0.881064,0.959635,0.955623,0.984138,0.902597,0.942001,0.974984,0.962504,0.982965,0.970431,0.904486,0.934526,0.903375,0.757639,0.736243,0.903069,0.779854,0.757084,0.595693,0.698806,0.493774,0.337301,0.229830,0.083718,0.630124,0.729633,0.850644,0.794651,0.105854,0.833191,0.974239,0.956047,0.892213,0.925464,0.974412,1.000000,0.978872,0.989511,0.987283,0.976997,0.976648,0.971304,0.979157,0.974311,0.938114,0.962457,0.957128,0.843116,0.906316,0.929423,0.911608,0.896334,0.916798,0.907849,0.932162,0.932548,0.937182,0.950553,0.969313,0.970096,0.961334,0.961328,0.790795,0.978575
0.867085,0.900920,0.818405,0.902650,0.906890,0.955221,0.966295,0.980990,0.881467,0.922399,0.961101,0.966006,0.975986,0.957365,0.886792,0.922445,0.887172,0.725937,0.708605,0.879720,0.756053,0.731442,0.565062,0.673191,0.464223,0.318795,0.209489,0.070399,0.598479,0.700357,0.831155,0.779534,0.107993,0.861608,0.964157,0.950381,0.901829,0.937614,0.969510,0.978872,1.000000,0.983546,0.969547,0.955281,0.960201,0.964831,0.967125,0.958689,0.915413,0.943152,0.933286,0.810500,0.876517,0.905394,0.890183,0.873933,0.896087,0.887623,0.909111,0.909381,0.915389,0.928486,0.948465,0.945611,0.938513,0.939725,0.765999,0.961568
0.861462,0.899808,0.810781,0.889954,0.901956,0.972176,0.969799,0.994315,0.909095,0.947653,0.975825,0.968303,0.988784,0.971993,0.906615,0.940765,0.910810,0.759515,0.742812,0.904008,0.785366,0.761941,0.598208,0.703695,0.495904,0.343704,0.232692,0.085096,0.635057,0.737179,0.856520,0.802625,0.100682,0.857439,0.969419,0.953067,0.894576,0.932126,0.972539,0.989511,0.983546,1.000000,0.983793,0.975314,0.976520,0.972518,0.980631,0.974002,0.934600,0.958034,0.950541,0.841014,0.901089,0.927988,0.908909,0.894018,0.914454,0.904527,0.924901,0.924941,0.927240,0.941522,0.961233,0.961562,0.952220,0.954296,0.779042,0.973416
0.831767,0.873773,0.783946,0.854458,0.867016,0.966428,0.950967,0.980784,0.926510,0.958444,0.974952,0.947536,0.977479,0.971324,0.914866,0.944249,0.924333,0.793401,0.777128,0.920848,0.805717,0.785254,0.638449,0.729065,0.536616,0.367645,0.256529,0.110060,0.674145,0.770146,0.876826,0.821056,0.096235,0.826954,0.964160,0.949173,0.870221,0.903769,0.965266,0.987283,0.969547,0.983793,1.000000,0.983246,0.976294,0.958686,0.974007,0.972723,0.943711,0.965878,0.964047,0.871887,0.928164,0.940479,0.918823,0.906658,0.929079,0.913842,0.936153,0.932388,0.933013,0.947942,0.971695,0.972148,0.964437,0.962906,0.794444,0.976987
0.810632,0.856055,0.762679,0.829585,0.847004,0.962302,0.936700,0.972841,0.935056,0.971024,0.966815,0.930642,0.968399,0.961944,0.907941,0.948155,0.932463,0.818170,0.799661,0.919767,0.814159,0.796271,0.665335,0.743658,0.567067,0.396111,0.284125,0.124810,0.698572,0.791569,0.887834,0.827147,0.090630,0.807472,0.949501,0.934454,0.850640,0.882389,0.950940,0.976997,0.955281,0.975314,0.983246,1.000000,0.969142,0.944060,0.963257,0.962742,0.934384,0.968048,0.962668,0.877952,0.921324,0.933861,0.914650,0.903193,0.920732,0.903686,0.924714,0.920640,0.918850,0.936276,0.960002,0.964602,0.957918,0.953343,0.793260,0.967715
0.820653,0.871234,0.790105,0.863140,0.869694,0.947930,0.941374,0.970458,0.890429,0.936421,0.991184,0.953999,0.980389,0.988455,0.943124,0.933673,0.907872,0.765561,0.739514,0.936081,0.800184,0.774231,0.598963,0.713945,0.494406,0.330698,0.227536,0.093565,0.630978,0.729257,0.851703,0.806514,0.109825,0.820539,0.972253,0.954675,0.876383,0.915263,0.969275,0.976648,0.960201,0.976520,0.976294,0.969142,1.000000,0.973002,0.987982,0.993718,0.968878,0.966857,0.965893,0.860378,0.925545,0.959954,0.938159,0.922113,0.938714,0.933756,0.948880,0.957304,0.953226,0.958674,0.974543,0.972862,0.966419,0.968497,0.800987,0.981318
0.842908,0.881971,0.832639,0.919294,0.891164,0.927573,0.944490,0.963926,0.845403,0.896191,0.970643,0.976977,0.972174,0.967720,0.906560,0.904980,0.859663,0.692951,0.664272,0.886225,0.734737,0.706088,0.515262,0.638666,0.408811,0.257572,0.156902,0.049585,0.550538,0.655393,0.794452,0.757095,0.112130,0.842659,0.977301,0.954972,0.920603,0.960935,0.969165,0.971304,0.964831,0.972518,0.958686,0.944060,0.973002,1.000000,0.983559,0.975831,0.942828,0.944546,0.939099,0.802878,0.883359,0.924264,0.901028,0.882719,0.906106,0.905663,0.932099,0.940472,0.943059,0.947926,0.958135,0.953027,0.947537,0.950047,0.778973,0.968312
0.830944,0.877494,0.802803,0.878743,0.877764,0.945453,0.946873,0.972564,0.881759,0.927560,0.985563,0.962762,0.982054,0.983732,0.934808,0.926917,0.895141,0.746961,0.719059,0.923543,0.782860,0.757333,0.575897,0.693559,0.470335,0.304059,0.200346,0.077461,0.609993,0.711118,0.834603,0.793667,0.115235,0.829133,0.975736,0.957320,0.892424,0.928280,0.972814,0.979157,0.967125,0.980631,0.974007,0.963257,0.987982,0.983559,1.000000,0.990821,0.965928,0.962221,0.959273,0.847549,0.916122,0.954459,0.928303,0.911577,0.931571,0.926838,0.944568,0.955200,0.952772,0.958939,0.971774,0.969773,0.961140,0.966254,0.794403,0.979960
0.819489,0.869893,0.788651,0.862515,0.867884,0.942018,0.938964,0.966027,0.883320,0.929332,0.990766,0.953311,0.978155,0.989696,0.949986,0.927735,0.901414,0.759811,0.731506,0.940223,0.801234,0.775158,0.591046,0.714191,0.486426,0.317205,0.214476,0.087407,0.622320,0.720828,0.842772,0.803428,0.115289,0.819264,0.973612,0.954114,0.878077,0.915545,0.969634,0.974311,0.958689,0.974002,0.972723,0.962742,0.993718,0.975831,0.990821,1.000000,0.978735,0.964652,0.963954,0.861079,0.928561,0.968073,0.943232,0.926531,0.941693,0.939225,0.953465,0.965457,0.959161,0.961500,0.975497,0.973795,0.965008,0.969932,0.802178,0.982147
0.789787,0.844241,0.747384,0.810328,0.832431,0.914922,0.906275,0.928884,0.871296,0.912686,0.969752,0.911216,0.947408,0.974528,0.969140,0.912974,0.898583,0.777704,0.744373,0.960049,0.819163,0.795626,0.615970,0.737586,0.512961,0.325046,0.224500,0.107826,0.644190,0.732984,0.839888,0.810841,0.111053,0.790531,0.939261,0.918323,0.835714,0.868145,0.934004,0.938114,0.915413,0.934600,0.943711,0.934384,0.968878,0.942828,0.965928,0.978735,1.000000,0.942898,0.948363,0.877373,0.936351,0.986346,0.945671,0.931167,0.941189,0.938922,0.945255,0.964971,0.945129,0.939498,0.954341,0.953635,0.943060,0.949972,0.786771,0.957512
0.795828,0.844352,0.761759,0.824942,0.841910,0.937812,0.919970,0.952818,0.895643,0.937673,0.964582,0.923212,0.957799,0.960276,0.913500,0.933242,0.911280,0.788138,0.757318,0.917230,0.788897,0.766709,0.620218,0.709913,0.524017,0.355128,0.248081,0.100478,0.654744,0.745384,0.859043,0.812995,0.109349,0.796994,0.951474,0.935317,0.849201,0.880471,0.949574,0.962457,0.943152,0.958034,0.965878,0.968048,0.966857,0.944546,0.962221,0.964652,0.942898,1.000000,0.970425,0.872501,0.928892,0.939095,0.916148,0.903911,0.927328,0.908170,0.935610,0.933155,0.931306,0.942821,0.961333,0.966798,0.960148,0.959076,0.794298,0.968173
0.782758,0.834362,0.750966,0.816279,0.824325,0.931291,0.909738,0.944763,0.898735,0.937899,0.963800,0.917423,0.952087,0.960654,0.922945,0.926886,0.912117,0.806813,0.774682,0.932618,0.813696,0.792080,0.647876,0.734322,0.550746,0.380422,0.275297,0.120681,0.674735,0.761844,0.862973,0.812910,0.099429,0.780474,0.950718,0.933629,0.839344,0.871449,0.945108,0.957128,0.933286,0.950541,0.964047,0.962668,0.965893,0.939099,0.959273,0.963954,0.948363,0.970425,1.000000,0.898343,0.947030,0.946133,0.932715,0.919221,0.943539,0.922944,0.944411,0.939298,0.936038,0.947002,0.969627,0.974550,0.972281,0.967426,0.804903,0.970180
0.689758,0.735322,0.616042,0.643367,0.702430,0.858647,0.809195,0.844156,0.882136,0.901829,0.862607,0.774971,0.845739,0.865485,0.868321,0.876485,0.903703,0.918476,0.849173,0.926412,0.836952,0.828207,0.757076,0.785193,0.673004,0.464015,0.363094,0.224585,0.778780,0.832148,0.871994,0.841605,0.084652,0.690895,0.821001,0.807337,0.682075,0.703606,0.823210,0.843116,0.810500,0.841014,0.871887,0.877952,0.860378,0.802878,0.847549,0.861079,0.877373,0.872501,0.898343,1.000000,0.953173,0.903607,0.870694,0.868418,0.896522,0.853177,0.858320,0.843707,0.820208,0.835298,0.872671,0.883250,0.870615,0.871833,0.729936,0.865292
0.743592,0.793846,0.695885,0.737737,0.772873,0.897565,0.864616,0.898801,0.885632,0.918270,0.928038,0.855045,0.907435,0.928992,0.916223,0.908072,0.909728,0.850240,0.799252,0.945980,0.825510,0.808802,0.686782,0.756592,0.595109,0.402870,0.299631,0.157751,0.712213,0.784934,0.863707,0.830621,0.109626,0.742435,0.900129,0.883509,0.767875,0.796168,0.894174,0.906316,0.876517,0.901089,0.928164,0.921324,0.925545,0.883359,0.916122,0.928561,0.936351,0.928892,0.947030,0.953173,1.000000,0.946131,0.919681,0.911697,0.949090,0.910386,0.931575,0.918608,0.903858,0.911356,0.941991,0.949973,0.937757,0.938825,0.786330,0.932753
0.785605,0.839449,0.727163,0.785797,0.821587,0.918184,0.902076,0.924908,0.886154,0.924414,0.961297,0.894535,0.940019,0.966647,0.966141,0.920616,0.916225,0.817891,0.779198,0.971591,0.842036,0.820543,0.658655,0.766837,0.557505,0.366646,0.262458,0.133674,0.685903,0.768363,0.863400,0.836506,0.108968,0.786662,0.925727,0.906375,0.812800,0.845236,0.920914,0.929423,0.905394,0.927988,0.940479,0.933861,0.959954,0.924264,0.954459,0.968073,0.986346,0.939095,0.946133,0.903607,0.946131,1.000000,0.947377,0.936126,0.945619,0.937015,0.937074,0.951049,0.929070,0.929016,0.947836,0.947997,0.937054,0.943082,0.783617,0.949871
0.756376,0.815773,0.712815,0.767591,0.786730,0.893098,0.878182,0.903459,0.870910,0.901467,0.938461,0.873739,0.916314,0.941386,0.930647,0.891612,0.889472,0.791269,0.778478,0.940289,0.866232,0.843915,0.662783,0.786327,0.563081,0.387666,0.288378,0.126529,0.687275,0.769062,0.851449,0.790495,0.076139,0.742277,0.922225,0.900995,0.794238,0.827752,0.908502,0.911608,0.890183,0.908909,0.918823,0.914650,0.938159,0.901028,0.928303,0.943232,0.945671,0.916148,0.932715,0.870694,0.919681,0.947377,1.000000,0.986208,0.933515,0.974952,0.931966,0.940263,0.927101,0.928661,0.939034,0.937029,0.926560,0.935037,0.788860,0.941929
0.750304,0.808310,0.698874,0.748506,0.774320,0.883628,0.867809,0.890000,0.869812,0.897693,0.924335,0.855238,0.901782,0.928449,0.923505,0.882641,0.885831,0.798234,0.791299,0.937150,0.877671,0.858208,0.678509,0.801632,0.577978,0.395699,0.294470,0.132811,0.705657,0.784578,0.853796,0.787627,0.063335,0.735612,0.906994,0.885368,0.774692,0.808075,0.892299,0.896334,0.873933,0.894018,0.906658,0.903193,0.922113,0.882719,0.911577,0.926531,0.931167,0.903911,0.919221,0.868418,0.911697,0.936126,0.986208,1.000000,0.925264,0.975024,0.917876,0.927188,0.911325,0.913596,0.925322,0.922228,0.911885,0.920424,0.774331,0.928474
0.769165,0.820417,0.724507,0.775377,0.798021,0.902683,0.886574,0.909902,0.875973,0.909178,0.940958,0.878820,0.920719,0.942304,0.927660,0.902807,0.896930,0.805629,0.772894,0.938848,0.824280,0.802439,0.648441,0.746960,0.550134,0.372300,0.274593,0.131966,0.678124,0.762027,0.854466,0.810905,0.108228,0.762153,0.923026,0.899934,0.798623,0.831354,0.912522,0.916798,0.896087,0.914454,0.929079,0.920732,0.938714,0.906106,0.931571,0.941693,0.941189,0.927328,0.943539,0.896522,0.949090,0.945619,0.933515,0.925264,1.000000,0.928700,0.957033,0.931009,0.922079,0.927082,0.953027,0.950183,0.939796,0.949242,0.784432,0.947316
0.759655,0.814897,0.725670,0.779837,0.788736,0.882099,0.874442,0.898287,0.850610,0.883931,0.934464,0.877940,0.913524,0.936365,0.921116,0.877392,0.867938,0.762659,0.745782,0.923272,0.836765,0.812654,0.620394,0.748678,0.516829,0.343914,0.248749,0.108042,0.650589,0.737495,0.825996,0.766829,0.081390,0.744614,0.928349,0.904864,0.805810,0.837734,0.913190,0.907849,0.887623,0.904527,0.913842,0.903686,0.933756,0.905663,0.926838,0.939225,0.938922,0.908170,0.922944,0.853177,0.910386,0.937015,0.974952,0.975024,0.928700,1.000000,0.935039,0.943878,0.933285,0.932055,0.937984,0.933260,0.922496,0.933392,0.784902,0.940932
0.763519,0.819642,0.757267,0.807495,0.805139,0.894760,0.886566,0.916948,0.858515,0.896332,0.947562,0.902554,0.930348,0.945835,0.913876,0.891551,0.871708,0.755291,0.726153,0.912424,0.780613,0.757695,0.594735,0.698891,0.496731,0.332734,0.236577,0.107135,0.622535,0.715118,0.822375,0.778406,0.117653,0.760290,0.946838,0.925612,0.836302,0.864390,0.932171,0.932162,0.909111,0.924901,0.936153,0.924714,0.948880,0.932099,0.944568,0.953465,0.945255,0.935610,0.944411,0.858320,0.931575,0.937074,0.931966,0.917876,0.957033,0.935039,1.000000,0.952581,0.952039,0.950055,0.965175,0.959079,0.950609,0.957448,0.797491,0.958832
0.765431,0.821524,0.757632,0.813939,0.812137,0.888077,0.886066,0.914548,0.840604,0.884303,0.956480,0.907327,0.933915,0.956746,0.931284,0.883912,0.861566,0.732933,0.705578,0.922182,0.788854,0.764405,0.574128,0.700744,0.472524,0.292962,0.195266,0.085781,0.604817,0.693584,0.801267,0.763614,0.115358,0.762648,0.946406,0.923594,0.842327,0.872415,0.934129,0.932548,0.909381,0.924941,0.932388,0.920640,0.957304,0.940472,0.955200,0.965457,0.964971,0.933155,0.939298,0.843707,0.918608,0.951049,0.940263,0.927188,0.931009,0.943878,0.952581,1.000000,0.973103,0.950456,0.956960,0.952011,0.941480,0.951525,0.790860,0.955992
0.762468,0.817872,0.773675,0.824189,0.810794,0.884809,0.885979,0.915304,0.835805,0.876122,0.950311,0.911912,0.932603,0.947435,0.905312,0.875360,0.845646,0.711580,0.688433,0.894787,0.762015,0.737297,0.553365,0.672816,0.448945,0.281463,0.186887,0.078570,0.582442,0.675786,0.792749,0.741654,0.109079,0.756081,0.955205,0.933161,0.856389,0.881650,0.939473,0.937182,0.915389,0.927240,0.933013,0.918850,0.953226,0.943059,0.952772,0.959161,0.945129,0.931306,0.936038,0.820208,0.903858,0.929070,0.927101,0.911325,0.922079,0.933285,0.952039,0.973103,1.000000,0.967871,0.957843,0.952665,0.942401,0.953179,0.794764,0.959879
0.767437,0.820338,0.767851,0.827058,0.811753,0.899907,0.897430,0.930375,0.859621,0.896898,0.954448,0.921181,0.941335,0.950204,0.899638,0.886694,0.859101,0.733738,0.706705,0.895363,0.772222,0.747857,0.574206,0.684151,0.474810,0.305360,0.208599,0.087011,0.603597,0.696643,0.809694,0.754445,0.102190,0.758979,0.963709,0.945166,0.859554,0.886497,0.952329,0.950553,0.928486,0.941522,0.947942,0.936276,0.958674,0.947926,0.958939,0.961500,0.939498,0.942821,0.947002,0.835298,0.911356,0.929016,0.928661,0.913596,0.927082,0.932055,0.950055,0.950456,0.967871,1.000000,0.964620,0.963054,0.956172,0.963388,0.810778,0.972783
0.793402,0.844556,0.776614,0.839208,0.836478,0.928947,0.921284,0.952986,0.886723,0.925454,0.972821,0.935150,0.962147,0.969209,0.921287,0.917778,0.895954,0.772531,0.741580,0.923085,0.793700,0.772156,0.607818,0.711357,0.506880,0.337454,0.235258,0.099259,0.639204,0.733076,0.844882,0.797819,0.116065,0.789078,0.971305,0.951253,0.864968,0.895855,0.962282,0.969313,0.948465,0.961233,0.971695,0.960002,0.974543,0.958135,0.971774,0.975497,0.954341,0.961333,0.969627,0.872671,0.941991,0.947836,0.939034,0.925322,0.953027,0.937984,0.965175,0.956960,0.957843,0.964620,1.000000,0.983392,0.972710,0.975931,0.810525,0.983015
0.788103,0.838737,0.770978,0.829060,0.831071,0.933191,0.918358,0.953034,0.892417,0.931833,0.971235,0.929098,0.960370,0.966910,0.921349,0.924659,0.902724,0.785931,0.752467,0.926460,0.799250,0.777473,0.622754,0.719107,0.525562,0.354429,0.250761,0.104415,0.651410,0.743768,0.854595,0.804084,0.116086,0.783867,0.967394,0.948700,0.854246,0.886586,0.959957,0.970096,0.945611,0.961562,0.972148,0.964602,0.972862,0.953027,0.969773,0.973795,0.953635,0.966798,0.974550,0.883250,0.949973,0.947997,0.937029,0.922228,0.950183,0.933260,0.959079,0.952011,0.952665,0.963054,0.983392,1.000000,0.978916,0.978773,0.809859,0.981821
0.777483,0.831460,0.761679,0.827806,0.824517,0.923554,0.908783,0.944637,0.883060,0.924361,0.963771,0.924722,0.952801,0.958252,0.908977,0.917841,0.893496,0.775980,0.747037,0.914862,0.790186,0.768048,0.617323,0.708795,0.521282,0.356717,0.251950,0.100054,0.643391,0.735907,0.848069,0.794645,0.114197,0.772555,0.958228,0.942871,0.848513,0.883151,0.952995,0.961334,0.938513,0.952220,0.964437,0.957918,0.966419,0.947537,0.961140,0.965008,0.943060,0.960148,0.972281,0.870615,0.937757,0.937054,0.926560,0.911885,0.939796,0.922496,0.950609,0.941480,0.942401,0.956172,0.972710,0.978916,1.000000,0.971119,0.806332,0.973402
