1.000000,0.192363,0.063602,-0.017187,0.032296,0.101886,0.042954,0.109917,0.113026,0.131082,0.108930,0.005910,0.110692,0.111618,-0.079352,-0.046153,0.021576,0.000555,0.137924,0.069176,-0.036574,-0.023883,-0.004745,0.135272,0.170920,0.045292,0.058348,0.322808,0.062362,0.160296,0.018193,0.005817,-0.048324,0.421752,0.129634,0.101317,0.015148,0.011150,0.133219,0.111275,0.104678,0.132025,0.130568,0.125464,0.153196,0.041213,0.106132,0.183800,-0.041520,0.000427,-0.051789,-0.087742,-0.020863,0.110715,-0.007562,0.000776,0.156438,0.189168,0.140555,0.166667,0.087267,0.062475,0.108641,0.087982,0.038704,0.205821,0.030803,0.178750
0.192363,1.000000,0.079387,0.028418,0.332721,0.199842,0.228973,0.135367,0.147780,0.092752,0.033421,-0.078307,0.060887,0.054974,-0.112898,-0.150010,-0.154164,-0.147459,-0.035367,-0.003395,0.029381,0.074056,0.070133,0.086106,-0.042628,0.141547,0.105773,0.054467,-0.007086,-0.003116,-0.133230,-0.108625,0.034678,0.127732,-0.012092,-0.021105,-0.027011,0.021977,0.054919,0.141164,0.128088,0.133927,0.133479,0.071451,0.024927,-0.023399,0.032980,0.091487,-0.023223,-0.118439,-0.054748,-0.092363,0.003831,0.032312,0.039649,0.057202,0.052889,0.077944,0.097077,0.109005,-0.020581,0.020558,0.175750,0.144478,0.019067,0.088062,0.032702,0.119228
0.063602,0.079387,1.000000,0.356013,0.134993,0.206183,0.116458,0.199820,0.157516,0.174275,0.188219,0.246517,0.205561,0.183226,0.154240,0.139944,0.168379,0.159230,0.151087,0.214580,-0.034964,-0.011715,0.102294,0.023010,0.076844,0.101778,0.010410,-0.018594,0.129415,0.075739,-0.076104,0.044721,-0.037173,0.084379,0.091996,0.121281,0.247645,0.392137,0.093759,0.150329,0.219113,0.187616,0.136596,0.156381,0.159164,0.218510,0.214131,0.143169,0.133939,0.011864,0.079898,0.074137,0.148856,0.213915,-0.028020,-0.020646,0.137949,-0.080793,0.023184,0.063110,0.090702,0.013816,0.105900,0.137142,0.007236,0.121676,0.040437,0.114363
-0.017187,0.028418,0.356013,1.000000,-0.036177,0.139890,0.182822,0.156924,0.097286,0.040283,0.094417,0.646269,0.190204,0.115773,0.235138,-0.018689,-0.081043,0.082701,-0.118075,0.105328,0.081724,0.093941,0.000686,-0.052382,-0.117871,0.003406,-0.013894,-0.137834,-0.005441,-0.155453,-0.058694,-0.004194,-0.005871,-0.110174,0.072192,0.048378,0.468351,0.801077,0.018163,0.126859,0.188378,0.169227,0.100247,0.064561,0.020456,0.483116,0.394023,0.012354,0.265817,0.020365,0.165544,0.196065,0.187618,0.065922,0.039517,0.049029,-0.039419,-0.106420,-0.074754,-0.046470,-0.075223,-0.095938,-0.004843,0.021517,0.066594,-0.068796,-0.004085,-0.032841
0.032296,0.332721,0.134993,-0.036177,1.000000,0.504635,0.363809,0.372063,0.427332,0.401680,0.296570,-0.086366,0.303804,0.318555,-0.099644,-0.005906,0.072366,-0.040001,0.237587,0.208521,0.012847,0.057129,0.050734,0.194555,0.155493,0.274212,0.230605,0.182653,0.151051,0.150146,-0.039327,-0.012834,0.043722,0.512772,0.078356,0.065185,-0.068588,-0.012332,0.207879,0.351403,0.375733,0.335018,0.287974,0.256934,0.311801,-0.110954,0.004079,0.352180,-0.020378,-0.172339,-0.190544,-0.182903,-0.007462,0.229502,-0.045723,-0.020756,0.307325,0.119636,0.354801,0.325863,0.095562,0.050900,0.429368,0.430028,0.067159,0.288616,0.139708,0.289724
0.101886,0.199842,0.206183,0.139890,0.504635,1.000000,0.577142,0.896728,0.854785,0.855329,0.723659,0.212959,0.838619,0.765797,0.172086,0.116533,0.208495,0.103109,0.339649,0.575492,0.010651,0.054119,0.013373,0.158012,0.123495,0.225505,0.175561,0.096905,0.183325,0.202893,0.011832,0.020122,0.008914,0.267969,0.279181,0.243150,0.015766,0.222709,0.488600,0.804164,0.864184,0.863714,0.750012,0.708237,0.678293,0.114304,0.365649,0.676399,0.203429,0.073437,0.024346,-0.034882,0.254804,0.513379,0.004482,0.032350,0.347886,0.181499,0.268312,0.323840,0.169514,0.149823,0.505429,0.530402,0.196569,0.347228,0.181612,0.529547
0.042954,0.228973,0.116458,0.182822,0.363809,0.577142,1.000000,0.572969,0.650319,0.487320,0.340253,0.111022,0.467818,0.379488,0.049985,0.050254,0.050214,0.010431,0.184009,0.259920,0.020099,0.061092,0.031502,0.075745,0.018870,0.100259,0.101622,0.035070,0.154836,0.147728,-0.021087,0.046831,0.007037,0.182590,0.116771,0.115640,0.092807,0.175993,0.290630,0.522033,0.569794,0.550043,0.498293,0.366788,0.316342,0.055074,0.181576,0.318338,0.105298,-0.012851,-0.042762,-0.043290,0.151811,0.219993,-0.002972,0.016262,0.068636,-0.004955,0.062948,0.152972,0.067863,-0.014690,0.229222,0.289532,0.144628,0.069321,0.074925,0.222674
0.109917,0.135367,0.199820,0.156924,0.372063,0.896728,0.572969,1.000000,0.783533,0.826707,0.740243,0.246463,0.926709,0.801350,0.168059,0.147119,0.231087,0.109082,0.308631,0.566907,-0.003585,0.035193,0.042172,0.137325,0.113393,0.162410,0.125834,0.058280,0.182335,0.224454,0.010791,0.030781,0.003553,0.238111,0.263212,0.243138,0.027312,0.280374,0.500848,0.836413,0.872894,0.978442,0.751018,0.702226,0.677706,0.197475,0.460555,0.666142,0.214514,0.103395,0.045221,-0.026426,0.244727,0.486340,0.026535,0.045793,0.271811,0.146717,0.181658,0.284060,0.162993,0.136202,0.409621,0.440214,0.174667,0.272617,0.114248,0.487782
0.113026,0.147780,0.157516,0.097286,0.427332,0.854785,0.650319,0.783533,1.000000,0.853289,0.604033,0.145803,0.726929,0.624289,0.093008,0.110691,0.232206,0.083376,0.396129,0.456242,0.010175,0.051499,0.032649,0.155519,0.180932,0.121800,0.123678,0.114035,0.209151,0.282732,0.033572,0.022087,0.007595,0.303315,0.306144,0.262993,-0.005920,0.148857,0.460243,0.797874,0.804708,0.773870,0.816562,0.731931,0.615064,0.043975,0.287586,0.617548,0.131376,0.082255,0.028175,-0.065185,0.222132,0.429231,0.001987,0.028542,0.283355,0.146603,0.256019,0.321993,0.204262,0.204988,0.477672,0.496900,0.189472,0.341344,0.123650,0.487854
0.131082,0.092752,0.174275,0.040283,0.401680,0.855329,0.487320,0.826707,0.853289,1.000000,0.800861,0.155201,0.840272,0.799067,0.183351,0.288962,0.406531,0.244173,0.511190,0.636735,0.011962,0.039597,0.077460,0.218109,0.231897,0.174443,0.138419,0.126201,0.230974,0.336978,0.056027,0.044220,0.012201,0.363370,0.349884,0.283609,-0.031315,0.143244,0.504172,0.754798,0.845443,0.805294,0.781738,0.885153,0.790621,0.049914,0.302261,0.738451,0.151212,0.272571,0.140084,0.015605,0.306278,0.580774,0.022981,0.053745,0.414113,0.251821,0.311326,0.397846,0.263093,0.245295,0.520663,0.547842,0.203524,0.427769,0.151605,0.576949
0.108930,0.033421,0.188219,0.094417,0.296570,0.723659,0.340253,0.740243,0.604033,0.800861,1.000000,0.306015,0.844248,0.976150,0.452896,0.393576,0.454639,0.414320,0.439032,0.843093,0.008355,0.029863,0.102034,0.222343,0.179455,0.209561,0.106465,0.090903,0.187292,0.259619,0.097622,0.113437,0.001463,0.307715,0.305050,0.263366,0.003423,0.216445,0.363075,0.600290,0.725303,0.703031,0.604306,0.727115,0.859294,0.159762,0.337695,0.689055,0.269798,0.329114,0.197950,0.146501,0.367401,0.649586,0.020791,0.044458,0.396748,0.235624,0.204300,0.282909,0.250433,0.191925,0.386509,0.435349,0.170413,0.302171,0.101733,0.471952
0.005910,-0.078307,0.246517,0.646269,-0.086366,0.212959,0.111022,0.246463,0.145803,0.155201,0.306015,1.000000,0.412475,0.309636,0.425930,0.157502,0.113687,0.267654,0.013593,0.347246,0.085574,0.081925,0.027999,-0.024333,-0.042995,-0.007579,-0.057048,-0.145762,0.065904,-0.055963,0.046110,0.102151,-0.003315,-0.060061,0.122480,0.154819,0.308815,0.658920,0.123427,0.192093,0.272478,0.272823,0.162644,0.162000,0.198516,0.521664,0.465390,0.119932,0.360397,0.180282,0.234799,0.264936,0.265506,0.237726,0.042078,0.065161,0.058678,-0.030464,-0.051083,-0.001878,-0.007684,-0.076388,0.036788,0.075802,0.059564,-0.044263,0.018293,0.053295
0.110692,0.060887,0.205561,0.190204,0.303804,0.838619,0.467818,0.926709,0.726929,0.840272,0.844248,0.412475,1.000000,0.872747,0.287215,0.273939,0.355381,0.260840,0.394373,0.679088,0.011353,0.041895,0.053882,0.156339,0.144407,0.149891,0.097859,0.068021,0.212281,0.258175,0.065967,0.078252,0.008634,0.259611,0.326051,0.277024,0.059313,0.322932,0.478308,0.770434,0.853450,0.910301,0.718150,0.747020,0.765463,0.269174,0.510447,0.696154,0.267744,0.236719,0.141458,0.059508,0.311970,0.567598,0.037710,0.059674,0.334168,0.170440,0.203653,0.304646,0.216981,0.186025,0.436717,0.466610,0.164555,0.307779,0.132726,0.518985
0.111618,0.054974,0.183226,0.115773,0.318555,0.765797,0.379488,0.801350,0.624289,0.799067,0.976150,0.309636,0.872747,1.000000,0.436596,0.324035,0.394456,0.342117,0.398862,0.820895,0.001225,0.028382,0.082346,0.208504,0.165912,0.216732,0.115601,0.098165,0.175326,0.231573,0.078480,0.097550,0.008195,0.287223,0.304393,0.261178,0.008045,0.241294,0.389732,0.643553,0.758224,0.763877,0.613476,0.697205,0.830260,0.179109,0.368321,0.687515,0.285282,0.247051,0.140814,0.105763,0.347443,0.627049,0.012610,0.035797,0.377226,0.212059,0.194280,0.278649,0.223675,0.167952,0.395954,0.441854,0.168689,0.288418,0.089226,0.481521
-0.079352,-0.112898,0.154240,0.235138,-0.099644,0.172086,0.049985,0.168059,0.093008,0.183351,0.452896,0.425930,0.287215,0.436596,1.000000,0.369797,0.281961,0.404282,0.072261,0.733804,-0.002821,0.015629,0.081952,0.049523,-0.066864,0.095152,-0.036278,-0.089622,0.042296,-0.027845,0.074109,0.143380,-0.008381,-0.055577,0.046353,0.092286,0.135461,0.320196,0.039637,0.119773,0.231746,0.166758,0.145018,0.201794,0.315787,0.345585,0.296172,0.198284,0.648249,0.313775,0.270469,0.376062,0.388675,0.528772,-0.014389,0.000329,0.109312,-0.012113,-0.099677,-0.016893,-0.018713,-0.135362,-0.046099,0.021882,0.100709,-0.101709,0.011966,0.000282
-0.046153,-0.150010,0.139944,-0.018689,-0.005906,0.116533,0.050254,0.147119,0.110691,0.288962,0.393576,0.157502,0.273939,0.324035,0.369797,1.000000,0.713731,0.575377,0.369589,0.455422,0.023100,0.018649,0.134431,0.093760,0.110514,0.000640,-0.091612,-0.028988,0.170411,0.210858,0.140444,0.152417,-0.042462,0.165216,0.132770,0.119769,0.044669,0.092556,0.102023,0.078561,0.215009,0.139950,0.149688,0.303955,0.396556,0.116823,0.099721,0.227623,0.149004,0.487954,0.289309,0.313208,0.297618,0.381546,0.045597,0.070918,0.214735,0.056565,0.004158,0.071770,0.122895,0.039072,0.048399,0.090313,0.001602,0.075667,0.006992,0.103374
0.021576,-0.154164,0.168379,-0.081043,0.072366,0.208495,0.050214,0.231087,0.232206,0.406531,0.454639,0.113687,0.355381,0.394456,0.281961,0.713731,1.000000,0.621889,0.675403,0.468914,0.041699,0.044208,0.211732,0.189868,0.286407,0.010933,-0.019009,0.062083,0.267938,0.459227,0.225858,0.235421,-0.002348,0.374582,0.336306,0.241502,0.003963,0.045232,0.210759,0.188564,0.337172,0.235528,0.249024,0.388314,0.502355,0.051991,0.100365,0.351971,0.085064,0.459728,0.243690,0.201657,0.272204,0.459055,0.048596,0.061175,0.313827,0.164745,0.108783,0.155151,0.231025,0.182712,0.190801,0.209430,0.016470,0.227471,0.061240,0.325355
0.000555,-0.147459,0.159230,0.082701,-0.040001,0.103109,0.010431,0.109082,0.083376,0.244173,0.414320,0.267654,0.260840,0.342117,0.404282,0.575377,0.621889,1.000000,0.481089,0.534678,0.198986,0.189444,0.290974,0.295532,0.204126,-0.000551,-0.066759,0.013748,0.140618,0.213441,0.155000,0.315161,0.065178,0.218676,0.250963,0.187163,0.087852,0.157293,0.082092,0.016434,0.184862,0.095675,0.064638,0.260176,0.404602,0.132527,0.108038,0.220081,0.206218,0.474712,0.393443,0.637068,0.475733,0.494711,0.123645,0.141006,0.382084,0.219866,0.045990,0.078634,0.175024,0.090585,0.107452,0.142155,0.055970,0.112361,-0.024687,0.193269
0.137924,-0.035367,0.151087,-0.118075,0.237587,0.339649,0.184009,0.308631,0.396129,0.511190,0.439032,0.013593,0.394373,0.398862,0.072261,0.369589,0.675403,0.481089,1.000000,0.390258,0.039155,0.065182,0.268016,0.283082,0.521975,0.095703,0.095947,0.138696,0.478605,0.716492,0.214800,0.219454,0.011841,0.499135,0.479116,0.313785,-0.029246,-0.029251,0.307358,0.300117,0.385229,0.315325,0.330905,0.453079,0.548538,-0.106397,0.055724,0.447121,-0.055322,0.293402,0.088577,0.011852,0.144031,0.433906,0.035695,0.069244,0.406113,0.251757,0.232870,0.248857,0.290410,0.340498,0.358634,0.329924,0.011808,0.385351,0.053981,0.546639
0.069176,-0.003395,0.214580,0.105328,0.208521,0.575492,0.259920,0.566907,0.456242,0.636735,0.843093,0.347246,0.679088,0.820895,0.733804,0.455422,0.468914,0.534678,0.390258,1.000000,0.103586,0.120170,0.160556,0.252378,0.136799,0.199247,0.064648,0.053361,0.184469,0.215798,0.116211,0.162971,0.003371,0.252086,0.273763,0.235172,0.048058,0.261344,0.275696,0.453218,0.582104,0.545268,0.455045,0.584117,0.758174,0.240194,0.337792,0.607849,0.488511,0.380205,0.260915,0.345018,0.466412,0.778635,0.055900,0.077161,0.391301,0.223774,0.104258,0.196156,0.169376,0.058400,0.298714,0.349406,0.173995,0.220064,0.100957,0.373611
-0.036574,0.029381,-0.034964,0.081724,0.012847,0.010651,0.020099,-0.003585,0.010175,0.011962,0.008355,0.085574,0.011353,0.001225,-0.002821,0.023100,0.041699,0.198986,0.039155,0.103586,1.000000,0.934243,0.348356,0.432233,0.039184,-0.008520,0.060680,0.011822,-0.020631,-0.033993,0.052794,0.186956,0.068584,0.048704,0.050154,0.000163,0.027491,0.113660,0.024671,-0.011894,0.029357,0.006793,0.000448,0.023246,0.011931,0.102374,0.076785,-0.006205,0.083784,0.075630,0.092844,0.236811,0.073944,0.110514,0.298527,0.323238,0.097353,0.129271,-0.019094,-0.034398,-0.016174,0.053378,-0.063277,-0.025111,-0.042581,0.012841,-0.003207,0.000765
-0.023883,0.074056,-0.011715,0.093941,0.057129,0.054119,0.061092,0.035193,0.051499,0.039597,0.029863,0.081925,0.041895,0.028382,0.015629,0.018649,0.044208,0.189444,0.065182,0.120170,0.934243,1.000000,0.399580,0.501713,0.075207,0.047337,0.083000,0.037865,0.022670,-0.003302,0.043536,0.187202,0.054221,0.077163,0.055305,0.001547,0.030001,0.131030,0.049978,0.023212,0.069878,0.043227,0.029411,0.040408,0.039755,0.115766,0.096216,0.025011,0.090839,0.067723,0.106634,0.231853,0.079439,0.133355,0.363134,0.407519,0.146319,0.186080,0.012141,-0.012549,0.004333,0.062170,-0.021722,0.016306,-0.043017,0.031810,0.002597,0.035147
-0.004745,0.070133,0.102294,0.000686,0.050734,0.013373,0.031502,0.042172,0.032649,0.077460,0.102034,0.027999,0.053882,0.082346,0.081952,0.134431,0.211732,0.290974,0.268016,0.160556,0.348356,0.399580,1.000000,0.337206,0.383717,0.051679,-0.010770,-0.025356,0.160384,0.207981,0.093624,0.335096,0.101060,0.179168,0.119487,0.123982,0.057086,0.085919,0.067842,0.028907,0.072072,0.039930,0.031620,0.083870,0.069790,0.048655,0.023857,0.027278,0.015839,0.130666,0.124098,0.213800,0.171043,0.135243,0.214631,0.273988,0.140623,0.227445,0.065230,-0.005209,0.032468,0.009701,0.032148,0.075803,-0.021160,0.057077,0.053604,0.135049
0.135272,0.086106,0.023010,-0.052382,0.194555,0.158012,0.075745,0.137325,0.155519,0.218109,0.222343,-0.024333,0.156339,0.208504,0.049523,0.093760,0.189868,0.295532,0.283082,0.252378,0.432233,0.501713,0.337206,1.000000,0.326805,0.196482,0.147880,0.143493,0.146705,0.191787,0.067000,0.162383,0.027228,0.380071,0.168125,0.060942,-0.079789,0.002535,0.137857,0.122486,0.173884,0.126399,0.118860,0.160393,0.236068,-0.036505,-0.036315,0.145726,-0.006910,0.032209,0.021153,0.139149,0.080275,0.228084,0.138056,0.188476,0.325583,0.347040,0.248284,0.173332,0.204700,0.217855,0.173708,0.218299,-0.048667,0.285509,0.133363,0.254636
0.170920,-0.042628,0.076844,-0.117871,0.155493,0.123495,0.018870,0.113393,0.180932,0.231897,0.179455,-0.042995,0.144407,0.165912,-0.066864,0.110514,0.286407,0.204126,0.521975,0.136799,0.039184,0.075207,0.383717,0.326805,1.000000,0.074710,0.062340,0.194776,0.401817,0.496057,0.140887,0.140794,-0.002084,0.386987,0.345813,0.247804,-0.089271,-0.059355,0.194355,0.154649,0.174140,0.122971,0.171218,0.235996,0.233839,-0.113651,-0.058090,0.186857,-0.140842,0.072553,-0.001753,0.008265,0.100031,0.184502,0.055138,0.086928,0.274809,0.245537,0.216205,0.134124,0.153531,0.256110,0.217654,0.212847,-0.001598,0.321933,0.115469,0.374409
0.045292,0.141547,0.101778,0.003406,0.274212,0.225505,0.100259,0.162410,0.121800,0.174443,0.209561,-0.007579,0.149891,0.216732,0.095152,0.000640,0.010933,-0.000551,0.095703,0.199247,-0.008520,0.047337,0.051679,0.196482,0.074710,1.000000,0.376127,0.184980,0.108097,0.038055,-0.060632,-0.047604,-0.043520,0.187476,0.088335,0.029487,-0.010496,0.003218,0.132508,0.173750,0.181945,0.139005,0.152443,0.141778,0.236817,-0.039363,0.036539,0.210653,0.090287,-0.013713,-0.053192,-0.036967,0.037327,0.200765,0.015724,0.047443,0.232717,0.131392,0.163183,0.143813,0.071643,0.034520,0.223696,0.192080,0.024510,0.163319,0.050014,0.206112
0.058348,0.105773,0.010410,-0.013894,0.230605,0.175561,0.101622,0.125834,0.123678,0.138419,0.106465,-0.057048,0.097859,0.115601,-0.036278,-0.091612,-0.019009,-0.066759,0.095947,0.064648,0.060680,0.083000,-0.010770,0.147880,0.062340,0.376127,1.000000,0.205714,0.078898,0.059430,0.034160,-0.063445,-0.034916,0.167217,0.038249,-0.012368,-0.087479,-0.021264,0.115403,0.133333,0.127644,0.106456,0.119668,0.102516,0.125819,-0.019400,0.019818,0.133819,-0.037693,-0.106193,-0.080034,-0.128579,-0.052447,0.044235,-0.058616,-0.037081,0.103635,0.086814,0.187779,0.137563,0.047028,0.039335,0.154841,0.152851,0.079364,0.182483,0.105749,0.134027
0.322808,0.054467,-0.018594,-0.137834,0.182653,0.096905,0.035070,0.058280,0.114035,0.126201,0.090903,-0.145762,0.068021,0.098165,-0.089622,-0.028988,0.062083,0.013748,0.138696,0.053361,0.011822,0.037865,-0.025356,0.143493,0.194776,0.184980,0.205714,1.000000,0.090639,0.139475,-0.011014,0.011602,-0.058668,0.325338,0.072608,0.053944,-0.126732,-0.128375,0.117279,0.129820,0.100715,0.062988,0.120934,0.085567,0.170554,-0.117991,-0.068946,0.137016,-0.112853,-0.027547,-0.116018,-0.097275,-0.058691,0.102006,0.015703,0.022652,0.215035,0.157309,0.204999,0.186080,0.089971,0.092722,0.169206,0.178432,0.057771,0.203443,0.055031,0.182684
0.062362,-0.007086,0.129415,-0.005441,0.151051,0.183325,0.154836,0.182335,0.209151,0.230974,0.187292,0.065904,0.212281,0.175326,0.042296,0.170411,0.267938,0.140618,0.478605,0.184469,-0.020631,0.022670,0.160384,0.146705,0.401817,0.108097,0.078898,0.090639,1.000000,0.603914,0.156120,0.104587,-0.011870,0.249356,0.207760,0.188877,-0.029716,0.070900,0.192266,0.243457,0.226348,0.200472,0.205352,0.217975,0.249381,0.000241,0.073676,0.217491,-0.037205,0.134870,0.042393,-0.032556,0.086875,0.183309,-0.045667,0.004531,0.148382,0.112335,0.066221,0.090920,0.111610,0.118896,0.183952,0.173172,-0.006433,0.129754,0.062210,0.273321
0.160296,-0.003116,0.075739,-0.155453,0.150146,0.202893,0.147728,0.224454,0.282732,0.336978,0.259619,-0.055963,0.258175,0.231573,-0.027845,0.210858,0.459227,0.213441,0.716492,0.215798,-0.033993,-0.003302,0.207981,0.191787,0.496057,0.038055,0.059430,0.139475,0.603914,1.000000,0.272389,0.195157,-0.016685,0.427630,0.384382,0.265664,-0.077344,-0.084142,0.245999,0.256405,0.259555,0.253395,0.254846,0.275440,0.379747,-0.086744,0.046562,0.330979,-0.096944,0.174723,-0.004757,-0.084165,0.045268,0.251146,0.013476,0.054464,0.212732,0.224914,0.143804,0.194032,0.256535,0.281972,0.256385,0.216664,0.008947,0.274475,0.088128,0.400554
0.018193,-0.133230,-0.076104,-0.058694,-0.039327,0.011832,-0.021087,0.010791,0.033572,0.056027,0.097622,0.046110,0.065967,0.078480,0.074109,0.140444,0.225858,0.155000,0.214800,0.116211,0.052794,0.043536,0.093624,0.067000,0.140887,-0.060632,0.034160,-0.011014,0.156120,0.272389,1.000000,0.247801,0.015396,0.089001,0.111076,0.034155,-0.045051,-0.011831,0.009966,-0.013580,0.017488,0.025512,-0.014486,0.027104,0.124250,0.011144,0.010182,0.096390,0.005819,0.085924,0.044776,0.011068,0.000218,0.098384,0.004792,-0.007493,0.034824,-0.001907,-0.063420,-0.003605,0.021857,0.015685,-0.016796,0.002644,-0.035562,0.053980,-0.032066,0.057742
0.005817,-0.108625,0.044721,-0.004194,-0.012834,0.020122,0.046831,0.030781,0.022087,0.044220,0.113437,0.102151,0.078252,0.097550,0.143380,0.152417,0.235421,0.315161,0.219454,0.162971,0.186956,0.187202,0.335096,0.162383,0.140794,-0.047604,-0.063445,0.011602,0.104587,0.195157,0.247801,1.000000,0.207573,0.143041,0.083314,0.038253,0.018230,0.037311,0.028918,0.017302,0.053451,0.037157,0.013514,0.043434,0.117749,0.025786,0.030129,0.037197,0.015257,0.121037,0.064921,0.143807,0.094060,0.088582,0.065553,0.057149,0.056307,0.069139,-0.041387,0.010166,0.090144,0.058504,-0.054196,-0.030941,-0.042725,-0.034492,-0.044256,0.048639
-0.048324,0.034678,-0.037173,-0.005871,0.043722,0.008914,0.007037,0.003553,0.007595,0.012201,0.001463,-0.003315,0.008634,0.008195,-0.008381,-0.042462,-0.002348,0.065178,0.011841,0.003371,0.068584,0.054221,0.101060,0.027228,-0.002084,-0.043520,-0.034916,-0.058668,-0.011870,-0.016685,0.015396,0.207573,1.000000,0.008862,0.032146,0.029269,-0.049688,0.020502,0.017539,0.004799,0.018722,0.006828,-0.010839,-0.000206,-0.023637,0.011758,0.015025,-0.005431,0.024904,-0.011967,0.032903,0.060056,0.078101,0.018841,0.029852,0.035241,0.048247,0.048282,0.032236,0.017131,0.006797,0.032550,0.069726,0.066571,0.074125,0.036561,-0.016446,0.020303
0.421752,0.127732,0.084379,-0.110174,0.512772,0.267969,0.182590,0.238111,0.303315,0.363370,0.307715,-0.060061,0.259611,0.287223,-0.055577,0.165216,0.374582,0.218676,0.499135,0.252086,0.048704,0.077163,0.179168,0.380071,0.386987,0.187476,0.167217,0.325338,0.249356,0.427630,0.089001,0.143041,0.008862,1.000000,0.243798,0.147777,-0.057502,-0.037774,0.219497,0.247921,0.285301,0.235211,0.251834,0.294846,0.377524,-0.082912,0.017389,0.319438,-0.081507,0.075113,-0.038052,-0.037816,0.053215,0.262983,0.009899,0.035177,0.359307,0.280596,0.342818,0.301039,0.246766,0.199943,0.319232,0.315391,0.018286,0.381741,0.106517,0.364464
0.129634,-0.012092,0.091996,0.072192,0.078356,0.279181,0.116771,0.263212,0.306144,0.349884,0.305050,0.122480,0.326051,0.304393,0.046353,0.132770,0.336306,0.250963,0.479116,0.273763,0.050154,0.055305,0.119487,0.168125,0.345813,0.088335,0.038249,0.072608,0.207760,0.384382,0.111076,0.083314,0.032146,0.243798,1.000000,0.452636,-0.005422,0.116508,0.294629,0.202684,0.303429,0.266897,0.198421,0.290239,0.400908,0.084004,0.186976,0.413763,0.063592,0.131495,-0.007359,0.041343,0.078689,0.358558,0.095900,0.119923,0.377670,0.387170,0.053784,0.118617,0.256117,0.394929,0.336356,0.226976,-0.010364,0.302764,-0.017885,0.645981
0.101317,-0.021105,0.121281,0.048378,0.065185,0.243150,0.115640,0.243138,0.262993,0.283609,0.263366,0.154819,0.277024,0.261178,0.092286,0.119769,0.241502,0.187163,0.313785,0.235172,0.000163,0.001547,0.123982,0.060942,0.247804,0.029487,-0.012368,0.053944,0.188877,0.265664,0.034155,0.038253,0.029269,0.147777,0.452636,1.000000,-0.002302,0.111934,0.362142,0.236788,0.318557,0.244128,0.219691,0.240752,0.280816,0.088138,0.158360,0.281133,0.081848,0.082205,0.082686,0.081662,0.146615,0.266198,0.060314,0.056809,0.245300,0.199835,0.011903,0.082361,0.113740,0.118060,0.171507,0.153937,0.080375,0.147679,0.033745,0.383961
0.015148,-0.027011,0.247645,0.468351,-0.068588,0.015766,0.092807,0.027312,-0.005920,-0.031315,0.003423,0.308815,0.059313,0.008045,0.135461,0.044669,0.003963,0.087852,-0.029246,0.048058,0.027491,0.030001,0.057086,-0.079789,-0.089271,-0.010496,-0.087479,-0.126732,-0.029716,-0.077344,-0.045051,0.018230,-0.049688,-0.057502,-0.005422,-0.002302,1.000000,0.451814,-0.038326,-0.020862,0.055426,0.036033,-0.014198,-0.004877,-0.043478,0.255034,0.189587,-0.032378,0.178676,0.059233,0.134995,0.116647,0.087168,0.036101,0.000881,-0.002440,-0.097146,-0.107896,-0.087000,-0.017501,-0.047999,-0.071979,-0.056119,-0.028323,0.007295,-0.127970,-0.029835,-0.070482
0.011150,0.021977,0.392137,0.801077,-0.012332,0.222709,0.175993,0.280374,0.148857,0.143244,0.216445,0.658920,0.322932,0.241294,0.320196,0.092556,0.045232,0.157293,-0.029251,0.261344,0.113660,0.131030,0.085919,0.002535,-0.059355,0.003218,-0.021264,-0.128375,0.070900,-0.084142,-0.011831,0.037311,0.020502,-0.037774,0.116508,0.111934,0.451814,1.000000,0.121733,0.202717,0.283605,0.313700,0.131462,0.126353,0.162209,0.715968,0.606337,0.181145,0.389637,0.105288,0.223831,0.256807,0.234709,0.250534,0.052944,0.084479,0.030897,-0.048154,-0.111366,-0.002269,-0.044568,-0.127561,0.029153,0.037593,0.073865,-0.032962,-0.036852,0.069017
0.133219,0.054919,0.093759,0.018163,0.207879,0.488600,0.290630,0.500848,0.460243,0.504172,0.363075,0.123427,0.478308,0.389732,0.039637,0.102023,0.210759,0.082092,0.307358,0.275696,0.024671,0.049978,0.067842,0.137857,0.194355,0.132508,0.115403,0.117279,0.192266,0.245999,0.009966,0.028918,0.017539,0.219497,0.294629,0.362142,-0.038326,0.121733,1.000000,0.567362,0.573926,0.511969,0.483609,0.451778,0.396915,0.029771,0.195413,0.422309,0.097082,0.122826,0.076371,-0.018774,0.202601,0.330608,0.038491,0.081429,0.303254,0.216487,0.158942,0.239224,0.099448,0.084037,0.336567,0.358240,0.218199,0.292945,0.087308,0.574913
0.111275,0.141164,0.150329,0.126859,0.351403,0.804164,0.522033,0.836413,0.797874,0.754798,0.600290,0.192093,0.770434,0.643553,0.119773,0.078561,0.188564,0.016434,0.300117,0.453218,-0.011894,0.023212,0.028907,0.122486,0.154649,0.173750,0.133333,0.129820,0.243457,0.256405,-0.013580,0.017302,0.004799,0.247921,0.202684,0.236788,-0.020862,0.202717,0.567362,1.000000,0.830105,0.857900,0.911589,0.740822,0.589429,0.105467,0.344808,0.570660,0.143879,0.111444,0.066798,-0.064346,0.285851,0.402462,0.024027,0.056120,0.235375,0.142221,0.214055,0.288522,0.143748,0.154293,0.468349,0.494927,0.262806,0.297671,0.151405,0.502992
0.104678,0.128088,0.219113,0.188378,0.375733,0.864184,0.569794,0.872894,0.804708,0.845443,0.725303,0.272478,0.853450,0.758224,0.231746,0.215009,0.337172,0.184862,0.385229,0.582104,0.029357,0.069878,0.072072,0.173884,0.174140,0.181945,0.127644,0.100715,0.226348,0.259555,0.017488,0.053451,0.018722,0.285301,0.303429,0.318557,0.055426,0.283605,0.573926,0.830105,1.000000,0.859088,0.808888,0.766272,0.667035,0.168845,0.391059,0.640607,0.240631,0.221417,0.152077,0.054496,0.362636,0.532367,0.053141,0.083522,0.347955,0.183560,0.237941,0.322770,0.165231,0.144810,0.471869,0.505150,0.215010,0.308067,0.141774,0.538301
0.132025,0.133927,0.187616,0.169227,0.335018,0.863714,0.550043,0.978442,0.773870,0.805294,0.703031,0.272823,0.910301,0.763877,0.166758,0.139950,0.235528,0.095675,0.315325,0.545268,0.006793,0.043227,0.039930,0.126399,0.122971,0.139005,0.106456,0.062988,0.200472,0.253395,0.025512,0.037157,0.006828,0.235211,0.266897,0.244128,0.036033,0.313700,0.511969,0.857900,0.859088,1.000000,0.760237,0.694226,0.673064,0.255963,0.532132,0.677289,0.239087,0.094127,0.046823,-0.035263,0.224439,0.489994,0.040579,0.059122,0.249877,0.133429,0.151953,0.277061,0.151624,0.126015,0.391383,0.411785,0.168550,0.255575,0.091940,0.478674
0.130568,0.133479,0.136596,0.100247,0.287974,0.750012,0.498293,0.751018,0.816562,0.781738,0.604306,0.162644,0.718150,0.613476,0.145018,0.149688,0.249024,0.064638,0.330905,0.455045,0.000448,0.029411,0.031620,0.118860,0.171218,0.152443,0.119668,0.120934,0.205352,0.254846,-0.014486,0.013514,-0.010839,0.251834,0.198421,0.219691,-0.014198,0.131462,0.483609,0.911589,0.808888,0.760237,1.000000,0.835864,0.574616,0.032689,0.263918,0.523679,0.099691,0.222308,0.151987,-0.029672,0.342989,0.379747,0.021414,0.049378,0.229231,0.134338,0.249299,0.294290,0.169446,0.183301,0.456834,0.481518,0.256982,0.292498,0.142182,0.454188
0.125464,0.071451,0.156381,0.064561,0.256934,0.708237,0.366788,0.702226,0.731931,0.885153,0.727115,0.162000,0.747020,0.697205,0.201794,0.303955,0.388314,0.260176,0.453079,0.584117,0.023246,0.040408,0.083870,0.160393,0.235996,0.141778,0.102516,0.085567,0.217975,0.275440,0.027104,0.043434,-0.000206,0.294846,0.290239,0.240752,-0.004877,0.126353,0.451778,0.740822,0.766272,0.694226,0.835864,1.000000,0.722018,0.043750,0.262790,0.614078,0.128536,0.459515,0.337494,0.115700,0.426319,0.508126,0.045033,0.072586,0.375713,0.219834,0.267140,0.327066,0.227619,0.232392,0.497533,0.509209,0.271040,0.379386,0.112098,0.544400
0.153196,0.024927,0.159164,0.020456,0.311801,0.678293,0.316342,0.677706,0.615064,0.790621,0.859294,0.198516,0.765463,0.830260,0.315787,0.396556,0.502355,0.404602,0.548538,0.758174,0.011931,0.039755,0.069790,0.236068,0.233839,0.236817,0.125819,0.170554,0.249381,0.379747,0.124250,0.117749,-0.023637,0.377524,0.400908,0.280816,-0.043478,0.162209,0.396915,0.589429,0.667035,0.673064,0.574616,0.722018,1.000000,0.108959,0.340202,0.865301,0.246221,0.331046,0.145404,0.071130,0.276128,0.754926,0.048561,0.068540,0.436144,0.289065,0.219825,0.328813,0.315814,0.252883,0.449233,0.432159,0.133031,0.366786,0.070726,0.556084
0.041213,-0.023399,0.218510,0.483116,-0.110954,0.114304,0.055074,0.197475,0.043975,0.049914,0.159762,0.521664,0.269174,0.179109,0.345585,0.116823,0.051991,0.132527,-0.106397,0.240194,0.102374,0.115766,0.048655,-0.036505,-0.113651,-0.039363,-0.019400,-0.117991,0.000241,-0.086744,0.011144,0.025786,0.011758,-0.082912,0.084004,0.088138,0.255034,0.715968,0.029771,0.105467,0.168845,0.255963,0.032689,0.043750,0.108959,1.000000,0.845812,0.182307,0.510482,0.121333,0.218533,0.264460,0.195717,0.259380,0.067358,0.095293,-0.019786,-0.031842,-0.188413,-0.143855,-0.068787,-0.143493,-0.081949,-0.077619,0.041624,-0.134394,-0.070333,-0.032774
0.106132,0.032980,0.214131,0.394023,0.004079,0.365649,0.181576,0.460555,0.287586,0.302261,0.337695,0.465390,0.510447,0.368321,0.296172,0.099721,0.100365,0.108038,0.055724,0.337792,0.076785,0.096216,0.023857,-0.036315,-0.058090,0.036539,0.019818,-0.068946,0.073676,0.046562,0.010182,0.030129,0.015025,0.017389,0.186976,0.158360,0.189587,0.606337,0.195413,0.344808,0.391059,0.532132,0.263918,0.262790,0.340202,0.845812,1.000000,0.467384,0.537988,0.116943,0.175919,0.133067,0.193360,0.402272,0.046810,0.068810,0.060168,-0.006928,-0.084830,-0.007527,0.004240,-0.068507,0.078048,0.061056,0.067416,-0.018698,-0.037403,0.130739
0.183800,0.091487,0.143169,0.012354,0.352180,0.676399,0.318338,0.666142,0.617548,0.738451,0.689055,0.119932,0.696154,0.687515,0.198284,0.227623,0.351971,0.220081,0.447121,0.607849,-0.006205,0.025011,0.027278,0.145726,0.186857,0.210653,0.133819,0.137016,0.217491,0.330979,0.096390,0.037197,-0.005431,0.319438,0.413763,0.281133,-0.032378,0.181145,0.422309,0.570660,0.640607,0.677289,0.523679,0.614078,0.865301,0.182307,0.467384,1.000000,0.349645,0.204682,0.058496,-0.025519,0.190730,0.788725,0.030584,0.051157,0.354934,0.243179,0.203617,0.311011,0.240351,0.163786,0.442064,0.379615,0.138902,0.333176,0.060402,0.517801
-0.041520,-0.023223,0.133939,0.265817,-0.020378,0.203429,0.105298,0.214514,0.131376,0.151212,0.269798,0.360397,0.267744,0.285282,0.648249,0.149004,0.085064,0.206218,-0.055322,0.488511,0.083784,0.090839,0.015839,-0.006910,-0.140842,0.090287,-0.037693,-0.112853,-0.037205,-0.096944,0.005819,0.015257,0.024904,-0.081507,0.063592,0.081848,0.178676,0.389637,0.097082,0.143879,0.240631,0.239087,0.099691,0.128536,0.246221,0.510482,0.537988,0.349645,1.000000,0.165898,0.221074,0.355596,0.352137,0.624405,0.057054,0.064101,0.099042,0.012925,-0.077254,-0.054344,-0.130021,-0.157300,0.052769,0.012921,0.114117,-0.117991,-0.001609,0.018091
0.000427,-0.118439,0.011864,0.020365,-0.172339,0.073437,-0.012851,0.103395,0.082255,0.272571,0.329114,0.180282,0.236719,0.247051,0.313775,0.487954,0.459728,0.474712,0.293402,0.380205,0.075630,0.067723,0.130666,0.032209,0.072553,-0.013713,-0.106193,-0.027547,0.134870,0.174723,0.085924,0.121037,-0.011967,0.075113,0.131495,0.082205,0.059233,0.105288,0.122826,0.111444,0.221417,0.094127,0.222308,0.459515,0.331046,0.121333,0.116943,0.204682,0.165898,1.000000,0.681391,0.432552,0.472944,0.332992,0.102729,0.116588,0.239296,0.152568,-0.045601,-0.000444,0.121554,0.075310,0.146318,0.149851,0.132670,0.102775,-0.005506,0.222090
-0.051789,-0.054748,0.079898,0.165544,-0.190544,0.024346,-0.042762,0.045221,0.028175,0.140084,0.197950,0.234799,0.141458,0.140814,0.270469,0.289309,0.243690,0.393443,0.088577,0.260915,0.092844,0.106634,0.124098,0.021153,-0.001753,-0.053192,-0.080034,-0.116018,0.042393,-0.004757,0.044776,0.064921,0.032903,-0.038052,-0.007359,0.082686,0.134995,0.223831,0.076371,0.066798,0.152077,0.046823,0.151987,0.337494,0.145404,0.218533,0.175919,0.058496,0.221074,0.681391,1.000000,0.590297,0.611842,0.230850,0.132781,0.143494,0.170100,0.029183,-0.046326,-0.062853,-0.033252,-0.069075,0.105348,0.173331,0.345274,0.060592,0.038201,0.116139
-0.087742,-0.092363,0.074137,0.196065,-0.182903,-0.034882,-0.043290,-0.026426,-0.065185,0.015605,0.146501,0.264936,0.059508,0.105763,0.376062,0.313208,0.201657,0.637068,0.011852,0.345018,0.236811,0.231853,0.213800,0.139149,0.008265,-0.036967,-0.128579,-0.097275,-0.032556,-0.084165,0.011068,0.143807,0.060056,-0.037816,0.041343,0.081662,0.116647,0.256807,-0.018774,-0.064346,0.054496,-0.035263,-0.029672,0.115700,0.071130,0.264460,0.133067,-0.025519,0.355596,0.432552,0.590297,1.000000,0.698445,0.291751,0.225923,0.245723,0.254707,0.144083,-0.072306,-0.095899,-0.073971,-0.096120,0.030686,0.090306,0.174876,-0.013832,-0.018483,0.032146
-0.020863,0.003831,0.148856,0.187618,-0.007462,0.254804,0.151811,0.244727,0.222132,0.306278,0.367401,0.265506,0.311970,0.347443,0.388675,0.297618,0.272204,0.475733,0.144031,0.466412,0.073944,0.079439,0.171043,0.080275,0.100031,0.037327,-0.052447,-0.058691,0.086875,0.045268,0.000218,0.094060,0.078101,0.053215,0.078689,0.146615,0.087168,0.234709,0.202601,0.285851,0.362636,0.224439,0.342989,0.426319,0.276128,0.195717,0.193360,0.190730,0.352137,0.472944,0.611842,0.698445,1.000000,0.407629,0.118954,0.144966,0.378155,0.121349,0.062193,0.048731,-0.026344,-0.070628,0.335944,0.434703,0.383699,0.151891,0.047433,0.236837
0.110715,0.032312,0.213915,0.065922,0.229502,0.513379,0.219993,0.486340,0.429231,0.580774,0.649586,0.237726,0.567598,0.627049,0.528772,0.381546,0.459055,0.494711,0.433906,0.778635,0.110514,0.133355,0.135243,0.228084,0.184502,0.200765,0.044235,0.102006,0.183309,0.251146,0.098384,0.088582,0.018841,0.262983,0.358558,0.266198,0.036101,0.250534,0.330608,0.402462,0.532367,0.489994,0.379747,0.508126,0.754926,0.259380,0.402272,0.788725,0.624405,0.332992,0.230850,0.291751,0.407629,1.000000,0.131949,0.145110,0.448338,0.292356,0.140049,0.222427,0.168132,0.087383,0.368409,0.330668,0.126422,0.253242,0.039072,0.426268
-0.007562,0.039649,-0.028020,0.039517,-0.045723,0.004482,-0.002972,0.026535,0.001987,0.022981,0.020791,0.042078,0.037710,0.012610,-0.014389,0.045597,0.048596,0.123645,0.035695,0.055900,0.298527,0.363134,0.214631,0.138056,0.055138,0.015724,-0.058616,0.015703,-0.045667,0.013476,0.004792,0.065553,0.029852,0.009899,0.095900,0.060314,0.000881,0.052944,0.038491,0.024027,0.053141,0.040579,0.021414,0.045033,0.048561,0.067358,0.046810,0.030584,0.057054,0.102729,0.132781,0.225923,0.118954,0.131949,1.000000,0.919533,0.183474,0.414957,-0.015377,-0.012693,-0.006049,0.000191,0.099372,0.075973,-0.043724,0.021716,-0.044870,0.092682
0.000776,0.057202,-0.020646,0.049029,-0.020756,0.032350,0.016262,0.045793,0.028542,0.053745,0.044458,0.065161,0.059674,0.035797,0.000329,0.070918,0.061175,0.141006,0.069244,0.077161,0.323238,0.407519,0.273988,0.188476,0.086928,0.047443,-0.037081,0.022652,0.004531,0.054464,-0.007493,0.057149,0.035241,0.035177,0.119923,0.056809,-0.002440,0.084479,0.081429,0.056120,0.083522,0.059122,0.049378,0.072586,0.068540,0.095293,0.068810,0.051157,0.064101,0.116588,0.143494,0.245723,0.144966,0.145110,0.919533,1.000000,0.217721,0.494432,0.003522,-0.004468,-0.032435,0.004525,0.116766,0.101093,-0.028052,0.034155,-0.024733,0.128508
0.156438,0.052889,0.137949,-0.039419,0.307325,0.347886,0.068636,0.271811,0.283355,0.414113,0.396748,0.058678,0.334168,0.377226,0.109312,0.214735,0.313827,0.382084,0.406113,0.391301,0.097353,0.146319,0.140623,0.325583,0.274809,0.232717,0.103635,0.215035,0.148382,0.212732,0.034824,0.056307,0.048247,0.359307,0.377670,0.245300,-0.097146,0.030897,0.303254,0.235375,0.347955,0.249877,0.229231,0.375713,0.436144,-0.019786,0.060168,0.354934,0.099042,0.239296,0.170100,0.254707,0.378155,0.448338,0.183474,0.217721,1.000000,0.451480,0.369789,0.285382,0.253134,0.279326,0.594481,0.600690,0.074308,0.628521,0.088970,0.589225
0.189168,0.077944,-0.080793,-0.106420,0.119636,0.181499,-0.004955,0.146717,0.146603,0.251821,0.235624,-0.030464,0.170440,0.212059,-0.012113,0.056565,0.164745,0.219866,0.251757,0.223774,0.129271,0.186080,0.227445,0.347040,0.245537,0.131392,0.086814,0.157309,0.112335,0.224914,-0.001907,0.069139,0.048282,0.280596,0.387170,0.199835,-0.107896,-0.048154,0.216487,0.142221,0.183560,0.133429,0.134338,0.219834,0.289065,-0.031842,-0.006928,0.243179,0.012925,0.152568,0.029183,0.144083,0.121349,0.292356,0.414957,0.494432,0.451480,1.000000,0.248058,0.236457,0.225408,0.281335,0.301535,0.265081,-0.010540,0.329485,0.030251,0.438145
0.140555,0.097077,0.023184,-0.074754,0.354801,0.268312,0.062948,0.181658,0.256019,0.311326,0.204300,-0.051083,0.203653,0.194280,-0.099677,0.004158,0.108783,0.045990,0.232870,0.104258,-0.019094,0.012141,0.065230,0.248284,0.216205,0.163183,0.187779,0.204999,0.066221,0.143804,-0.063420,-0.041387,0.032236,0.342818,0.053784,0.011903,-0.087000,-0.111366,0.158942,0.214055,0.237941,0.151953,0.249299,0.267140,0.219825,-0.188413,-0.084830,0.203617,-0.077254,-0.045601,-0.046326,-0.072306,0.062193,0.140049,-0.015377,0.003522,0.369789,0.248058,1.000000,0.535814,0.264110,0.277001,0.461902,0.505758,0.067869,0.475334,0.259555,0.272182
0.166667,0.109005,0.063110,-0.046470,0.325863,0.323840,0.152972,0.284060,0.321993,0.397846,0.282909,-0.001878,0.304646,0.278649,-0.016893,0.071770,0.155151,0.078634,0.248857,0.196156,-0.034398,-0.012549,-0.005209,0.173332,0.134124,0.143813,0.137563,0.186080,0.090920,0.194032,-0.003605,0.010166,0.017131,0.301039,0.118617,0.082361,-0.017501,-0.002269,0.239224,0.288522,0.322770,0.277061,0.294290,0.327066,0.328813,-0.143855,-0.007527,0.311011,-0.054344,-0.000444,-0.062853,-0.095899,0.048731,0.222427,-0.012693,-0.004468,0.285382,0.236457,0.535814,1.000000,0.476158,0.209876,0.370103,0.390801,0.079310,0.394752,0.207549,0.271920
0.087267,-0.020581,0.090702,-0.075223,0.095562,0.169514,0.067863,0.162993,0.204262,0.263093,0.250433,-0.007684,0.216981,0.223675,-0.018713,0.122895,0.231025,0.175024,0.290410,0.169376,-0.016174,0.004333,0.032468,0.204700,0.153531,0.071643,0.047028,0.089971,0.111610,0.256535,0.021857,0.090144,0.006797,0.246766,0.256117,0.113740,-0.047999,-0.044568,0.099448,0.143748,0.165231,0.151624,0.169446,0.227619,0.315814,-0.068787,0.004240,0.240351,-0.130021,0.121554,-0.033252,-0.073971,-0.026344,0.168132,-0.006049,-0.032435,0.253134,0.225408,0.264110,0.476158,1.000000,0.551520,0.201789,0.177204,-0.036036,0.361450,0.040442,0.258911
0.062475,0.020558,0.013816,-0.095938,0.050900,0.149823,-0.014690,0.136202,0.204988,0.245295,0.191925,-0.076388,0.186025,0.167952,-0.135362,0.039072,0.182712,0.090585,0.340498,0.058400,0.053378,0.062170,0.009701,0.217855,0.256110,0.034520,0.039335,0.092722,0.118896,0.281972,0.015685,0.058504,0.032550,0.199943,0.394929,0.118060,-0.071979,-0.127561,0.084037,0.154293,0.144810,0.126015,0.183301,0.232392,0.252883,-0.143493,-0.068507,0.163786,-0.157300,0.075310,-0.069075,-0.096120,-0.070628,0.087383,0.000191,0.004525,0.279326,0.281335,0.277001,0.209876,0.551520,1.000000,0.296138,0.253311,-0.082582,0.422909,0.034050,0.457654
0.108641,0.175750,0.105900,-0.004843,0.429368,0.505429,0.229222,0.409621,0.477672,0.520663,0.386509,0.036788,0.436717,0.395954,-0.046099,0.048399,0.190801,0.107452,0.358634,0.298714,-0.063277,-0.021722,0.032148,0.173708,0.217654,0.223696,0.154841,0.169206,0.183952,0.256385,-0.016796,-0.054196,0.069726,0.319232,0.336356,0.171507,-0.056119,0.029153,0.336567,0.468349,0.471869,0.391383,0.456834,0.497533,0.449233,-0.081949,0.078048,0.442064,0.052769,0.146318,0.105348,0.030686,0.335944,0.368409,0.099372,0.116766,0.594481,0.301535,0.461902,0.370103,0.201789,0.296138,1.000000,0.829827,0.239029,0.561631,0.136847,0.625436
0.087982,0.144478,0.137142,0.021517,0.430028,0.530402,0.289532,0.440214,0.496900,0.547842,0.435349,0.075802,0.466610,0.441854,0.021882,0.090313,0.209430,0.142155,0.329924,0.349406,-0.025111,0.016306,0.075803,0.218299,0.212847,0.192080,0.152851,0.178432,0.173172,0.216664,0.002644,-0.030941,0.066571,0.315391,0.226976,0.153937,-0.028323,0.037593,0.358240,0.494927,0.505150,0.411785,0.481518,0.509209,0.432159,-0.077619,0.061056,0.379615,0.012921,0.149851,0.173331,0.090306,0.434703,0.330668,0.075973,0.101093,0.600690,0.265081,0.505758,0.390801,0.177204,0.253311,0.829827,1.000000,0.327213,0.641345,0.211420,0.579512
