1.000000,0.251362,0.045773,0.144895,0.523725,0.176115,0.131542,-0.066417,0.108565,0.058188,0.093359,-0.097617,-0.135379,0.036291,-0.017661,0.217410,0.342216,0.218589,0.150414,-0.001053,0.053100,0.074019,0.150430,-0.023861,-0.024452,-0.104292,-0.044476,0.304676,0.053183,0.072317,0.050350,0.134123,-0.054755,0.740762,0.012867,0.016338,0.054869,0.092142,0.019504,-0.068680,0.072819,-0.090317,-0.096479,-0.056044,0.022437,0.047156,0.010121,-0.014965,0.019798,0.004996,-0.082188,0.012601,0.003652,-0.004012,-0.086463,0.022249,-0.020757,-0.011991,-0.035505,0.064005,0.024677,-0.067108,0.009264,-0.003938,-0.079556,-0.106031,-0.007521,0.018013
0.251362,1.000000,-0.015522,0.119913,0.207887,0.108801,0.181011,0.020181,0.063162,0.111966,0.134786,-0.006311,-0.013329,0.122035,-0.006087,0.070680,0.080881,0.142581,0.113226,0.043984,-0.017584,-0.023460,-0.021220,-0.032933,-0.100992,-0.086377,-0.107971,0.077463,0.055345,0.084889,-0.032043,0.142593,-0.060446,0.217345,-0.034602,0.040916,0.059428,0.138899,0.024581,-0.050745,0.057284,-0.022255,-0.018160,-0.009647,0.126066,0.099244,0.114811,0.112184,0.121927,0.012653,0.023517,0.045038,0.036667,0.107228,-0.018002,0.009964,0.082795,0.028387,0.036145,0.024956,0.024747,0.020018,0.032361,-0.038802,-0.011057,-0.025083,-0.024449,-0.002895
0.045773,-0.015522,1.000000,0.028404,0.058227,0.064370,0.029427,0.054273,0.050088,0.048194,0.040000,0.010519,0.012825,0.049881,0.013555,0.069463,0.074410,0.019791,0.008806,0.038751,0.041719,0.040870,0.053656,-0.014868,0.115266,-0.018658,-0.057485,-0.058024,0.021587,-0.027223,-0.007239,0.011516,0.044530,0.040901,-0.019840,0.043477,0.038647,0.036046,0.011318,0.094744,-0.030644,0.049864,0.051531,0.031189,0.063259,0.065085,0.027089,0.020023,0.005906,-0.030823,0.033468,-0.002467,0.022295,0.009035,0.046980,0.031528,-0.066966,-0.030418,-0.065769,0.012948,-0.023382,0.001563,0.071039,0.020607,0.039969,-0.103017,0.047270,0.002943
0.144895,0.119913,0.028404,1.000000,0.273434,0.382046,0.070288,0.327608,0.054280,0.313890,0.413205,0.410133,0.327790,0.459384,0.422996,0.100545,0.169042,0.152977,0.107610,0.401054,0.075609,0.087989,0.102240,0.028160,-0.060353,0.134846,-0.050998,0.070802,0.044154,0.048460,0.024695,0.005336,0.047023,0.111447,-0.002222,-0.021296,0.075710,0.687039,0.125090,0.018487,0.000856,0.194364,0.042965,0.168496,0.240909,0.421402,0.324382,0.236188,0.065836,0.029948,0.031747,0.002847,0.043381,0.153526,0.025496,0.025055,-0.003268,-0.049078,-0.061820,0.039204,-0.006252,0.057542,0.221476,0.010482,0.053900,-0.033569,0.004089,0.093319
0.523725,0.207887,0.058227,0.273434,1.000000,0.455505,0.261945,0.141418,0.095668,0.259776,0.231374,0.013105,0.036342,0.136787,-0.025671,0.272998,0.447617,0.275566,0.187975,-0.003964,0.020232,0.004511,0.145869,-0.126900,-0.103490,0.000722,-0.071772,0.209747,0.050370,0.073463,0.201539,0.155374,-0.015474,0.627557,-0.033515,0.021649,-0.024174,0.213248,0.080901,-0.103285,0.057941,0.051250,-0.092534,0.006399,0.107411,0.213114,0.208542,0.014277,-0.073596,-0.056841,-0.006216,0.000487,-0.032057,0.006842,-0.023938,0.022414,-0.045247,-0.109834,-0.074995,-0.069568,-0.059240,-0.012512,0.013530,-0.063309,-0.026065,-0.112441,0.013819,-0.042861
0.176115,0.108801,0.064370,0.382046,0.455505,1.000000,0.272055,0.672528,0.452451,0.782318,0.463999,0.276020,0.334844,0.405080,0.102868,0.269385,0.296777,0.285717,0.174356,0.201738,0.071262,0.044199,0.098959,-0.051606,-0.117712,0.037928,-0.005041,0.032030,0.027560,0.063791,0.102190,0.000764,0.008484,0.174918,0.005774,-0.019550,0.023512,0.362675,0.218128,0.100522,0.158585,0.588633,0.196914,0.476019,0.317460,0.502687,0.627103,0.339269,0.139313,0.104722,0.153351,0.088732,0.113985,0.199625,0.024248,0.008136,0.011260,-0.089891,-0.132079,0.053587,0.025741,0.035293,0.203000,0.096534,0.007975,-0.034676,-0.063037,0.078710
0.131542,0.181011,0.029427,0.070288,0.261945,0.272055,1.000000,0.294116,0.454392,0.172994,0.026925,0.010144,0.058813,0.061670,-0.051695,0.086317,0.078745,0.142340,0.163387,-0.056700,-0.044322,-0.026074,0.026393,0.000311,-0.071246,-0.019951,0.036588,0.037721,0.074037,0.090361,0.038494,-0.043600,0.015843,0.103537,0.091393,0.104279,0.100302,0.055401,0.088774,0.155071,0.451345,0.237308,0.171982,0.118317,-0.013287,0.013220,0.070488,-0.018044,-0.110115,-0.027796,0.068459,0.083750,0.083431,-0.143920,-0.025212,-0.032645,-0.013492,-0.044084,-0.055802,-0.098888,-0.094264,-0.024862,0.069708,0.054962,0.007836,-0.025047,0.023270,0.107414
-0.066417,0.020181,0.054273,0.327608,0.141418,0.672528,0.294116,1.000000,0.411237,0.681915,0.386998,0.462754,0.718854,0.487805,0.160141,0.095678,0.035120,0.108966,0.043842,0.187409,0.047764,0.064742,-0.032711,0.016794,-0.021183,0.007693,0.018165,-0.082224,0.022811,-0.012210,-0.032241,-0.028155,0.014157,-0.108552,-0.013924,0.003235,0.051350,0.285368,0.223098,0.221474,0.222008,0.863579,0.334290,0.538892,0.362295,0.379505,0.605673,0.442977,0.180336,0.101726,0.243400,0.064893,0.119795,0.231518,0.041356,-0.016142,-0.008041,-0.058474,-0.070359,0.066821,0.062138,0.046216,0.208576,0.114848,0.040959,0.011239,-0.100219,0.126523
0.108565,0.063162,0.050088,0.054280,0.095668,0.452451,0.454392,0.411237,1.000000,0.398656,0.048500,0.033938,0.101097,0.086502,0.017237,0.113628,0.071602,0.228719,0.292197,0.042196,-0.020787,-0.019187,0.064672,0.003304,-0.099006,-0.037120,0.016915,0.018786,0.156789,0.200073,0.031462,-0.029223,0.010082,0.073308,0.027757,0.002051,0.039887,0.095967,0.156255,0.362410,0.366479,0.443497,0.453525,0.391200,0.040978,0.114018,0.205262,0.083019,0.048271,0.092922,0.081272,0.179858,0.175080,0.017108,0.037733,0.002454,0.031483,-0.052409,-0.100669,-0.028811,0.032376,0.001974,0.117900,0.172652,0.027881,0.071123,0.068163,0.103319
0.058188,0.111966,0.048194,0.313890,0.259776,0.782318,0.172994,0.681915,0.398656,1.000000,0.558000,0.296087,0.363378,0.519853,0.157640,0.295159,0.307073,0.300976,0.227178,0.240157,0.057374,0.020827,0.048860,-0.013731,-0.096561,0.052701,-0.016339,0.007082,0.022787,0.070363,0.014199,0.018710,-0.006750,0.032391,-0.036898,-0.011173,0.054224,0.370714,0.235888,0.166770,0.108845,0.671658,0.267020,0.688064,0.508680,0.558627,0.725424,0.496568,0.221008,0.200304,0.291330,0.120303,0.143499,0.318642,0.109681,0.047414,0.031534,-0.096967,-0.038861,0.109277,0.095411,0.076272,0.262379,0.144072,0.103499,0.046225,-0.046621,0.094049
0.093359,0.134786,0.040000,0.413205,0.231374,0.463999,0.026925,0.386998,0.048500,0.558000,1.000000,0.258122,0.270351,0.838830,0.333030,0.191139,0.380711,0.232522,0.138586,0.480315,0.042793,0.004308,0.038083,-0.065660,-0.054326,0.011132,-0.034013,0.026743,0.017453,0.041966,0.058725,-0.009412,0.009350,0.009919,-0.052203,0.047221,0.035841,0.488706,0.109896,-0.060507,-0.079593,0.339742,-0.021721,0.314342,0.649952,0.620543,0.610426,0.463872,0.202036,0.121137,0.205886,0.014764,0.115509,0.385424,0.081210,0.027630,0.028378,-0.097995,-0.084684,0.013698,0.033261,0.030238,0.265814,0.105645,0.074522,0.015536,-0.020047,0.074626
-0.097617,-0.006311,0.010519,0.410133,0.013105,0.276020,0.010144,0.462754,0.033938,0.296087,0.258122,1.000000,0.711991,0.385581,0.246649,0.012474,-0.014848,0.086936,0.041056,0.257567,0.020884,0.045461,-0.058764,0.092350,0.052060,0.013309,-0.103435,-0.055355,0.038435,-0.015999,-0.023066,-0.052620,-0.020478,-0.161967,0.012222,0.093351,0.021110,0.234413,0.045693,0.016011,-0.004284,0.222136,0.043918,0.156968,0.158881,0.304918,0.261854,0.126392,-0.010102,0.026588,0.081179,0.021600,0.001363,0.076652,0.090254,0.052414,-0.013379,0.022654,-0.023679,0.003380,0.016343,0.090364,0.117793,0.085789,0.072595,0.022243,-0.020131,0.046175
-0.135379,-0.013329,0.012825,0.327790,0.036342,0.334844,0.058813,0.718854,0.101097,0.363378,0.270351,0.711991,1.000000,0.450275,0.206314,-0.005467,-0.036842,0.043728,0.017963,0.225955,0.038457,0.057752,-0.084298,0.029282,0.019755,0.007795,-0.067221,-0.076845,0.030558,-0.035761,-0.004049,-0.022099,-0.008446,-0.172753,-0.039404,0.031004,0.035022,0.194551,0.093457,-0.014635,-0.002374,0.424377,0.054955,0.207979,0.240528,0.256957,0.367486,0.287941,0.071125,0.017216,0.170182,-0.016713,0.007195,0.156886,0.019329,-0.000826,-0.011256,0.014157,-0.008169,0.059513,0.045363,0.097775,0.149240,0.065303,0.073395,-0.001439,-0.085132,0.059614
0.036291,0.122035,0.049881,0.459384,0.136787,0.405080,0.061670,0.487805,0.086502,0.519853,0.838830,0.385581,0.450275,1.000000,0.489872,0.127637,0.233221,0.214112,0.080753,0.569886,0.071083,0.044664,0.038846,-0.027549,-0.003525,0.053705,-0.043376,-0.038503,0.051869,0.017664,0.001218,0.011298,0.046639,-0.044505,-0.027790,0.055722,0.051851,0.476290,0.138779,0.022161,-0.029491,0.383912,0.075645,0.371094,0.623041,0.596835,0.559191,0.492844,0.242152,0.124128,0.262493,0.068994,0.142687,0.434314,0.084906,0.010204,0.027116,-0.039916,-0.070469,0.068709,0.015604,0.081615,0.291974,0.129682,0.128351,0.065418,-0.048505,0.127823
-0.017661,-0.006087,0.013555,0.422996,-0.025671,0.102868,-0.051695,0.160141,0.017237,0.157640,0.333030,0.246649,0.206314,0.489872,1.000000,0.020990,0.121730,0.154429,0.019356,0.841393,0.045998,0.004267,0.082284,0.010319,0.040163,0.151100,-0.032354,-0.029870,0.093446,0.005642,-0.017161,-0.014998,0.104144,-0.066992,-0.014729,0.004701,0.047726,0.406676,0.074695,-0.020091,-0.046002,0.109000,-0.028122,0.125430,0.291811,0.280646,0.185220,0.238617,0.170992,0.026867,0.111409,0.058410,0.107944,0.327615,0.168274,0.079718,0.009432,-0.033197,-0.038321,-0.004572,-0.005531,0.046841,0.261584,0.047657,0.149602,0.029283,0.009046,0.085427
0.217410,0.070680,0.069463,0.100545,0.272998,0.269385,0.086317,0.095678,0.113628,0.295159,0.191139,0.012474,-0.005467,0.127637,0.020990,1.000000,0.376044,0.243172,0.159369,0.073324,0.059100,0.020134,0.078494,-0.029516,-0.012138,0.002127,-0.066612,0.097415,0.022343,0.021113,0.004584,0.062677,-0.013198,0.232713,0.020428,-0.045465,0.023250,0.159600,0.079647,0.024529,0.011873,0.098028,0.025543,0.152604,0.132401,0.155160,0.187647,0.098162,0.023033,0.111016,0.065872,0.078077,0.103047,0.090320,-0.034926,0.031278,0.007055,-0.001342,-0.018756,0.003723,0.010054,-0.002167,0.068284,0.015978,0.008036,0.010237,-0.005918,-0.018497
0.342216,0.080881,0.074410,0.169042,0.447617,0.296777,0.078745,0.035120,0.071602,0.307073,0.380711,-0.014848,-0.036842,0.233221,0.121730,0.376044,1.000000,0.413542,0.313991,0.188125,0.038463,0.001153,0.163854,-0.161737,0.037706,0.001532,-0.091346,0.228847,0.036909,0.129679,0.169861,0.120439,0.015508,0.453075,0.022939,-0.036456,0.030530,0.213290,0.069181,-0.044229,-0.012474,0.028493,-0.071208,0.098418,0.256313,0.197993,0.209578,0.131449,0.064961,0.092017,0.132583,0.093935,0.069524,0.185863,0.061534,0.047046,0.029907,-0.061816,-0.047467,-0.052692,-0.005472,0.010566,0.120144,0.023775,0.069543,-0.001536,0.044677,0.012071
0.218589,0.142581,0.019791,0.152977,0.275566,0.285717,0.142340,0.108966,0.228719,0.300976,0.232522,0.086936,0.043728,0.214112,0.154429,0.243172,0.413542,1.000000,0.499298,0.225633,0.071306,0.055533,0.165158,-0.044664,-0.047889,-0.089629,-0.037499,0.053732,0.077494,0.142747,0.141232,0.176074,0.103919,0.230863,0.103558,0.074059,0.005881,0.176552,0.114762,0.109322,0.063137,0.132886,0.088973,0.152406,0.183182,0.149580,0.162173,0.144748,0.086415,0.144661,0.171955,0.463748,0.272657,0.246736,0.162225,0.107347,0.160032,0.032952,0.039761,-0.021365,0.091054,0.089823,0.172557,0.251250,0.153597,0.165176,0.074599,0.124228
0.150414,0.113226,0.008806,0.107610,0.187975,0.174356,0.163387,0.043842,0.292197,0.227178,0.138586,0.041056,0.017963,0.080753,0.019356,0.159369,0.313991,0.499298,1.000000,0.040965,-0.002389,-0.030965,0.148183,-0.078726,-0.070313,-0.076766,0.031840,0.075846,0.244610,0.339159,0.232666,0.101532,0.012234,0.126113,-0.004557,0.028110,0.006830,0.129815,0.099967,0.022803,0.038495,0.004235,0.030297,0.046229,0.024993,0.055771,0.055027,-0.018864,0.007849,0.043223,0.011027,0.133227,0.203650,0.069796,0.057001,0.014252,-0.001838,-0.057715,-0.061089,-0.030302,0.038686,0.056003,0.111678,0.110944,0.017633,0.049667,0.136838,0.022276
-0.001053,0.043984,0.038751,0.401054,-0.003964,0.201738,-0.056700,0.187409,0.042196,0.240157,0.480315,0.257567,0.225955,0.569886,0.841393,0.073324,0.188125,0.225633,0.040965,1.000000,0.104145,0.052397,0.086798,0.017204,0.029778,0.091247,-0.015537,-0.022800,0.083333,0.056510,0.008778,-0.016976,0.081236,-0.067777,-0.001969,0.025557,0.053332,0.457727,0.050169,-0.039278,-0.062331,0.136040,-0.044756,0.132683,0.380163,0.396677,0.306438,0.319904,0.195239,0.072711,0.121947,0.098274,0.094087,0.373706,0.139713,0.063247,0.078551,0.004050,-0.032605,0.012183,-0.000375,0.032561,0.265577,0.086427,0.118162,0.044234,-0.005474,0.084644
0.053100,-0.017584,0.041719,0.075609,0.020232,0.071262,-0.044322,0.047764,-0.020787,0.057374,0.042793,0.020884,0.038457,0.071083,0.045998,0.059100,0.038463,0.071306,-0.002389,0.104145,1.000000,0.765150,0.022791,0.205843,-0.039572,0.033570,0.068460,-0.045173,-0.097570,-0.074820,0.079115,-0.002782,-0.004334,0.054790,0.028508,-0.028211,0.033745,0.098670,-0.060085,-0.053306,-0.055887,0.043661,-0.015716,0.031781,0.076221,0.014654,0.038201,0.087850,0.045662,0.041713,0.009670,0.019046,-0.096406,0.054115,0.041015,0.063240,0.017884,0.050810,-0.041972,-0.035208,0.022625,0.034926,0.003709,-0.041444,-0.057230,-0.006102,-0.020715,-0.006816
0.074019,-0.023460,0.040870,0.087989,0.004511,0.044199,-0.026074,0.064742,-0.019187,0.020827,0.004308,0.045461,0.057752,0.044664,0.004267,0.020134,0.001153,0.055533,-0.030965,0.052397,0.765150,1.000000,0.032227,0.255738,-0.020932,0.024580,0.058207,-0.022142,-0.085403,-0.101343,0.037376,-0.018007,-0.001505,0.063299,0.054854,-0.007317,0.030113,0.107228,-0.026369,0.002112,-0.023732,0.058820,0.008972,0.026045,0.024956,0.002111,-0.010056,0.035590,0.015695,0.004598,0.027551,0.045924,-0.091852,-0.000829,0.060041,0.130034,0.033078,0.097456,-0.017562,-0.005944,0.000768,0.009056,-0.028914,-0.025306,-0.055996,-0.037888,-0.039002,0.042001
0.150430,-0.021220,0.053656,0.102240,0.145869,0.098959,0.026393,-0.032711,0.064672,0.048860,0.038083,-0.058764,-0.084298,0.038846,0.082284,0.078494,0.163854,0.165158,0.148183,0.086798,0.022791,0.032227,1.000000,-0.042745,0.073224,-0.020702,0.059493,0.064180,0.057610,0.038738,0.100369,0.067093,0.063398,0.187839,0.019122,0.021862,0.087914,0.146637,0.093248,0.098678,0.008628,-0.002288,0.061656,-0.007684,0.017690,0.135843,0.000894,-0.020952,0.004104,0.024951,0.005993,0.045796,0.125180,0.042800,0.044500,0.048813,0.012275,0.020905,-0.013836,0.009877,-0.020619,0.032880,0.112667,0.058458,0.067628,-0.013574,-0.000421,0.004997
-0.023861,-0.032933,-0.014868,0.028160,-0.126900,-0.051606,0.000311,0.016794,0.003304,-0.013731,-0.065660,0.092350,0.029282,-0.027549,0.010319,-0.029516,-0.161737,-0.044664,-0.078726,0.017204,0.205843,0.255738,-0.042745,1.000000,-0.037898,0.049463,0.038068,-0.085952,-0.016836,-0.055272,-0.019181,-0.079801,-0.010980,-0.064006,-0.014281,0.017063,0.121135,-0.060815,-0.091035,0.030367,0.041777,0.038627,0.018464,0.001809,-0.010977,-0.030725,0.004439,0.010000,0.036090,-0.021542,0.001464,0.022553,0.018444,-0.020101,-0.019574,0.015948,0.042101,0.046090,0.034699,0.040273,0.014759,0.011569,0.028311,-0.001025,-0.049882,0.006303,0.035803,-0.023116
-0.024452,-0.100992,0.115266,-0.060353,-0.103490,-0.117712,-0.071246,-0.021183,-0.099006,-0.096561,-0.054326,0.052060,0.019755,-0.003525,0.040163,-0.012138,0.037706,-0.047889,-0.070313,0.029778,-0.039572,-0.020932,0.073224,-0.037898,1.000000,0.040514,0.085240,-0.021377,0.019901,-0.006236,-0.046267,0.080217,-0.057111,0.002784,0.001705,-0.071266,0.048629,-0.066384,-0.062528,0.011429,-0.125527,-0.031110,-0.002751,-0.044498,0.015716,-0.040113,-0.076152,0.015429,-0.002900,-0.047790,0.006859,-0.088260,-0.084111,0.070829,0.017943,0.033992,-0.072341,0.097681,-0.058195,-0.015675,-0.031050,-0.039315,-0.024415,-0.021924,0.021648,0.017666,-0.012325,-0.024245
-0.104292,-0.086377,-0.018658,0.134846,0.000722,0.037928,-0.019951,0.007693,-0.037120,0.052701,0.011132,0.013309,0.007795,0.053705,0.151100,0.002127,0.001532,-0.089629,-0.076766,0.091247,0.033570,0.024580,-0.020702,0.049463,0.040514,1.000000,0.276905,-0.101510,-0.042069,-0.079655,-0.039018,-0.061356,-0.071126,-0.045753,0.007445,-0.060511,0.008965,0.127760,-0.009049,-0.025144,-0.018825,-0.015664,0.045440,0.039816,0.078040,0.106719,0.075385,0.075892,0.031616,0.025709,0.040729,-0.068909,-0.081117,0.039646,0.013128,-0.041630,-0.076915,-0.078615,-0.094991,-0.012186,-0.032725,-0.053070,0.066544,-0.122383,-0.009148,-0.072528,-0.071641,-0.068867
-0.044476,-0.107971,-0.057485,-0.050998,-0.071772,-0.005041,0.036588,0.018165,0.016915,-0.016339,-0.034013,-0.103435,-0.067221,-0.043376,-0.032354,-0.066612,-0.091346,-0.037499,0.031840,-0.015537,0.068460,0.058207,0.059493,0.038068,0.085240,0.276905,1.000000,-0.047418,-0.028163,0.005342,0.076826,-0.038326,0.015211,-0.034033,0.061491,0.006647,-0.016289,-0.008352,0.000107,-0.049592,0.004790,0.039822,-0.011529,-0.067146,-0.028565,-0.053093,-0.044862,-0.010881,-0.039308,-0.054727,-0.052511,-0.018235,-0.033017,-0.043677,-0.070117,0.009673,0.001583,0.047150,-0.071824,-0.121193,-0.064338,0.008896,-0.013364,-0.041948,-0.021821,0.013575,-0.047125,0.030272
0.304676,0.077463,-0.058024,0.070802,0.209747,0.032030,0.037721,-0.082224,0.018786,0.007082,0.026743,-0.055355,-0.076845,-0.038503,-0.029870,0.097415,0.228847,0.053732,0.075846,-0.022800,-0.045173,-0.022142,0.064180,-0.085952,-0.021377,-0.101510,-0.047418,1.000000,-0.009049,0.030840,-0.010787,0.026994,0.018885,0.295596,-0.042545,-0.057711,0.044365,-0.019413,-0.037307,0.038598,0.034847,-0.072143,-0.013052,0.014077,-0.050997,-0.042310,-0.005410,-0.055938,-0.039208,0.033452,-0.009583,0.009708,0.047166,-0.028093,-0.044621,-0.023687,0.045001,-0.055019,0.061795,0.033123,-0.015413,-0.076854,-0.013241,0.040196,0.008140,-0.039774,0.130677,-0.012356
0.053183,0.055345,0.021587,0.044154,0.050370,0.027560,0.074037,0.022811,0.156789,0.022787,0.017453,0.038435,0.030558,0.051869,0.093446,0.022343,0.036909,0.077494,0.244610,0.083333,-0.097570,-0.085403,0.057610,-0.016836,0.019901,-0.042069,-0.028163,-0.009049,1.000000,0.515951,0.101335,0.057063,-0.005351,0.047255,0.039026,-0.025586,0.010374,0.061886,-0.021985,0.015533,0.045715,-0.017972,-0.026063,-0.037664,0.005924,0.038227,0.016200,-0.005881,0.002299,-0.023906,-0.076271,0.040089,0.029144,-0.005122,-0.064442,-0.045972,0.024146,-0.050896,0.012466,0.023301,-0.042972,-0.053784,0.000689,0.061097,0.013713,0.072179,0.083049,0.072669
0.072317,0.084889,-0.027223,0.048460,0.073463,0.063791,0.090361,-0.012210,0.200073,0.070363,0.041966,-0.015999,-0.035761,0.017664,0.005642,0.021113,0.129679,0.142747,0.339159,0.056510,-0.074820,-0.101343,0.038738,-0.055272,-0.006236,-0.079655,0.005342,0.030840,0.515951,1.000000,0.191822,0.077192,0.009521,0.094741,0.082022,-0.050950,-0.057938,0.064066,-0.027634,0.029748,0.026610,-0.022737,0.004657,0.002286,-0.009879,-0.040946,-0.026480,-0.057235,-0.002986,0.020089,-0.091500,0.044724,0.091685,-0.010072,-0.062355,-0.023565,0.120828,-0.020249,0.020200,-0.011410,0.053734,-0.041814,0.035691,0.048247,-0.018368,0.070848,0.044988,0.100304
0.050350,-0.032043,-0.007239,0.024695,0.201539,0.102190,0.038494,-0.032241,0.031462,0.014199,0.058725,-0.023066,-0.004049,0.001218,-0.017161,0.004584,0.169861,0.141232,0.232666,0.008778,0.079115,0.037376,0.100369,-0.019181,-0.046267,-0.039018,0.076826,-0.010787,0.101335,0.191822,1.000000,0.020534,0.019586,0.123606,0.023074,-0.020492,-0.032515,0.059200,0.068926,-0.113189,-0.000653,-0.105110,-0.092840,-0.110664,-0.070419,0.016876,-0.020768,-0.106391,-0.092047,0.005229,-0.026117,0.026524,-0.009129,-0.071949,0.020867,-0.007923,-0.010541,-0.101726,-0.085705,-0.133458,-0.051805,0.034192,0.007591,-0.023122,-0.027625,0.075785,0.023015,0.026124
0.134123,0.142593,0.011516,0.005336,0.155374,0.000764,-0.043600,-0.028155,-0.029223,0.018710,-0.009412,-0.052620,-0.022099,0.011298,-0.014998,0.062677,0.120439,0.176074,0.101532,-0.016976,-0.002782,-0.018007,0.067093,-0.079801,0.080217,-0.061356,-0.038326,0.026994,0.057063,0.077192,0.020534,1.000000,-0.020645,0.215870,0.025152,-0.003049,0.010719,0.017341,-0.016531,-0.046455,-0.066365,-0.028680,-0.029809,-0.038143,0.022010,-0.009664,0.012280,0.018217,0.046686,0.047931,0.052054,0.082899,0.080417,0.065709,-0.012626,-0.014930,0.073461,0.018285,0.062991,0.003586,0.045272,0.030110,0.003605,-0.000826,0.001029,0.030641,0.071232,-0.004791
-0.054755,-0.060446,0.044530,0.047023,-0.015474,0.008484,0.015843,0.014157,0.010082,-0.006750,0.009350,-0.020478,-0.008446,0.046639,0.104144,-0.013198,0.015508,0.103919,0.012234,0.081236,-0.004334,-0.001505,0.063398,-0.010980,-0.057111,-0.071126,0.015211,0.018885,-0.005351,0.009521,0.019586,-0.020645,1.000000,-0.025890,0.106951,0.016426,0.012635,0.050061,0.067888,0.017532,0.021422,0.032964,-0.032087,-0.006193,0.000698,-0.017458,-0.024637,-0.006983,0.007376,-0.009530,0.035927,0.109397,0.024515,0.096814,-0.021125,-0.015377,0.044473,0.029590,0.071570,0.031025,0.021752,0.111714,0.019598,0.046047,0.087062,0.075927,-0.025703,0.118083
0.740762,0.217345,0.040901,0.111447,0.627557,0.174918,0.103537,-0.108552,0.073308,0.032391,0.009919,-0.161967,-0.172753,-0.044505,-0.066992,0.232713,0.453075,0.230863,0.126113,-0.067777,0.054790,0.063299,0.187839,-0.064006,0.002784,-0.045753,-0.034033,0.295596,0.047255,0.094741,0.123606,0.215870,-0.025890,1.000000,0.006625,-0.019474,0.010408,0.052475,0.050839,-0.051893,0.062945,-0.119273,-0.055676,-0.048308,-0.004635,-0.003719,-0.022357,-0.082467,-0.049281,-0.037957,-0.025786,0.032219,-0.005630,-0.073743,-0.078191,0.051124,0.003231,0.040579,0.024121,0.022265,-0.030276,-0.033761,-0.019909,-0.033774,-0.057203,-0.066432,0.049551,0.001079
0.012867,-0.034602,-0.019840,-0.002222,-0.033515,0.005774,0.091393,-0.013924,0.027757,-0.036898,-0.052203,0.012222,-0.039404,-0.027790,-0.014729,0.020428,0.022939,0.103558,-0.004557,-0.001969,0.028508,0.054854,0.019122,-0.014281,0.001705,0.007445,0.061491,-0.042545,0.039026,0.082022,0.023074,0.025152,0.106951,0.006625,1.000000,0.134802,0.034134,0.018918,0.089541,0.076874,0.176405,0.014444,0.037129,-0.006418,-0.056418,-0.054643,-0.064950,-0.024601,0.017030,0.021469,0.013852,0.173427,0.035688,-0.032304,-0.091178,0.046454,0.174099,0.282136,0.136987,-0.036718,-0.067341,0.029471,0.013940,0.086941,0.053691,0.141841,0.066060,0.536767
0.016338,0.040916,0.043477,-0.021296,0.021649,-0.019550,0.104279,0.003235,0.002051,-0.011173,0.047221,0.093351,0.031004,0.055722,0.004701,-0.045465,-0.036456,0.074059,0.028110,0.025557,-0.028211,-0.007317,0.021862,0.017063,-0.071266,-0.060511,0.006647,-0.057711,-0.025586,-0.050950,-0.020492,-0.003049,0.016426,-0.019474,0.134802,1.000000,0.044268,0.005359,0.053943,0.011648,0.113485,0.018634,-0.007553,0.015825,0.044411,0.061648,-0.008542,0.042225,0.025789,0.058697,-0.003870,0.121120,0.136715,-0.009178,0.018769,0.082474,0.015098,0.098564,0.064802,-0.020210,-0.060760,0.091216,0.075853,0.100576,0.082608,0.022745,0.009904,0.144488
0.054869,0.059428,0.038647,0.075710,-0.024174,0.023512,0.100302,0.051350,0.039887,0.054224,0.035841,0.021110,0.035022,0.051851,0.047726,0.023250,0.030530,0.005881,0.006830,0.053332,0.033745,0.030113,0.087914,0.121135,0.048629,0.008965,-0.016289,0.044365,0.010374,-0.057938,-0.032515,0.010719,0.012635,0.010408,0.034134,0.044268,1.000000,0.091729,0.016627,0.027227,0.070407,0.016111,0.034517,0.008911,0.019890,0.054343,0.027507,0.031087,0.024003,-0.050918,-0.037243,0.027446,0.021915,0.003262,0.003174,-0.024168,0.039107,0.093109,0.069573,0.001306,-0.030292,0.064434,0.000074,-0.024026,0.008386,0.056436,-0.056374,0.083491
0.092142,0.138899,0.036046,0.687039,0.213248,0.362675,0.055401,0.285368,0.095967,0.370714,0.488706,0.234413,0.194551,0.476290,0.406676,0.159600,0.213290,0.176552,0.129815,0.457727,0.098670,0.107228,0.146637,-0.060815,-0.066384,0.127760,-0.008352,-0.019413,0.061886,0.064066,0.059200,0.017341,0.050061,0.052475,0.018918,0.005359,0.091729,1.000000,0.103981,-0.004816,-0.019224,0.203834,0.032262,0.196618,0.369863,0.567425,0.390526,0.341851,0.163838,0.051273,0.054702,0.053755,0.097329,0.255200,0.091691,0.047863,0.094411,-0.068020,-0.012365,0.009305,0.009022,0.071122,0.222086,0.068923,0.034160,0.017676,0.039300,0.080983
0.019504,0.024581,0.011318,0.125090,0.080901,0.218128,0.088774,0.223098,0.156255,0.235888,0.109896,0.045693,0.093457,0.138779,0.074695,0.079647,0.069181,0.114762,0.099967,0.050169,-0.060085,-0.026369,0.093248,-0.091035,-0.062528,-0.009049,0.000107,-0.037307,-0.021985,-0.027634,0.068926,-0.016531,0.067888,0.050839,0.089541,0.053943,0.016627,0.103981,1.000000,0.205746,0.211142,0.282986,0.202244,0.264504,0.144012,0.148205,0.149906,0.124618,0.030211,0.049976,0.071045,0.108941,0.164534,0.099279,0.057562,0.002772,0.055053,0.007370,-0.019734,-0.011051,0.024096,0.062475,0.173289,0.157505,0.075134,0.045681,-0.080843,0.300461
-0.068680,-0.050745,0.094744,0.018487,-0.103285,0.100522,0.155071,0.221474,0.362410,0.166770,-0.060507,0.016011,-0.014635,0.022161,-0.020091,0.024529,-0.044229,0.109322,0.022803,-0.039278,-0.053306,0.002112,0.098678,0.030367,0.011429,-0.025144,-0.049592,0.038598,0.015533,0.029748,-0.113189,-0.046455,0.017532,-0.051893,0.076874,0.011648,0.027227,-0.004816,0.205746,1.000000,0.420197,0.428445,0.820859,0.494908,0.026837,0.007899,0.098305,0.045324,0.065210,0.175944,0.226921,0.191903,0.308636,0.073504,0.072945,-0.001995,0.040175,-0.001372,0.050051,0.007119,0.001992,0.003723,0.238382,0.346848,0.148784,0.162523,0.103236,0.246004
0.072819,0.057284,-0.030644,0.000856,0.057941,0.158585,0.451345,0.222008,0.366479,0.108845,-0.079593,-0.004284,-0.002374,-0.029491,-0.046002,0.011873,-0.012474,0.063137,0.038495,-0.062331,-0.055887,-0.023732,0.008628,0.041777,-0.125527,-0.018825,0.004790,0.034847,0.045715,0.026610,-0.000653,-0.066365,0.021422,0.062945,0.176405,0.113485,0.070407,-0.019224,0.211142,0.420197,1.000000,0.295461,0.390273,0.278288,-0.054910,-0.027201,0.022025,-0.036059,-0.049061,0.032131,0.143912,0.115679,0.157821,-0.050394,0.088550,0.019145,0.066036,0.018838,0.001134,-0.000987,-0.074600,0.019624,0.121394,0.148466,0.043991,0.059172,-0.011372,0.283777
-0.090317,-0.022255,0.049864,0.194364,0.051250,0.588633,0.237308,0.863579,0.443497,0.671658,0.339742,0.222136,0.424377,0.383912,0.109000,0.098028,0.028493,0.132886,0.004235,0.136040,0.043661,0.058820,-0.002288,0.038627,-0.031110,-0.015664,0.039822,-0.072143,-0.017972,-0.022737,-0.105110,-0.028680,0.032964,-0.119273,0.014444,0.018634,0.016111,0.203834,0.282986,0.428445,0.295461,1.000000,0.503542,0.673540,0.371477,0.335856,0.621754,0.481240,0.247896,0.181582,0.290230,0.142654,0.213873,0.273931,0.065732,-0.009108,0.042498,-0.030744,-0.019941,0.113074,0.072964,0.010764,0.223546,0.193313,0.084323,0.076007,-0.072851,0.180976
-0.096479,-0.018160,0.051531,0.042965,-0.092534,0.196914,0.171982,0.334290,0.453525,0.267020,-0.021721,0.043918,0.054955,0.075645,-0.028122,0.025543,-0.071208,0.088973,0.030297,-0.044756,-0.015716,0.008972,0.061656,0.018464,-0.002751,0.045440,-0.011529,-0.013052,-0.026063,0.004657,-0.092840,-0.029809,-0.032087,-0.055676,0.037129,-0.007553,0.034517,0.032262,0.202244,0.820859,0.390273,0.503542,1.000000,0.595784,0.056575,0.062866,0.161439,0.091870,0.056006,0.179956,0.252150,0.158007,0.345355,0.049832,0.095143,-0.022025,0.035313,-0.031914,0.012327,0.026860,-0.005343,-0.022297,0.264112,0.239781,0.094264,0.075311,0.067570,0.137862
-0.056044,-0.009647,0.031189,0.168496,0.006399,0.476019,0.118317,0.538892,0.391200,0.688064,0.314342,0.156968,0.207979,0.371094,0.125430,0.152604,0.098418,0.152406,0.046229,0.132683,0.031781,0.026045,-0.007684,0.001809,-0.044498,0.039816,-0.067146,0.014077,-0.037664,0.002286,-0.110664,-0.038143,-0.006193,-0.048308,-0.006418,0.015825,0.008911,0.196618,0.264504,0.494908,0.278288,0.673540,0.595784,1.000000,0.334506,0.290786,0.478616,0.356168,0.162353,0.282139,0.408888,0.219552,0.302047,0.217971,0.110961,0.031914,0.021877,-0.038913,-0.004388,0.137032,0.025733,-0.040538,0.342291,0.256641,0.144713,0.105333,-0.054904,0.159935
0.022437,0.126066,0.063259,0.240909,0.107411,0.317460,-0.013287,0.362295,0.040978,0.508680,0.649952,0.158881,0.240528,0.623041,0.291811,0.132401,0.256313,0.183182,0.024993,0.380163,0.076221,0.024956,0.017690,-0.010977,0.015716,0.078040,-0.028565,-0.050997,0.005924,-0.009879,-0.070419,0.022010,0.000698,-0.004635,-0.056418,0.044411,0.019890,0.369863,0.144012,0.026837,-0.054910,0.371477,0.056575,0.334506,1.000000,0.535027,0.637445,0.752700,0.371845,0.097582,0.226073,0.023374,0.088861,0.505100,0.090811,0.015996,0.041064,-0.049004,0.016240,0.096065,0.067259,0.077008,0.251034,0.096601,0.141635,0.008826,-0.014148,0.106596
0.047156,0.099244,0.065085,0.421402,0.213114,0.502687,0.013220,0.379505,0.114018,0.558627,0.620543,0.304918,0.256957,0.596835,0.280646,0.155160,0.197993,0.149580,0.055771,0.396677,0.014654,0.002111,0.135843,-0.030725,-0.040113,0.106719,-0.053093,-0.042310,0.038227,-0.040946,0.016876,-0.009664,-0.017458,-0.003719,-0.054643,0.061648,0.054343,0.567425,0.148205,0.007899,-0.027201,0.335856,0.062866,0.290786,0.535027,1.000000,0.723262,0.482940,0.237672,0.053948,0.109868,0.029090,0.120059,0.399648,0.083763,0.026566,0.041202,-0.081778,-0.041886,0.113631,0.085757,0.103842,0.176563,0.072298,0.108325,0.043949,-0.077293,0.022468
0.010121,0.114811,0.027089,0.324382,0.208542,0.627103,0.070488,0.605673,0.205262,0.725424,0.610426,0.261854,0.367486,0.559191,0.185220,0.187647,0.209578,0.162173,0.055027,0.306438,0.038201,-0.010056,0.000894,0.004439,-0.076152,0.075385,-0.044862,-0.005410,0.016200,-0.026480,-0.020768,0.012280,-0.024637,-0.022357,-0.064950,-0.008542,0.027507,0.390526,0.149906,0.098305,0.022025,0.621754,0.161439,0.478616,0.637445,0.723262,1.000000,0.709353,0.404335,0.123680,0.234850,0.032174,0.116968,0.502849,0.070688,0.017986,0.031262,-0.096142,-0.026527,0.139203,0.084807,0.058773,0.233214,0.090769,0.084893,0.032788,-0.037463,0.071991
-0.014965,0.112184,0.020023,0.236188,0.014277,0.339269,-0.018044,0.442977,0.083019,0.496568,0.463872,0.126392,0.287941,0.492844,0.238617,0.098162,0.131449,0.144748,-0.018864,0.319904,0.087850,0.035590,-0.020952,0.010000,0.015429,0.075892,-0.010881,-0.055938,-0.005881,-0.057235,-0.106391,0.018217,-0.006983,-0.082467,-0.024601,0.042225,0.031087,0.341851,0.124618,0.045324,-0.036059,0.481240,0.091870,0.356168,0.752700,0.482940,0.709353,1.000000,0.646480,0.115940,0.213485,0.037465,0.091864,0.650848,0.074557,0.000150,0.039954,-0.038948,0.037852,0.183484,0.063244,0.087938,0.261020,0.086911,0.155388,0.002109,-0.021478,0.083563
0.019798,0.121927,0.005906,0.065836,-0.073596,0.139313,-0.110115,0.180336,0.048271,0.221008,0.202036,-0.010102,0.071125,0.242152,0.170992,0.023033,0.064961,0.086415,0.007849,0.195239,0.045662,0.015695,0.004104,0.036090,-0.002900,0.031616,-0.039308,-0.039208,0.002299,-0.002986,-0.092047,0.046686,0.007376,-0.049281,0.017030,0.025789,0.024003,0.163838,0.030211,0.065210,-0.049061,0.247896,0.056006,0.162353,0.371845,0.237672,0.404335,0.646480,1.000000,0.082509,0.149644,0.067202,0.144960,0.730657,0.070907,-0.006169,0.054629,-0.000075,0.103389,0.298121,0.079364,0.068332,0.160813,0.104970,0.072894,0.043558,0.006113,0.045353
0.004996,0.012653,-0.030823,0.029948,-0.056841,0.104722,-0.027796,0.101726,0.092922,0.200304,0.121137,0.026588,0.017216,0.124128,0.026867,0.111016,0.092017,0.144661,0.043223,0.072711,0.041713,0.004598,0.024951,-0.021542,-0.047790,0.025709,-0.054727,0.033452,-0.023906,0.020089,0.005229,0.047931,-0.009530,-0.037957,0.021469,0.058697,-0.050918,0.051273,0.049976,0.175944,0.032131,0.181582,0.179956,0.282139,0.097582,0.053948,0.123680,0.115940,0.082509,1.000000,0.196807,0.213204,0.191005,0.123222,0.086072,0.054842,0.103278,-0.023121,0.030574,0.010824,0.039318,-0.023530,0.198026,0.178555,0.068412,0.111605,-0.038519,0.147713
-0.082188,0.023517,0.033468,0.031747,-0.006216,0.153351,0.068459,0.243400,0.081272,0.291330,0.205886,0.081179,0.170182,0.262493,0.111409,0.065872,0.132583,0.171955,0.011027,0.121947,0.009670,0.027551,0.005993,0.001464,0.006859,0.040729,-0.052511,-0.009583,-0.076271,-0.091500,-0.026117,0.052054,0.035927,-0.025786,0.013852,-0.003870,-0.037243,0.054702,0.071045,0.226921,0.143912,0.290230,0.252150,0.408888,0.226073,0.109868,0.234850,0.213485,0.149644,0.196807,1.000000,0.210002,0.257725,0.165338,0.100644,0.072349,0.072129,-0.024303,0.105923,0.100668,0.011030,0.062836,0.332394,0.305730,0.351366,0.131939,-0.035625,0.142416
0.012601,0.045038,-0.002467,0.002847,0.000487,0.088732,0.083750,0.064893,0.179858,0.120303,0.014764,0.021600,-0.016713,0.068994,0.058410,0.078077,0.093935,0.463748,0.133227,0.098274,0.019046,0.045924,0.045796,0.022553,-0.088260,-0.068909,-0.018235,0.009708,0.040089,0.044724,0.026524,0.082899,0.109397,0.032219,0.173427,0.121120,0.027446,0.053755,0.108941,0.191903,0.115679,0.142654,0.158007,0.219552,0.023374,0.029090,0.032174,0.037465,0.067202,0.213204,0.210002,1.000000,0.434073,0.104160,0.136882,0.195674,0.391742,0.145890,0.238809,0.091665,0.012440,0.063494,0.120430,0.350257,0.192675,0.357958,0.049187,0.304794
0.003652,0.036667,0.022295,0.043381,-0.032057,0.113985,0.083431,0.119795,0.175080,0.143499,0.115509,0.001363,0.007195,0.142687,0.107944,0.103047,0.069524,0.272657,0.203650,0.094087,-0.096406,-0.091852,0.125180,0.018444,-0.084111,-0.081117,-0.033017,0.047166,0.029144,0.091685,-0.009129,0.080417,0.024515,-0.005630,0.035688,0.136715,0.021915,0.097329,0.164534,0.308636,0.157821,0.213873,0.345355,0.302047,0.088861,0.120059,0.116968,0.091864,0.144960,0.191005,0.257725,0.434073,1.000000,0.187336,0.171072,0.065562,0.234421,0.023852,0.107696,0.160757,0.044915,-0.014004,0.339437,0.507676,0.175720,0.189440,0.027957,0.188731
-0.004012,0.107228,0.009035,0.153526,0.006842,0.199625,-0.143920,0.231518,0.017108,0.318642,0.385424,0.076652,0.156886,0.434314,0.327615,0.090320,0.185863,0.246736,0.069796,0.373706,0.054115,-0.000829,0.042800,-0.020101,0.070829,0.039646,-0.043677,-0.028093,-0.005122,-0.010072,-0.071949,0.065709,0.096814,-0.073743,-0.032304,-0.009178,0.003262,0.255200,0.099279,0.073504,-0.050394,0.273931,0.049832,0.217971,0.505100,0.399648,0.502849,0.650848,0.730657,0.123222,0.165338,0.104160,0.187336,1.000000,0.178818,0.045413,0.072158,-0.015187,0.037375,0.186625,0.109121,0.077486,0.226789,0.130475,0.150363,0.090734,-0.015815,0.062205
-0.086463,-0.018002,0.046980,0.025496,-0.023938,0.024248,-0.025212,0.041356,0.037733,0.109681,0.081210,0.090254,0.019329,0.084906,0.168274,-0.034926,0.061534,0.162225,0.057001,0.139713,0.041015,0.060041,0.044500,-0.019574,0.017943,0.013128,-0.070117,-0.044621,-0.064442,-0.062355,0.020867,-0.012626,-0.021125,-0.078191,-0.091178,0.018769,0.003174,0.091691,0.057562,0.072945,0.088550,0.065732,0.095143,0.110961,0.090811,0.083763,0.070688,0.074557,0.070907,0.086072,0.100644,0.136882,0.171072,0.178818,1.000000,0.651655,0.131185,0.176541,0.040508,0.060619,0.091252,0.040893,0.131565,0.122086,0.072874,0.017557,-0.033518,0.043630
0.022249,0.009964,0.031528,0.025055,0.022414,0.008136,-0.032645,-0.016142,0.002454,0.047414,0.027630,0.052414,-0.000826,0.010204,0.079718,0.031278,0.047046,0.107347,0.014252,0.063247,0.063240,0.130034,0.048813,0.015948,0.033992,-0.041630,0.009673,-0.023687,-0.045972,-0.023565,-0.007923,-0.014930,-0.015377,0.051124,0.046454,0.082474,-0.024168,0.047863,0.002772,-0.001995,0.019145,-0.009108,-0.022025,0.031914,0.015996,0.026566,0.017986,0.000150,-0.006169,0.054842,0.072349,0.195674,0.065562,0.045413,0.651655,1.000000,0.217881,0.523532,0.148329,0.142606,0.047244,-0.024589,0.049213,0.118449,0.094521,0.044319,-0.055702,0.159148
-0.020757,0.082795,-0.066966,-0.003268,-0.045247,0.011260,-0.013492,-0.008041,0.031483,0.031534,0.028378,-0.013379,-0.011256,0.027116,0.009432,0.007055,0.029907,0.160032,-0.001838,0.078551,0.017884,0.033078,0.012275,0.042101,-0.072341,-0.076915,0.001583,0.045001,0.024146,0.120828,-0.010541,0.073461,0.044473,0.003231,0.174099,0.015098,0.039107,0.094411,0.055053,0.040175,0.066036,0.042498,0.035313,0.021877,0.041064,0.041202,0.031262,0.039954,0.054629,0.103278,0.072129,0.391742,0.234421,0.072158,0.131185,0.217881,1.000000,0.266635,0.515101,0.098962,0.092772,-0.022676,0.047482,0.235329,0.078300,0.273357,0.018235,0.251470
-0.011991,0.028387,-0.030418,-0.049078,-0.109834,-0.089891,-0.044084,-0.058474,-0.052409,-0.096967,-0.097995,0.022654,0.014157,-0.039916,-0.033197,-0.001342,-0.061816,0.032952,-0.057715,0.004050,0.050810,0.097456,0.020905,0.046090,0.097681,-0.078615,0.047150,-0.055019,-0.050896,-0.020249,-0.101726,0.018285,0.029590,0.040579,0.282136,0.098564,0.093109,-0.068020,0.007370,-0.001372,0.018838,-0.030744,-0.031914,-0.038913,-0.049004,-0.081778,-0.096142,-0.038948,-0.000075,-0.023121,-0.024303,0.145890,0.023852,-0.015187,0.176541,0.523532,0.266635,1.000000,0.272522,0.196080,-0.014776,-0.021967,0.004170,0.171812,0.035145,0.158913,-0.084409,0.231341
-0.035505,0.036145,-0.065769,-0.061820,-0.074995,-0.132079,-0.055802,-0.070359,-0.100669,-0.038861,-0.084684,-0.023679,-0.008169,-0.070469,-0.038321,-0.018756,-0.047467,0.039761,-0.061089,-0.032605,-0.041972,-0.017562,-0.013836,0.034699,-0.058195,-0.094991,-0.071824,0.061795,0.012466,0.020200,-0.085705,0.062991,0.071570,0.024121,0.136987,0.064802,0.069573,-0.012365,-0.019734,0.050051,0.001134,-0.019941,0.012327,-0.004388,0.016240,-0.041886,-0.026527,0.037852,0.103389,0.030574,0.105923,0.238809,0.107696,0.037375,0.040508,0.148329,0.515101,0.272522,1.000000,0.211857,0.048921,-0.000180,0.008705,0.173927,0.034187,0.204581,0.002774,0.177750
0.064005,0.024956,0.012948,0.039204,-0.069568,0.053587,-0.098888,0.066821,-0.028811,0.109277,0.013698,0.003380,0.059513,0.068709,-0.004572,0.003723,-0.052692,-0.021365,-0.030302,0.012183,-0.035208,-0.005944,0.009877,0.040273,-0.015675,-0.012186,-0.121193,0.033123,0.023301,-0.011410,-0.133458,0.003586,0.031025,0.022265,-0.036718,-0.020210,0.001306,0.009305,-0.011051,0.007119,-0.000987,0.113074,0.026860,0.137032,0.096065,0.113631,0.139203,0.183484,0.298121,0.010824,0.100668,0.091665,0.160757,0.186625,0.060619,0.142606,0.098962,0.196080,0.211857,1.000000,0.309669,-0.014585,0.119382,0.118718,0.080020,0.029827,-0.095314,0.034487
0.024677,0.024747,-0.023382,-0.006252,-0.059240,0.025741,-0.094264,0.062138,0.032376,0.095411,0.033261,0.016343,0.045363,0.015604,-0.005531,0.010054,-0.005472,0.091054,0.038686,-0.000375,0.022625,0.000768,-0.020619,0.014759,-0.031050,-0.032725,-0.064338,-0.015413,-0.042972,0.053734,-0.051805,0.045272,0.021752,-0.030276,-0.067341,-0.060760,-0.030292,0.009022,0.024096,0.001992,-0.074600,0.072964,-0.005343,0.025733,0.067259,0.085757,0.084807,0.063244,0.079364,0.039318,0.011030,0.012440,0.044915,0.109121,0.091252,0.047244,0.092772,-0.014776,0.048921,0.309669,1.000000,0.192202,0.021288,0.052837,0.042999,0.040270,-0.090037,-0.028512
-0.067108,0.020018,0.001563,0.057542,-0.012512,0.035293,-0.024862,0.046216,0.001974,0.076272,0.030238,0.090364,0.097775,0.081615,0.046841,-0.002167,0.010566,0.089823,0.056003,0.032561,0.034926,0.009056,0.032880,0.011569,-0.039315,-0.053070,0.008896,-0.076854,-0.053784,-0.041814,0.034192,0.030110,0.111714,-0.033761,0.029471,0.091216,0.064434,0.071122,0.062475,0.003723,0.019624,0.010764,-0.022297,-0.040538,0.077008,0.103842,0.058773,0.087938,0.068332,-0.023530,0.062836,0.063494,-0.014004,0.077486,0.040893,-0.024589,-0.022676,-0.021967,-0.000180,-0.014585,0.192202,1.000000,0.089321,0.046058,0.110766,0.093938,0.019527,0.096130
0.009264,0.032361,0.071039,0.221476,0.013530,0.203000,0.069708,0.208576,0.117900,0.262379,0.265814,0.117793,0.149240,0.291974,0.261584,0.068284,0.120144,0.172557,0.111678,0.265577,0.003709,-0.028914,0.112667,0.028311,-0.024415,0.066544,-0.013364,-0.013241,0.000689,0.035691,0.007591,0.003605,0.019598,-0.019909,0.013940,0.075853,0.000074,0.222086,0.173289,0.238382,0.121394,0.223546,0.264112,0.342291,0.251034,0.176563,0.233214,0.261020,0.160813,0.198026,0.332394,0.120430,0.339437,0.226789,0.131565,0.049213,0.047482,0.004170,0.008705,0.119382,0.021288,0.089321,1.000000,0.307431,0.151853,0.037319,0.000040,0.152337
