1.000000,0.900786,0.147777,0.191770,0.880181,0.838167,0.838423,0.791269,0.805852,0.686296,0.869457,0.243705,0.808153,0.860012,0.818588,0.836683,0.828414,0.183130,0.714634,0.692284,0.816544,0.831128,0.878841,0.864203,0.902720,0.825129,0.867085,0.896726,0.875246,0.855780,0.805414,0.425777,0.233796,0.947408,0.283921,0.185094,0.125365,0.168424,0.147885,0.642325,0.415464,0.715747,0.693824,0.550833,0.855595,0.289101,0.639720,0.828870,0.805008,0.457593,0.178576,0.434999,0.609361,0.733056,0.594305,0.550577,0.673105,0.353205,0.626733,0.269056,0.174769,0.089197,0.457911,0.241218,0.285630,0.132867,0.164589,0.200481
0.900786,1.000000,0.140763,0.193423,0.865325,0.833638,0.855254,0.804071,0.797007,0.681310,0.850081,0.250191,0.820038,0.849735,0.801536,0.789794,0.782666,0.205780,0.692408,0.677203,0.766769,0.773263,0.801575,0.801077,0.825935,0.784919,0.807241,0.812013,0.818432,0.810872,0.746596,0.374488,0.231557,0.888128,0.294187,0.190695,0.122933,0.173148,0.152343,0.648141,0.462786,0.740965,0.700137,0.550462,0.844711,0.302742,0.676027,0.827970,0.796384,0.457751,0.187962,0.448481,0.615141,0.722181,0.590708,0.557648,0.660640,0.376887,0.624059,0.273309,0.189188,0.110640,0.471363,0.259315,0.303757,0.159700,0.158194,0.213315
0.147777,0.140763,1.000000,0.583218,0.117477,0.101229,0.114688,0.103422,0.094508,0.088921,0.125433,0.495310,0.147097,0.130324,0.130999,0.122011,0.119503,0.065137,0.116985,0.126555,0.119985,0.113525,0.109909,0.111123,0.116173,0.108000,0.116603,0.131667,0.128063,0.114743,0.111654,0.048945,0.034336,0.129850,0.068142,0.087097,0.594218,0.567889,0.059786,0.087853,0.060242,0.078910,0.087255,0.068679,0.127124,0.404946,0.195921,0.133741,0.125740,0.077245,0.050863,0.075120,0.088648,0.117872,0.096619,0.080092,0.077851,0.055971,0.076670,0.033066,0.014651,0.017875,0.073586,0.066824,0.071027,0.067214,-0.011269,0.049203
0.191770,0.193423,0.583218,1.000000,0.178380,0.200282,0.214073,0.203163,0.191295,0.169282,0.234816,0.794311,0.233529,0.236170,0.241455,0.191996,0.197049,0.210795,0.218632,0.239987,0.211467,0.197651,0.167276,0.172345,0.166036,0.168967,0.170206,0.160413,0.187615,0.173615,0.172432,0.152052,0.126064,0.186670,0.199122,0.188490,0.694493,0.951014,0.165780,0.244226,0.157700,0.189095,0.244378,0.202311,0.232355,0.626336,0.280266,0.239118,0.238165,0.204489,0.205775,0.238501,0.249775,0.241583,0.246278,0.239912,0.218844,0.170279,0.232090,0.162135,0.086310,0.077826,0.235765,0.220316,0.226934,0.164246,0.049713,0.191732
0.880181,0.865325,0.117477,0.178380,1.000000,0.914621,0.904081,0.871150,0.870458,0.778226,0.872858,0.224447,0.854982,0.879670,0.815535,0.871813,0.860960,0.234460,0.765475,0.679910,0.742224,0.745524,0.795939,0.775865,0.819788,0.781678,0.798888,0.814761,0.860651,0.850094,0.780067,0.344550,0.185978,0.937481,0.318607,0.196039,0.100817,0.157820,0.126882,0.697018,0.453485,0.798584,0.755218,0.619343,0.869669,0.273854,0.661045,0.852486,0.808690,0.505395,0.211184,0.456169,0.648687,0.732946,0.610661,0.565098,0.714299,0.363033,0.670157,0.253639,0.162709,0.067187,0.525438,0.286220,0.350727,0.131874,0.176028,0.195014
0.838167,0.833638,0.101229,0.200282,0.914621,1.000000,0.950124,0.967493,0.969975,0.893216,0.924076,0.238054,0.934044,0.941891,0.873103,0.892163,0.877490,0.304709,0.828091,0.739672,0.759740,0.750258,0.788348,0.774541,0.809218,0.789957,0.772622,0.743140,0.868354,0.845658,0.743298,0.358333,0.177488,0.899460,0.400129,0.259527,0.099272,0.180325,0.171347,0.814819,0.521996,0.913199,0.874476,0.756731,0.916991,0.277499,0.708894,0.909884,0.861110,0.619046,0.310381,0.523422,0.748623,0.785223,0.687338,0.651370,0.807615,0.438810,0.752531,0.309621,0.215806,0.106391,0.640574,0.400256,0.466658,0.191215,0.190592,0.281087
0.838423,0.855254,0.114688,0.214073,0.904081,0.950124,1.000000,0.955373,0.936951,0.854839,0.922859,0.247529,0.930381,0.940458,0.883580,0.858925,0.832879,0.334732,0.792181,0.764362,0.773754,0.759752,0.767738,0.773231,0.793141,0.774840,0.770487,0.733904,0.851673,0.822330,0.731227,0.411728,0.247162,0.877734,0.425712,0.278019,0.112195,0.198391,0.195138,0.824176,0.569299,0.912784,0.870879,0.738811,0.918164,0.296584,0.730697,0.916121,0.872879,0.612592,0.305735,0.562835,0.749569,0.805928,0.698836,0.671766,0.795564,0.461708,0.741113,0.326976,0.228253,0.116191,0.630048,0.403520,0.458398,0.211722,0.185377,0.314361
0.791269,0.804071,0.103422,0.203163,0.871150,0.967493,0.955373,1.000000,0.957350,0.894921,0.919356,0.245627,0.962729,0.946165,0.878205,0.856154,0.826642,0.335205,0.805152,0.750099,0.745045,0.726817,0.741506,0.741149,0.761973,0.752874,0.726029,0.685589,0.829077,0.801377,0.702152,0.378080,0.203561,0.846057,0.452301,0.306474,0.105327,0.187721,0.207718,0.861867,0.585774,0.970180,0.909000,0.786565,0.919037,0.290294,0.756228,0.926306,0.874275,0.652427,0.340566,0.552068,0.775121,0.802778,0.718428,0.693463,0.822146,0.480975,0.766548,0.333147,0.233159,0.126379,0.677621,0.452139,0.504615,0.226899,0.187635,0.328418
0.805852,0.797007,0.094508,0.191295,0.870458,0.969975,0.936951,0.957350,1.000000,0.927407,0.904907,0.213307,0.912335,0.925624,0.862647,0.880981,0.861606,0.325583,0.836548,0.745140,0.743791,0.733287,0.772089,0.755147,0.795032,0.775134,0.744653,0.700820,0.862563,0.829664,0.717508,0.362081,0.168559,0.863139,0.421234,0.271033,0.090187,0.174765,0.181512,0.832969,0.503487,0.917540,0.896698,0.801151,0.895335,0.238554,0.673654,0.887751,0.843007,0.632654,0.314128,0.528753,0.755571,0.782272,0.682390,0.647874,0.799367,0.431552,0.747553,0.304574,0.210126,0.096203,0.657951,0.425386,0.483826,0.189050,0.179910,0.290336
0.686296,0.681310,0.088921,0.169282,0.778226,0.893216,0.854839,0.894921,0.927407,1.000000,0.810753,0.151856,0.820521,0.839340,0.778508,0.838851,0.814890,0.367702,0.827541,0.694052,0.644313,0.629217,0.663820,0.647825,0.684818,0.683443,0.638879,0.588954,0.774794,0.750468,0.623557,0.297163,0.120040,0.765912,0.454456,0.299526,0.099340,0.164739,0.196336,0.811264,0.415747,0.873125,0.876328,0.868971,0.804372,0.155880,0.555937,0.793741,0.746611,0.676567,0.374661,0.528276,0.762056,0.710319,0.638694,0.607313,0.772555,0.402843,0.724229,0.300272,0.219944,0.112692,0.691545,0.482696,0.544627,0.203061,0.180894,0.313243
0.869457,0.850081,0.125433,0.234816,0.872858,0.924076,0.922859,0.919356,0.904907,0.810753,1.000000,0.273138,0.921003,0.989291,0.953935,0.871942,0.838825,0.318174,0.792976,0.840337,0.868494,0.853363,0.841837,0.862508,0.860858,0.823898,0.830229,0.781211,0.870309,0.844655,0.779003,0.439743,0.269456,0.889646,0.443492,0.317262,0.125530,0.226978,0.257957,0.818692,0.532922,0.873920,0.858070,0.709693,0.981816,0.327331,0.741401,0.966315,0.941283,0.614989,0.299958,0.559133,0.751802,0.880452,0.753446,0.717966,0.817181,0.493286,0.757863,0.382347,0.272555,0.171042,0.632537,0.408082,0.446417,0.250434,0.173783,0.353720
0.243705,0.250191,0.495310,0.794311,0.224447,0.238054,0.247529,0.245627,0.213307,0.151856,0.273138,1.000000,0.337810,0.278840,0.272671,0.218161,0.218298,0.159291,0.215035,0.232681,0.238140,0.225784,0.217666,0.208813,0.211985,0.216842,0.219456,0.218711,0.221471,0.203758,0.201631,0.161917,0.135907,0.234917,0.192782,0.186551,0.548015,0.705382,0.176401,0.222174,0.212941,0.207825,0.243727,0.184690,0.284633,0.780812,0.445604,0.307829,0.289148,0.204964,0.192112,0.215798,0.251737,0.250646,0.245092,0.240356,0.234430,0.183831,0.227577,0.153238,0.065400,0.063568,0.226847,0.207009,0.221724,0.155266,0.040837,0.199551
0.808153,0.820038,0.147097,0.233529,0.854982,0.934044,0.930381,0.962729,0.912335,0.820521,0.921003,0.337810,1.000000,0.944115,0.882147,0.830526,0.799456,0.309533,0.766593,0.740633,0.751176,0.734801,0.743115,0.747849,0.766231,0.759354,0.740720,0.704793,0.819268,0.792552,0.711096,0.412603,0.238061,0.840067,0.419235,0.300204,0.141144,0.208836,0.237539,0.804971,0.589882,0.918379,0.856603,0.726508,0.927824,0.395985,0.847039,0.944522,0.888996,0.622703,0.325934,0.540583,0.741329,0.799240,0.704790,0.681189,0.791031,0.477339,0.732771,0.329629,0.227527,0.133539,0.640320,0.423465,0.468127,0.237142,0.177700,0.337763
0.860012,0.849735,0.130324,0.236170,0.879670,0.941891,0.940458,0.946165,0.925624,0.839340,0.989291,0.278840,0.944115,1.000000,0.963229,0.875658,0.843200,0.345089,0.809744,0.853897,0.854218,0.835434,0.825146,0.843605,0.844379,0.818567,0.813438,0.765582,0.871195,0.845643,0.769930,0.439134,0.263299,0.887732,0.453190,0.323643,0.126978,0.225094,0.255486,0.835285,0.541015,0.901659,0.881965,0.739182,0.982116,0.331308,0.760329,0.975591,0.948452,0.637054,0.323442,0.579978,0.777624,0.890303,0.761394,0.725304,0.834757,0.497846,0.776173,0.384998,0.274339,0.163283,0.655876,0.430988,0.475216,0.248370,0.176113,0.356065
0.818588,0.801536,0.130999,0.241455,0.815535,0.873103,0.883580,0.878205,0.862647,0.778508,0.953935,0.272671,0.882147,0.963229,1.000000,0.818805,0.782702,0.402192,0.763572,0.934503,0.879353,0.852820,0.804018,0.844243,0.811434,0.800238,0.791610,0.730144,0.823934,0.800280,0.735844,0.480459,0.316057,0.835717,0.464904,0.352851,0.132596,0.234760,0.273237,0.797063,0.509533,0.842280,0.836809,0.691675,0.949747,0.326562,0.721977,0.948119,0.963978,0.604878,0.310195,0.625273,0.765216,0.943680,0.785954,0.744799,0.806374,0.513026,0.755401,0.411802,0.293065,0.169100,0.624919,0.408553,0.443607,0.243718,0.156133,0.364490
0.836683,0.789794,0.122011,0.191996,0.871813,0.892163,0.858925,0.856154,0.880981,0.838851,0.871942,0.218161,0.830526,0.875658,0.818805,1.000000,0.924557,0.307746,0.843708,0.705782,0.740835,0.740534,0.809613,0.765540,0.826045,0.787796,0.788018,0.779532,0.872838,0.863994,0.795893,0.403053,0.201466,0.894616,0.376899,0.253450,0.105561,0.177363,0.167384,0.735669,0.414908,0.796357,0.790774,0.698762,0.858207,0.248303,0.612379,0.835033,0.800742,0.545507,0.261379,0.490563,0.702851,0.733332,0.617201,0.575343,0.753240,0.362824,0.687193,0.273763,0.197826,0.111917,0.576557,0.348954,0.412417,0.177642,0.181184,0.271271
0.828414,0.782666,0.119503,0.197049,0.860960,0.877490,0.832879,0.826642,0.861606,0.814890,0.838825,0.218298,0.799456,0.843200,0.782702,0.924557,1.000000,0.312883,0.874358,0.672473,0.716024,0.723965,0.807088,0.758263,0.817948,0.783635,0.769185,0.770389,0.870732,0.869371,0.802166,0.386147,0.170593,0.898739,0.337671,0.228901,0.117356,0.187128,0.143755,0.694918,0.385813,0.760764,0.760621,0.676392,0.823623,0.235639,0.574125,0.798204,0.759381,0.529367,0.270859,0.459034,0.685815,0.697930,0.582819,0.536045,0.737060,0.337341,0.679776,0.260509,0.179129,0.089486,0.558796,0.338191,0.409662,0.141296,0.153751,0.237289
0.183130,0.205780,0.065137,0.210795,0.234460,0.304709,0.334732,0.335205,0.325583,0.367702,0.318174,0.159291,0.309533,0.345089,0.402192,0.307746,0.312883,1.000000,0.464746,0.541664,0.278246,0.235279,0.152864,0.170564,0.125793,0.190823,0.155840,0.122171,0.263872,0.242295,0.216621,0.479396,0.447874,0.222091,0.381617,0.325451,0.138168,0.240756,0.317690,0.455782,0.280476,0.368137,0.442663,0.432662,0.314081,0.164131,0.213681,0.334547,0.365161,0.357830,0.308444,0.762316,0.549659,0.462117,0.392732,0.386540,0.351534,0.280789,0.321282,0.252656,0.198994,0.160738,0.385281,0.348535,0.353421,0.193002,0.027271,0.382084
0.714634,0.692408,0.116985,0.218632,0.765475,0.828091,0.792181,0.805152,0.836548,0.827541,0.792976,0.215035,0.766593,0.809744,0.763572,0.843708,0.874358,0.464746,1.000000,0.696988,0.653334,0.648919,0.708466,0.657302,0.716532,0.694446,0.655531,0.630028,0.846551,0.846116,0.749218,0.356406,0.160727,0.790207,0.403219,0.283486,0.138058,0.216405,0.181415,0.723851,0.380469,0.764527,0.784228,0.722898,0.787335,0.223115,0.535580,0.771745,0.737049,0.572398,0.334987,0.520355,0.731585,0.713225,0.614505,0.571092,0.746457,0.371005,0.685075,0.262891,0.184678,0.093752,0.609390,0.420260,0.473548,0.160427,0.162593,0.287005
0.692284,0.677203,0.126555,0.239987,0.679910,0.739672,0.764362,0.750099,0.745140,0.694052,0.840337,0.232681,0.740633,0.853897,0.934503,0.705782,0.672473,0.541664,0.696988,1.000000,0.821985,0.778479,0.693869,0.745709,0.688791,0.686676,0.670917,0.613953,0.708776,0.682188,0.628530,0.510766,0.375754,0.703744,0.475272,0.375516,0.136332,0.249495,0.294490,0.734046,0.433988,0.737953,0.763599,0.642906,0.831409,0.264337,0.578950,0.827507,0.870521,0.557305,0.316184,0.698123,0.741294,0.923367,0.756451,0.718750,0.725060,0.499887,0.687397,0.422269,0.309334,0.184297,0.579554,0.398388,0.431513,0.238847,0.125603,0.387213
0.816544,0.766769,0.119985,0.211467,0.742224,0.759740,0.773754,0.745045,0.743791,0.644313,0.868494,0.238140,0.751176,0.854218,0.879353,0.740835,0.716024,0.278246,0.653334,0.821985,1.000000,0.968664,0.843620,0.937571,0.847532,0.778737,0.809260,0.757979,0.775803,0.753454,0.712722,0.456967,0.290113,0.801497,0.397512,0.314165,0.107180,0.210990,0.249854,0.677074,0.462031,0.706273,0.706890,0.554580,0.857240,0.277481,0.613248,0.836876,0.856990,0.491138,0.225650,0.506942,0.634909,0.839264,0.714463,0.676180,0.714154,0.479807,0.667634,0.396734,0.293601,0.193879,0.509524,0.315508,0.336222,0.243098,0.162912,0.325942
0.831128,0.773263,0.113525,0.197651,0.745524,0.750258,0.759752,0.726817,0.733287,0.629217,0.853363,0.225784,0.734801,0.835434,0.852820,0.740534,0.723965,0.235279,0.648919,0.778479,0.968664,1.000000,0.859596,0.951370,0.860723,0.786532,0.816988,0.775339,0.779191,0.760732,0.721638,0.445750,0.282017,0.813307,0.372611,0.293885,0.100068,0.194551,0.232849,0.653987,0.438797,0.684764,0.681236,0.534775,0.841965,0.268140,0.593419,0.816178,0.834027,0.473128,0.209616,0.469678,0.609729,0.804127,0.689191,0.644761,0.698533,0.443193,0.644021,0.371370,0.265309,0.167215,0.487070,0.292970,0.321699,0.213662,0.167945,0.298371
0.878841,0.801575,0.109909,0.167276,0.795939,0.788348,0.767738,0.741506,0.772089,0.663820,0.841837,0.217666,0.743115,0.825146,0.804018,0.809613,0.807088,0.152864,0.708466,0.693869,0.843620,0.859596,1.000000,0.892872,0.939926,0.820272,0.846834,0.836063,0.827296,0.810930,0.754251,0.389018,0.186544,0.872405,0.283630,0.198078,0.082990,0.149971,0.136754,0.612034,0.377201,0.675466,0.667232,0.522793,0.822015,0.247867,0.576769,0.788249,0.776179,0.445332,0.173406,0.376923,0.583890,0.717553,0.577652,0.527779,0.679772,0.337042,0.608005,0.247771,0.159165,0.085578,0.447109,0.237095,0.280950,0.125031,0.136076,0.197817
0.864203,0.801077,0.111123,0.172345,0.775865,0.774541,0.773231,0.741149,0.755147,0.647825,0.862508,0.208813,0.747849,0.843605,0.844243,0.765540,0.758263,0.170564,0.657302,0.745709,0.937571,0.951370,0.892872,1.000000,0.907094,0.822547,0.855866,0.818441,0.811214,0.787978,0.747026,0.424945,0.242112,0.846108,0.318582,0.234898,0.090366,0.167001,0.187164,0.632648,0.410986,0.686397,0.669524,0.530017,0.848403,0.255720,0.599357,0.817512,0.822481,0.458950,0.179928,0.424493,0.592644,0.774477,0.632912,0.583498,0.684522,0.379194,0.623747,0.318376,0.223577,0.139342,0.468026,0.257074,0.284015,0.177180,0.153944,0.245234
0.902720,0.825935,0.116173,0.166036,0.819788,0.809218,0.793141,0.761973,0.795032,0.684818,0.860858,0.211985,0.766231,0.844379,0.811434,0.826045,0.817948,0.125793,0.716532,0.688791,0.847532,0.860723,0.939926,0.907094,1.000000,0.854924,0.888329,0.859247,0.878388,0.846806,0.783981,0.382688,0.180433,0.886744,0.275162,0.189562,0.089765,0.152640,0.133663,0.620521,0.377171,0.691473,0.675266,0.545460,0.842585,0.246384,0.590188,0.806306,0.786395,0.454492,0.182209,0.366488,0.577043,0.720061,0.573463,0.526148,0.671653,0.325443,0.609127,0.251892,0.164271,0.094051,0.452230,0.232267,0.279665,0.123117,0.160948,0.196389
0.825129,0.784919,0.108000,0.168967,0.781678,0.789957,0.774840,0.752874,0.775134,0.683443,0.823898,0.216842,0.759354,0.818567,0.800238,0.787796,0.783635,0.190823,0.694446,0.686676,0.778737,0.786532,0.820272,0.822547,0.854924,1.000000,0.919868,0.780469,0.821565,0.794757,0.727253,0.383913,0.195709,0.836039,0.279842,0.194561,0.081883,0.139978,0.142236,0.609982,0.356343,0.690147,0.669036,0.564538,0.811114,0.244742,0.590952,0.786650,0.778547,0.448426,0.190161,0.405239,0.579056,0.714007,0.565455,0.518111,0.635021,0.318471,0.588487,0.249099,0.169540,0.079039,0.441583,0.216739,0.271750,0.107148,0.126125,0.180383
0.867085,0.807241,0.116603,0.170206,0.798888,0.772622,0.770487,0.726029,0.744653,0.638879,0.830229,0.219456,0.740720,0.813438,0.791610,0.788018,0.769185,0.155840,0.655531,0.670917,0.809260,0.816988,0.846834,0.855866,0.888329,0.919868,1.000000,0.855413,0.815438,0.790659,0.754091,0.402692,0.234230,0.858825,0.286637,0.197748,0.090990,0.155244,0.152831,0.601153,0.378622,0.665091,0.646044,0.519960,0.816983,0.260975,0.588887,0.784956,0.775189,0.432073,0.189607,0.395614,0.559728,0.702743,0.553242,0.510246,0.619050,0.328134,0.575264,0.259150,0.179307,0.110268,0.426172,0.222456,0.258562,0.139677,0.143824,0.194435
0.896726,0.812013,0.131667,0.160413,0.814761,0.743140,0.733904,0.685589,0.700820,0.588954,0.781211,0.218711,0.704793,0.765582,0.730144,0.779532,0.770389,0.122171,0.630028,0.613953,0.757979,0.775339,0.836063,0.818441,0.859247,0.780469,0.855413,1.000000,0.801861,0.788201,0.750720,0.381574,0.187092,0.886420,0.212365,0.138124,0.102275,0.140696,0.109421,0.537146,0.325954,0.610758,0.583120,0.453527,0.766497,0.248066,0.549524,0.733284,0.717277,0.373003,0.135316,0.360018,0.522259,0.649527,0.501209,0.448287,0.589089,0.266976,0.534195,0.213178,0.126105,0.063077,0.385028,0.174755,0.224163,0.103585,0.151929,0.134898
0.875246,0.818432,0.128063,0.187615,0.860651,0.868354,0.851673,0.829077,0.862563,0.774794,0.870309,0.221471,0.819268,0.871195,0.823934,0.872838,0.870732,0.263872,0.846551,0.708776,0.775803,0.779191,0.827296,0.811214,0.878388,0.821565,0.815438,0.801861,1.000000,0.943834,0.855833,0.421917,0.224002,0.889415,0.312128,0.198758,0.107193,0.169973,0.119420,0.684985,0.400772,0.762628,0.738974,0.630434,0.858018,0.247234,0.615973,0.834219,0.804919,0.484891,0.172017,0.448165,0.625804,0.744079,0.596523,0.544972,0.687635,0.314843,0.639643,0.246548,0.155459,0.061889,0.495300,0.248273,0.321136,0.091920,0.141916,0.199567
0.855780,0.810872,0.114743,0.173615,0.850094,0.845658,0.822330,0.801377,0.829664,0.750468,0.844655,0.203758,0.792552,0.845643,0.800280,0.863994,0.869371,0.242295,0.846116,0.682188,0.753454,0.760732,0.810930,0.787978,0.846806,0.794757,0.790659,0.788201,0.943834,1.000000,0.891547,0.401373,0.217171,0.876518,0.306952,0.203867,0.096104,0.163479,0.130090,0.660184,0.380645,0.735221,0.714316,0.605804,0.836329,0.242748,0.588981,0.811948,0.783650,0.475117,0.175774,0.427552,0.607973,0.722028,0.586061,0.533851,0.676965,0.324461,0.623017,0.240384,0.150110,0.070641,0.482804,0.250774,0.315904,0.096375,0.154043,0.193631
0.805414,0.746596,0.111654,0.172432,0.780067,0.743298,0.731227,0.702152,0.717508,0.623557,0.779003,0.201631,0.711096,0.769930,0.735844,0.795893,0.802166,0.216621,0.749218,0.628530,0.712722,0.721638,0.754251,0.747026,0.783981,0.727253,0.754091,0.750720,0.855833,0.891547,1.000000,0.473903,0.335830,0.811250,0.259866,0.183821,0.123626,0.163429,0.134586,0.586262,0.361506,0.643780,0.621739,0.507002,0.767348,0.241743,0.553436,0.745821,0.730345,0.399700,0.159651,0.414683,0.538591,0.670030,0.528974,0.483606,0.608295,0.284377,0.545183,0.224599,0.139160,0.075413,0.420202,0.205824,0.258956,0.106769,0.118626,0.181690
0.425777,0.374488,0.048945,0.152052,0.344550,0.358333,0.411728,0.378080,0.362081,0.297163,0.439743,0.161917,0.412603,0.439134,0.480459,0.403053,0.386147,0.479396,0.356406,0.510766,0.456967,0.445750,0.389018,0.424945,0.382688,0.383913,0.402692,0.381574,0.421917,0.401373,0.473903,1.000000,0.718164,0.390297,0.296974,0.281028,0.090765,0.166522,0.308655,0.432084,0.354346,0.389745,0.394632,0.357371,0.430067,0.218437,0.379607,0.445157,0.474890,0.285621,0.181140,0.559291,0.401922,0.482043,0.381711,0.385389,0.330246,0.272740,0.292638,0.258395,0.180008,0.159076,0.261707,0.206828,0.208456,0.214691,-0.006230,0.352926
0.233796,0.231557,0.034336,0.126064,0.185978,0.177488,0.247162,0.203561,0.168559,0.120040,0.269456,0.135907,0.238061,0.263299,0.316057,0.201466,0.170593,0.447874,0.160727,0.375754,0.290113,0.282017,0.186544,0.242112,0.180433,0.195709,0.234230,0.187092,0.224002,0.217171,0.335830,0.718164,1.000000,0.184716,0.245623,0.255457,0.095245,0.148756,0.286357,0.295799,0.331271,0.241562,0.244324,0.200125,0.260499,0.196023,0.269759,0.280116,0.319759,0.154462,0.110980,0.502565,0.261469,0.344778,0.252485,0.266322,0.163119,0.208488,0.152731,0.203986,0.122582,0.132152,0.146636,0.136381,0.111936,0.143853,-0.062320,0.308353
0.947408,0.888128,0.129850,0.186670,0.937481,0.899460,0.877734,0.846057,0.863139,0.765912,0.889646,0.234917,0.840067,0.887732,0.835717,0.894616,0.898739,0.222091,0.790207,0.703744,0.801497,0.813307,0.872405,0.846108,0.886744,0.836039,0.858825,0.886420,0.889415,0.876518,0.811250,0.390297,0.184716,1.000000,0.315120,0.198935,0.112337,0.164439,0.137808,0.684548,0.418690,0.768097,0.747771,0.615747,0.877285,0.274284,0.642149,0.852267,0.821753,0.501154,0.221997,0.452461,0.668012,0.746848,0.618308,0.568569,0.735534,0.367797,0.677487,0.274026,0.179990,0.087435,0.518728,0.285987,0.340054,0.148028,0.179076,0.203392
0.283921,0.294187,0.068142,0.199122,0.318607,0.400129,0.425712,0.452301,0.421234,0.454456,0.443492,0.192782,0.419235,0.453190,0.464904,0.376899,0.337671,0.381617,0.403219,0.475272,0.397512,0.372611,0.283630,0.318582,0.275162,0.279842,0.286637,0.212365,0.312128,0.306952,0.259866,0.296974,0.245623,0.315120,1.000000,0.785853,0.119340,0.243734,0.583914,0.619774,0.483204,0.512007,0.613300,0.546405,0.447330,0.212240,0.366779,0.465306,0.474143,0.563466,0.473081,0.445199,0.525128,0.496015,0.598483,0.628203,0.546927,0.620978,0.581695,0.430539,0.340226,0.315428,0.612321,0.581048,0.548964,0.418338,0.151458,0.740962
0.185094,0.190695,0.087097,0.188490,0.196039,0.259527,0.278019,0.306474,0.271033,0.299526,0.317262,0.186551,0.300204,0.323643,0.352851,0.253450,0.228901,0.325451,0.283486,0.375516,0.314165,0.293885,0.198078,0.234898,0.189562,0.194561,0.197748,0.138124,0.198758,0.203867,0.183821,0.281028,0.255457,0.198935,0.785853,1.000000,0.117946,0.227957,0.604417,0.472622,0.404877,0.358370,0.450412,0.404003,0.323557,0.207812,0.275300,0.339382,0.360885,0.402740,0.376673,0.361153,0.374594,0.389586,0.468661,0.499999,0.395641,0.521327,0.456936,0.387233,0.328852,0.326407,0.458299,0.463101,0.404128,0.366179,0.080010,0.677394
0.125365,0.122933,0.594218,0.694493,0.100817,0.099272,0.112195,0.105327,0.090187,0.099340,0.125530,0.548015,0.141144,0.126978,0.132596,0.105561,0.117356,0.138168,0.138058,0.136332,0.107180,0.100068,0.082990,0.090366,0.089765,0.081883,0.090990,0.102275,0.107193,0.096104,0.123626,0.090765,0.095245,0.112337,0.119340,0.117946,1.000000,0.691275,0.097982,0.134489,0.092215,0.091480,0.123012,0.112628,0.122259,0.445581,0.181717,0.131451,0.124767,0.132800,0.144470,0.130145,0.146779,0.126618,0.133668,0.122366,0.118547,0.101234,0.121107,0.074255,0.026628,0.022616,0.145420,0.140911,0.139698,0.081786,-0.026170,0.098986
0.168424,0.173148,0.567889,0.951014,0.157820,0.180325,0.198391,0.187721,0.174765,0.164739,0.226978,0.705382,0.208836,0.225094,0.234760,0.177363,0.187128,0.240756,0.216405,0.249495,0.210990,0.194551,0.149971,0.167001,0.152640,0.139978,0.155244,0.140696,0.169973,0.163479,0.163429,0.166522,0.148756,0.164439,0.243734,0.227957,0.691275,1.000000,0.203586,0.262800,0.175552,0.188284,0.253517,0.218653,0.220935,0.588270,0.237440,0.224216,0.229662,0.226824,0.241324,0.257253,0.257527,0.244157,0.262432,0.260904,0.230870,0.201309,0.241281,0.172656,0.102872,0.109623,0.249642,0.245184,0.254381,0.198761,0.059892,0.239429
0.147885,0.152343,0.059786,0.165780,0.126882,0.171347,0.195138,0.207718,0.181512,0.196336,0.257957,0.176401,0.237539,0.255486,0.273237,0.167384,0.143755,0.317690,0.181415,0.294490,0.249854,0.232849,0.136754,0.187164,0.133663,0.142236,0.152831,0.109421,0.119420,0.130090,0.134586,0.308655,0.286357,0.137808,0.583914,0.604417,0.097982,0.203586,1.000000,0.394734,0.405201,0.256380,0.371149,0.325937,0.262561,0.203066,0.255438,0.279788,0.302160,0.399143,0.367054,0.312258,0.290697,0.320086,0.360292,0.409711,0.306087,0.441163,0.353543,0.378151,0.344754,0.445473,0.391769,0.411573,0.355290,0.402564,0.073966,0.808208
0.642325,0.648141,0.087853,0.244226,0.697018,0.814819,0.824176,0.861867,0.832969,0.811264,0.818692,0.222174,0.804971,0.835285,0.797063,0.735669,0.694918,0.455782,0.723851,0.734046,0.677074,0.653987,0.612034,0.632648,0.620521,0.609982,0.601153,0.537146,0.684985,0.660184,0.586262,0.432084,0.295799,0.684548,0.619774,0.472622,0.134489,0.262800,0.394734,1.000000,0.591147,0.902327,0.943830,0.831630,0.813178,0.244868,0.604649,0.819067,0.790408,0.725096,0.484412,0.599649,0.778905,0.767431,0.738745,0.741190,0.807592,0.571906,0.780976,0.437346,0.341373,0.247904,0.777569,0.631838,0.646792,0.388120,0.180459,0.540870
0.415464,0.462786,0.060242,0.157700,0.453485,0.521996,0.569299,0.585774,0.503487,0.415747,0.532922,0.212941,0.589882,0.541015,0.509533,0.414908,0.385813,0.280476,0.380469,0.433988,0.462031,0.438797,0.377201,0.410986,0.377171,0.356343,0.378622,0.325954,0.400772,0.380645,0.361506,0.354346,0.331271,0.418690,0.483204,0.404877,0.092215,0.175552,0.405201,0.591147,1.000000,0.622677,0.590220,0.435128,0.531643,0.265381,0.558201,0.564928,0.546745,0.427498,0.281180,0.410293,0.436209,0.506958,0.545258,0.587797,0.497492,0.496417,0.478359,0.317363,0.246901,0.225381,0.431003,0.337156,0.316954,0.301406,0.106517,0.513092
0.715747,0.740965,0.078910,0.189095,0.798584,0.913199,0.912784,0.970180,0.917540,0.873125,0.873920,0.207825,0.918379,0.901659,0.842280,0.796357,0.760764,0.368137,0.764527,0.737953,0.706273,0.684764,0.675466,0.686397,0.691473,0.690147,0.665091,0.610758,0.762628,0.735221,0.643780,0.389745,0.241562,0.768097,0.512007,0.358370,0.091480,0.188284,0.256380,0.902327,0.622677,1.000000,0.923177,0.808825,0.874783,0.255099,0.721356,0.888051,0.843711,0.671861,0.381463,0.569970,0.765764,0.792388,0.725758,0.710179,0.801653,0.512081,0.755118,0.359339,0.256969,0.150040,0.702303,0.500093,0.540441,0.268759,0.183510,0.386143
0.693824,0.700137,0.087255,0.244378,0.755218,0.874476,0.870879,0.909000,0.896698,0.876328,0.858070,0.243727,0.856603,0.881965,0.836809,0.790774,0.760621,0.442663,0.784228,0.763599,0.706890,0.681236,0.667232,0.669524,0.675266,0.669036,0.646044,0.583120,0.738974,0.714316,0.621739,0.394632,0.244324,0.747771,0.613300,0.450412,0.123012,0.253517,0.371149,0.943830,0.590220,0.923177,1.000000,0.874422,0.852487,0.261164,0.642947,0.857456,0.822453,0.743874,0.484038,0.611328,0.829525,0.796125,0.751947,0.745218,0.849056,0.561119,0.817044,0.418202,0.320276,0.230949,0.803437,0.621506,0.644427,0.347077,0.186821,0.514637
0.550833,0.550462,0.068679,0.202311,0.619343,0.756731,0.738811,0.786565,0.801151,0.868971,0.709693,0.184690,0.726508,0.739182,0.691675,0.698762,0.676392,0.432662,0.722898,0.642906,0.554580,0.534775,0.522793,0.530017,0.545460,0.564538,0.519960,0.453527,0.630434,0.605804,0.507002,0.357371,0.200125,0.615747,0.546405,0.404003,0.112628,0.218653,0.325937,0.831630,0.435128,0.808825,0.874422,1.000000,0.704010,0.197577,0.500054,0.708089,0.676308,0.763632,0.548752,0.554441,0.748056,0.657497,0.635222,0.634857,0.742999,0.463133,0.706334,0.356095,0.264777,0.191795,0.750656,0.623478,0.676185,0.334310,0.163390,0.471358
0.855595,0.844711,0.127124,0.232355,0.869669,0.916991,0.918164,0.919037,0.895335,0.804372,0.981816,0.284633,0.927824,0.982116,0.949747,0.858207,0.823623,0.314081,0.787335,0.831409,0.857240,0.841965,0.822015,0.848403,0.842585,0.811114,0.816983,0.766497,0.858018,0.836329,0.767348,0.430067,0.260499,0.877285,0.447330,0.323557,0.122259,0.220935,0.262561,0.813178,0.531643,0.874783,0.852487,0.704010,1.000000,0.351934,0.777956,0.985536,0.955234,0.613445,0.314098,0.556127,0.753123,0.890032,0.757148,0.723257,0.819191,0.501021,0.760596,0.383546,0.266955,0.160318,0.635642,0.419123,0.459617,0.254770,0.180002,0.356542
0.289101,0.302742,0.404946,0.626336,0.273854,0.277499,0.296584,0.290294,0.238554,0.155880,0.327331,0.780812,0.395985,0.331308,0.326562,0.248303,0.235639,0.164131,0.223115,0.264337,0.277481,0.268140,0.247867,0.255720,0.246384,0.244742,0.260975,0.248066,0.247234,0.242748,0.241743,0.218437,0.196023,0.274284,0.212240,0.207812,0.445581,0.588270,0.203066,0.244868,0.265381,0.255099,0.261164,0.197577,0.351934,1.000000,0.594023,0.390894,0.368365,0.223429,0.193985,0.243748,0.275777,0.303455,0.279658,0.279413,0.265548,0.238966,0.275525,0.194642,0.102987,0.092663,0.253440,0.230318,0.223720,0.200605,0.043166,0.230838
0.639720,0.676027,0.195921,0.280266,0.661045,0.708894,0.730697,0.756228,0.673654,0.555937,0.741401,0.445604,0.847039,0.760329,0.721977,0.612379,0.574125,0.213681,0.535580,0.578950,0.613248,0.593419,0.576769,0.599357,0.590188,0.590952,0.588887,0.549524,0.615973,0.588981,0.553436,0.379607,0.269759,0.642149,0.366779,0.275300,0.181717,0.237440,0.255438,0.604649,0.558201,0.721356,0.642947,0.500054,0.777956,0.594023,1.000000,0.834907,0.777275,0.473498,0.255039,0.439118,0.568327,0.668152,0.589486,0.586173,0.605873,0.456859,0.568347,0.294514,0.199199,0.149928,0.499168,0.361618,0.358353,0.268489,0.130622,0.341553
0.828870,0.827970,0.133741,0.239118,0.852486,0.909884,0.916121,0.926306,0.887751,0.793741,0.966315,0.307829,0.944522,0.975591,0.948119,0.835033,0.798204,0.334547,0.771745,0.827507,0.836876,0.816178,0.788249,0.817512,0.806306,0.786650,0.784956,0.733284,0.834219,0.811948,0.745821,0.445157,0.280116,0.852267,0.465306,0.339382,0.131451,0.224216,0.279788,0.819067,0.564928,0.888051,0.857456,0.708089,0.985536,0.390894,0.834907,1.000000,0.967532,0.624679,0.327956,0.571551,0.759253,0.899424,0.769737,0.742555,0.820387,0.524558,0.763385,0.396914,0.276238,0.167669,0.651837,0.441779,0.474586,0.274212,0.175717,0.379308
0.805008,0.796384,0.125740,0.238165,0.808690,0.861110,0.872879,0.874275,0.843007,0.746611,0.941283,0.289148,0.888996,0.948452,0.963978,0.800742,0.759381,0.365161,0.737049,0.870521,0.856990,0.834027,0.776179,0.822481,0.786395,0.778547,0.775189,0.717277,0.804919,0.783650,0.730345,0.474890,0.319759,0.821753,0.474143,0.360885,0.124767,0.229662,0.302160,0.790408,0.546745,0.843711,0.822453,0.676308,0.955234,0.368365,0.777275,0.967532,1.000000,0.595282,0.307139,0.599020,0.739607,0.950872,0.798137,0.765330,0.798161,0.539149,0.747971,0.438740,0.304300,0.177414,0.619039,0.411724,0.440343,0.280676,0.172934,0.388444
0.457593,0.457751,0.077245,0.204489,0.505395,0.619046,0.612592,0.652427,0.632654,0.676567,0.614989,0.204964,0.622703,0.637054,0.604878,0.545507,0.529367,0.357830,0.572398,0.557305,0.491138,0.473128,0.445332,0.458950,0.454492,0.448426,0.432073,0.373003,0.484891,0.475117,0.399700,0.285621,0.154462,0.501154,0.563466,0.402740,0.132800,0.226824,0.399143,0.725096,0.427498,0.671861,0.743874,0.763632,0.613445,0.223429,0.473498,0.624679,0.595282,1.000000,0.653690,0.488541,0.687427,0.576107,0.599920,0.610004,0.699032,0.477070,0.643248,0.365258,0.317321,0.260189,0.680634,0.617882,0.658613,0.388990,0.162875,0.545429
0.178576,0.187962,0.050863,0.205775,0.211184,0.310381,0.305735,0.340566,0.314128,0.374661,0.299958,0.192112,0.325934,0.323442,0.310195,0.261379,0.270859,0.308444,0.334987,0.316184,0.225650,0.209616,0.173406,0.179928,0.182209,0.190161,0.189607,0.135316,0.172017,0.175774,0.159651,0.181140,0.110980,0.221997,0.473081,0.376673,0.144470,0.241324,0.367054,0.484412,0.281180,0.381463,0.484038,0.548752,0.314098,0.193985,0.255039,0.327956,0.307139,0.653690,1.000000,0.403450,0.537926,0.317217,0.395790,0.421937,0.491120,0.379531,0.456953,0.290260,0.252520,0.270760,0.575878,0.648786,0.707089,0.454763,0.137146,0.511494
0.434999,0.448481,0.075120,0.238501,0.456169,0.523422,0.562835,0.552068,0.528753,0.528276,0.559133,0.215798,0.540583,0.579978,0.625273,0.490563,0.459034,0.762316,0.520355,0.698123,0.506942,0.469678,0.376923,0.424493,0.366488,0.405239,0.395614,0.360018,0.448165,0.427552,0.414683,0.559291,0.502565,0.452461,0.445199,0.361153,0.130145,0.257253,0.312258,0.599649,0.410293,0.569970,0.611328,0.554441,0.556127,0.243748,0.439118,0.571551,0.599020,0.488541,0.403450,1.000000,0.787661,0.647324,0.566187,0.562940,0.558907,0.381064,0.485536,0.308770,0.216293,0.170761,0.493496,0.412436,0.419878,0.253508,0.080719,0.413860
0.609361,0.615141,0.088648,0.249775,0.648687,0.748623,0.749569,0.775121,0.755571,0.762056,0.751802,0.251737,0.741329,0.777624,0.765216,0.702851,0.685815,0.549659,0.731585,0.741294,0.634909,0.609729,0.583890,0.592644,0.577043,0.579056,0.559728,0.522259,0.625804,0.607973,0.538591,0.401922,0.261469,0.668012,0.525128,0.374594,0.146779,0.257527,0.290697,0.778905,0.436209,0.765764,0.829525,0.748056,0.753123,0.275777,0.568327,0.759253,0.739607,0.687427,0.537926,0.787661,1.000000,0.734234,0.688596,0.675255,0.840954,0.475761,0.743193,0.352722,0.257182,0.180412,0.755482,0.635660,0.650247,0.319505,0.154177,0.436441
0.733056,0.722181,0.117872,0.241583,0.732946,0.785223,0.805928,0.802778,0.782272,0.710319,0.880452,0.250646,0.799240,0.890303,0.943680,0.733332,0.697930,0.462117,0.713225,0.923367,0.839264,0.804127,0.717553,0.774477,0.720061,0.714007,0.702743,0.649527,0.744079,0.722028,0.670030,0.482043,0.344778,0.746848,0.496015,0.389586,0.126618,0.244157,0.320086,0.767431,0.506958,0.792388,0.796125,0.657497,0.890032,0.303455,0.668152,0.899424,0.950872,0.576107,0.317217,0.647324,0.734234,1.000000,0.819703,0.783190,0.767380,0.552230,0.733673,0.463906,0.329036,0.200531,0.614144,0.421709,0.441490,0.279552,0.159599,0.406707
0.594305,0.590708,0.096619,0.246278,0.610661,0.687338,0.698836,0.718428,0.682390,0.638694,0.753446,0.245092,0.704790,0.761394,0.785954,0.617201,0.582819,0.392732,0.614505,0.756451,0.714463,0.689191,0.577652,0.632912,0.573463,0.565455,0.553242,0.501209,0.596523,0.586061,0.528974,0.381711,0.252485,0.618308,0.598483,0.468661,0.133668,0.262432,0.360292,0.738745,0.545258,0.725758,0.751947,0.635222,0.757148,0.279658,0.589486,0.769737,0.798137,0.599920,0.395790,0.566187,0.688596,0.819703,1.000000,0.956199,0.762911,0.725966,0.763702,0.490167,0.376954,0.272548,0.668650,0.518514,0.493744,0.376621,0.181372,0.502731
0.550577,0.557648,0.080092,0.239912,0.565098,0.651370,0.671766,0.693463,0.647874,0.607313,0.717966,0.240356,0.681189,0.725304,0.744799,0.575343,0.536045,0.386540,0.571092,0.718750,0.676180,0.644761,0.527779,0.583498,0.526148,0.518111,0.510246,0.448287,0.544972,0.533851,0.483606,0.385389,0.266322,0.568569,0.628203,0.499999,0.122366,0.260904,0.409711,0.741190,0.587797,0.710179,0.745218,0.634857,0.723257,0.279413,0.586173,0.742555,0.765330,0.610004,0.421937,0.562940,0.675255,0.783190,0.956199,1.000000,0.761041,0.788151,0.758904,0.502861,0.387933,0.300192,0.677965,0.545565,0.511711,0.429164,0.194568,0.566187
0.673105,0.660640,0.077851,0.218844,0.714299,0.807615,0.795564,0.822146,0.799367,0.772555,0.817181,0.234430,0.791031,0.834757,0.806374,0.753240,0.737060,0.351534,0.746457,0.725060,0.714154,0.698533,0.679772,0.684522,0.671653,0.635021,0.619050,0.589089,0.687635,0.676965,0.608295,0.330246,0.163119,0.735534,0.546927,0.395641,0.118547,0.230870,0.306087,0.807592,0.497492,0.801653,0.849056,0.742999,0.819191,0.265548,0.605873,0.820387,0.798161,0.699032,0.491120,0.558907,0.840954,0.767380,0.762911,0.761041,1.000000,0.563847,0.868213,0.421818,0.316570,0.220479,0.760343,0.594933,0.602652,0.372155,0.197556,0.459918
0.353205,0.376887,0.055971,0.170279,0.363033,0.438810,0.461708,0.480975,0.431552,0.402843,0.493286,0.183831,0.477339,0.497846,0.513026,0.362824,0.337341,0.280789,0.371005,0.499887,0.479807,0.443193,0.337042,0.379194,0.325443,0.318471,0.328134,0.266976,0.314843,0.324461,0.284377,0.272740,0.208488,0.367797,0.620978,0.521327,0.101234,0.201309,0.441163,0.571906,0.496417,0.512081,0.561119,0.463133,0.501021,0.238966,0.456859,0.524558,0.539149,0.477070,0.379531,0.381064,0.475761,0.552230,0.725966,0.788151,0.563847,1.000000,0.609280,0.479999,0.380395,0.336364,0.541140,0.488431,0.416374,0.433914,0.161250,0.578386
0.626733,0.624059,0.076670,0.232090,0.670157,0.752531,0.741113,0.766548,0.747553,0.724229,0.757863,0.227577,0.732771,0.776173,0.755401,0.687193,0.679776,0.321282,0.685075,0.687397,0.667634,0.644021,0.608005,0.623747,0.609127,0.588487,0.575264,0.534195,0.639643,0.623017,0.545183,0.292638,0.152731,0.677487,0.581695,0.456936,0.121107,0.241281,0.353543,0.780976,0.478359,0.755118,0.817044,0.706334,0.760596,0.275525,0.568347,0.763385,0.747971,0.643248,0.456953,0.485536,0.743193,0.733673,0.763702,0.758904,0.868213,0.609280,1.000000,0.519772,0.386630,0.271154,0.790947,0.588874,0.587608,0.366052,0.191656,0.492499
0.269056,0.273309,0.033066,0.162135,0.253639,0.309621,0.326976,0.333147,0.304574,0.300272,0.382347,0.153238,0.329629,0.384998,0.411802,0.273763,0.260509,0.252656,0.262891,0.422269,0.396734,0.371370,0.247771,0.318376,0.251892,0.249099,0.259150,0.213178,0.246548,0.240384,0.224599,0.258395,0.203986,0.274026,0.430539,0.387233,0.074255,0.172656,0.378151,0.437346,0.317363,0.359339,0.418202,0.356095,0.383546,0.194642,0.294514,0.396914,0.438740,0.365258,0.290260,0.308770,0.352722,0.463906,0.490167,0.502861,0.421818,0.479999,0.519772,1.000000,0.782525,0.459321,0.416799,0.367726,0.327972,0.344743,0.111389,0.472757
0.174769,0.189188,0.014651,0.086310,0.162709,0.215806,0.228253,0.233159,0.210126,0.219944,0.272555,0.065400,0.227527,0.274339,0.293065,0.197826,0.179129,0.198994,0.184678,0.309334,0.293601,0.265309,0.159165,0.223577,0.164271,0.169540,0.179307,0.126105,0.155459,0.150110,0.139160,0.180008,0.122582,0.179990,0.340226,0.328852,0.026628,0.102872,0.344754,0.341373,0.246901,0.256969,0.320276,0.264777,0.266955,0.102987,0.199199,0.276238,0.304300,0.317321,0.252520,0.216293,0.257182,0.329036,0.376954,0.387933,0.316570,0.380395,0.386630,0.782525,1.000000,0.666427,0.337348,0.333358,0.276851,0.361177,0.098466,0.457127
0.089197,0.110640,0.017875,0.077826,0.067187,0.106391,0.116191,0.126379,0.096203,0.112692,0.171042,0.063568,0.133539,0.163283,0.169100,0.111917,0.089486,0.160738,0.093752,0.184297,0.193879,0.167215,0.085578,0.139342,0.094051,0.079039,0.110268,0.063077,0.061889,0.070641,0.075413,0.159076,0.132152,0.087435,0.315428,0.326407,0.022616,0.109623,0.445473,0.247904,0.225381,0.150040,0.230949,0.191795,0.160318,0.092663,0.149928,0.167669,0.177414,0.260189,0.270760,0.170761,0.180412,0.200531,0.272548,0.300192,0.220479,0.336364,0.271154,0.459321,0.666427,1.000000,0.276496,0.305499,0.252385,0.411263,0.082565,0.555766
0.457911,0.471363,0.073586,0.235765,0.525438,0.640574,0.630048,0.677621,0.657951,0.691545,0.632537,0.226847,0.640320,0.655876,0.624919,0.576557,0.558796,0.385281,0.609390,0.579554,0.509524,0.487070,0.447109,0.468026,0.452230,0.441583,0.426172,0.385028,0.495300,0.482804,0.420202,0.261707,0.146636,0.518728,0.612321,0.458299,0.145420,0.249642,0.391769,0.777569,0.431003,0.702303,0.803437,0.750656,0.635642,0.253440,0.499168,0.651837,0.619039,0.680634,0.575878,0.493496,0.755482,0.614144,0.668650,0.677965,0.760343,0.541140,0.790947,0.416799,0.337348,0.276496,1.000000,0.789030,0.739159,0.424571,0.184360,0.558547
0.241218,0.259315,0.066824,0.220316,0.286220,0.400256,0.403520,0.452139,0.425386,0.482696,0.408082,0.207009,0.423465,0.430988,0.408553,0.348954,0.338191,0.348535,0.420260,0.398388,0.315508,0.292970,0.237095,0.257074,0.232267,0.216739,0.222456,0.174755,0.248273,0.250774,0.205824,0.206828,0.136381,0.285987,0.581048,0.463101,0.140911,0.245184,0.411573,0.631838,0.337156,0.500093,0.621506,0.623478,0.419123,0.230318,0.361618,0.441779,0.411724,0.617882,0.648786,0.412436,0.635660,0.421709,0.518514,0.545565,0.594933,0.488431,0.588874,0.367726,0.333358,0.305499,0.789030,1.000000,0.772847,0.568199,0.187674,0.578567
0.285630,0.303757,0.071027,0.226934,0.350727,0.466658,0.458398,0.504615,0.483826,0.544627,0.446417,0.221724,0.468127,0.475216,0.443607,0.412417,0.409662,0.353421,0.473548,0.431513,0.336222,0.321699,0.280950,0.284015,0.279665,0.271750,0.258562,0.224163,0.321136,0.315904,0.258956,0.208456,0.111936,0.340054,0.548964,0.404128,0.139698,0.254381,0.355290,0.646792,0.316954,0.540441,0.644427,0.676185,0.459617,0.223720,0.358353,0.474586,0.440343,0.658613,0.707089,0.419878,0.650247,0.441490,0.493744,0.511711,0.602652,0.416374,0.587608,0.327972,0.276851,0.252385,0.739159,0.772847,1.000000,0.457188,0.177166,0.518822
