1.000000,0.258650,0.042654,0.228591,0.145708,-0.057080,0.096040,-0.040930,-0.083907,0.067067,0.114736,0.064301,0.011355,0.114763,0.087901,0.032664,0.034533,0.065618,0.012376,0.086970,0.074717,0.066155,-0.001256,0.026857,0.060963,0.023957,0.011622,0.139435,0.043693,0.040363,-0.014424,0.026159,0.049497,0.357784,0.048317,-0.032608,-0.005024,0.106609,0.014078,-0.100284,0.038747,-0.089408,-0.013768,-0.006922,0.101332,0.054534,-0.017298,-0.002445,0.009636,-0.048534,-0.041741,-0.012478,-0.090468,0.032074,0.035194,0.092184,-0.074549,0.020210,-0.003562,-0.043915,0.054737,0.028103,-0.074524,-0.020850,0.004668,0.035633,-0.043530,0.012059
0.258650,1.000000,0.094587,0.088569,0.144284,0.075582,0.079962,0.082335,0.057864,0.129958,0.009715,0.119618,0.091397,0.008526,0.032671,-0.044713,0.023915,0.069737,0.067444,0.055308,0.077364,0.123858,0.066824,0.146581,-0.030489,-0.024410,0.004542,0.064890,0.019861,0.027606,-0.040652,0.064192,-0.036264,0.195391,0.006185,0.005250,0.030489,0.146769,0.052225,-0.043671,0.053262,0.079991,0.021475,0.029819,0.047626,0.156620,0.121344,0.042600,0.051677,-0.021245,-0.007269,0.054538,-0.000324,0.074426,0.006614,-0.000878,-0.038643,-0.034070,-0.016974,-0.008955,0.044251,-0.056137,-0.068051,0.009051,-0.014433,-0.029251,-0.026254,0.017731
0.042654,0.094587,1.000000,0.096606,0.045594,-0.048979,-0.047068,-0.003022,0.013340,0.107071,0.137526,0.070695,0.006515,0.126993,0.116794,0.009682,0.021782,0.022230,-0.043597,0.117526,0.045068,0.039403,-0.011214,0.062211,0.016653,0.113156,0.025274,0.085563,-0.044359,-0.017572,-0.020212,0.086638,0.018250,0.032392,-0.019786,0.021959,0.102044,0.108858,0.085006,-0.073114,-0.015358,-0.069003,-0.013920,0.060872,0.094203,-0.059941,-0.044947,-0.033625,-0.002818,-0.013673,-0.011117,0.058396,0.032261,0.001067,-0.040465,0.014942,-0.027919,0.052195,0.016925,-0.060819,0.073313,0.027422,0.003774,0.009043,0.005269,-0.037079,0.005243,0.082699
0.228591,0.088569,0.096606,1.000000,0.072291,0.017028,0.074608,-0.051963,-0.027945,-0.012173,0.055418,0.471423,0.107150,0.007453,0.025680,0.067577,-0.040145,0.066417,0.023033,0.064974,0.090015,0.110482,-0.015893,0.056541,0.142630,0.039143,0.013522,0.056935,0.070587,0.031671,-0.015609,0.043681,-0.036910,0.217412,-0.009114,-0.019523,0.241200,0.712075,0.044785,-0.006893,0.083126,-0.006616,0.019211,0.033196,0.013897,0.150687,0.107237,0.011886,-0.018011,0.056938,-0.009345,0.054762,-0.033504,0.028049,0.003923,0.029217,0.015703,0.012268,-0.022640,-0.116885,-0.053158,-0.066928,-0.050797,-0.098468,-0.033579,-0.062221,-0.024149,0.031916
0.145708,0.144284,0.045594,0.072291,1.000000,0.127384,0.272078,0.130147,0.044475,0.058154,-0.008962,-0.007728,-0.002589,-0.025633,-0.060279,-0.006309,0.079207,0.045997,0.063507,-0.061364,0.054783,0.072669,0.033855,0.065539,0.067484,0.038503,0.074280,0.057176,0.030096,0.063923,0.030623,0.020550,0.002177,0.384675,-0.037874,0.033736,0.046913,0.002922,-0.022490,0.026293,0.101481,0.029128,0.036678,0.054602,0.030890,-0.111981,-0.051650,0.039858,-0.055620,0.054877,-0.027973,-0.008365,0.052517,0.022077,-0.003283,0.050601,-0.024527,0.050559,0.020533,-0.074889,0.009886,0.013500,0.005694,-0.000588,0.003245,-0.073546,-0.033262,-0.037046
-0.057080,0.075582,-0.048979,0.017028,0.127384,1.000000,0.188269,0.432369,0.454803,0.195528,-0.238789,-0.032426,0.186674,-0.243788,-0.058882,0.074244,0.067812,0.086655,0.097452,-0.058278,0.118500,0.092599,0.071995,0.056012,0.124688,-0.011855,-0.016570,-0.055438,0.028404,0.116177,0.144008,0.050997,0.060263,0.109167,0.012888,-0.022866,-0.016176,0.033872,-0.045958,0.094990,0.242406,0.365267,0.095774,0.113801,-0.046273,0.106570,0.156599,0.125653,0.210753,0.138165,0.005636,0.006294,0.046381,0.183644,0.094221,0.002376,0.115677,-0.022330,0.008098,0.112041,0.028620,-0.055429,-0.075048,-0.004178,0.035285,-0.033553,-0.103963,0.060641
0.096040,0.079962,-0.047068,0.074608,0.272078,0.188269,1.000000,0.227714,0.236488,0.124826,-0.078964,-0.076549,0.072515,-0.095189,-0.099323,0.027358,0.103817,0.063076,0.049606,-0.089780,0.040736,0.025011,-0.039873,0.000674,0.071520,0.019890,0.000196,0.010416,0.045314,0.039186,0.006561,0.044485,-0.048234,0.163411,0.117054,0.044060,0.027880,0.009087,0.075120,0.047803,0.190683,0.170987,0.060926,0.080025,-0.079184,0.003691,0.036477,0.017927,0.048937,0.032610,0.027390,0.002652,0.042524,0.038961,0.050540,0.078308,0.057237,0.023447,-0.023115,-0.055917,-0.005215,-0.015769,0.001643,0.001253,-0.033131,-0.057016,0.012163,-0.005202
-0.040930,0.082335,-0.003022,-0.051963,0.130147,0.432369,0.227714,1.000000,0.291053,0.382974,-0.388486,-0.012206,0.647197,-0.188202,-0.051212,-0.052988,0.019077,-0.078099,0.021883,-0.058840,-0.028261,0.000671,0.002343,0.063635,-0.011651,-0.033084,0.022468,-0.013882,-0.028437,0.111730,0.041428,-0.022353,0.053354,0.098304,0.086031,-0.000640,0.018852,-0.027957,0.100604,0.031051,0.392421,0.690187,0.091496,0.242343,0.088420,0.038488,0.146648,0.448313,0.224186,-0.007489,-0.007517,0.012508,0.024913,0.250176,-0.038154,-0.001213,0.074142,0.054974,0.007162,0.053071,0.057113,0.001357,-0.063106,0.004470,0.043006,-0.027111,-0.016409,0.049319
-0.083907,0.057864,0.013340,-0.027945,0.044475,0.454803,0.236488,0.291053,1.000000,0.310680,-0.140116,-0.036385,0.122142,-0.123039,-0.078431,0.036415,0.120723,0.078183,0.158601,-0.033578,0.023348,-0.024000,-0.031282,-0.070717,0.053915,-0.062271,0.028758,0.028525,0.056978,0.084930,0.053164,0.028166,0.019857,0.071592,0.044170,-0.019439,0.005897,0.014076,0.010970,0.091356,0.176452,0.244042,0.287573,0.215856,-0.015473,0.062884,0.051503,0.078035,0.034641,0.067294,0.052542,0.035444,0.060044,0.063420,0.038890,0.010362,0.086195,-0.032763,0.008512,0.077622,0.060507,0.005879,-0.049432,0.045341,0.086925,0.029458,-0.102120,0.078828
0.067067,0.129958,0.107071,-0.012173,0.058154,0.195528,0.124826,0.382974,0.310680,1.000000,-0.015438,-0.039272,0.295427,0.125202,0.105685,0.174850,0.155532,0.130004,0.124807,0.147615,0.046251,0.028010,-0.032158,0.026489,-0.000553,-0.097717,-0.039633,-0.014980,-0.039349,0.084794,0.002297,0.003201,0.049913,0.060282,0.080650,-0.026357,0.108611,-0.002729,0.087827,0.046440,0.274876,0.304738,0.134183,0.397180,0.297092,0.057539,0.048205,0.280611,0.125566,0.031394,-0.039189,0.104802,0.037506,0.221590,0.086288,0.076960,0.030834,0.043862,0.097024,-0.022672,0.120223,0.049114,-0.032073,0.104078,0.049452,-0.018261,-0.002536,0.061510
0.114736,0.009715,0.137526,0.055418,-0.008962,-0.238789,-0.078964,-0.388486,-0.140116,-0.015438,1.000000,-0.045616,-0.282850,0.892611,0.375186,0.080030,-0.028584,0.130323,0.074258,0.491109,0.059156,-0.000798,-0.075111,-0.032912,-0.111067,0.053723,0.025711,-0.008623,0.047571,-0.004242,-0.038805,-0.052483,0.025300,-0.042548,-0.036367,0.028907,0.092550,0.010864,-0.075265,-0.160765,-0.200601,-0.513417,-0.069884,0.020184,0.384548,-0.208704,-0.395316,-0.312272,-0.106640,-0.009984,-0.083874,0.095839,-0.073858,0.033785,0.018738,0.055156,-0.062341,0.039712,0.092539,-0.046661,-0.032828,0.001466,0.061846,0.021212,-0.059713,-0.001436,0.035728,-0.032078
0.064301,0.119618,0.070695,0.471423,-0.007728,-0.032426,-0.076549,-0.012206,-0.036385,-0.039272,-0.045616,1.000000,0.323076,-0.066203,0.032490,0.021572,-0.054294,-0.026092,-0.017198,0.025632,0.046281,0.103992,-0.001911,0.060767,-0.022744,0.043605,-0.078572,-0.014505,0.038402,-0.027661,-0.014160,-0.030903,-0.065324,0.118613,0.014096,0.016974,0.104489,0.381606,-0.002370,-0.068011,0.087531,0.021930,0.004096,0.011099,-0.017395,0.165842,0.132038,0.031306,0.004239,-0.009956,-0.067921,0.021227,-0.018853,0.040988,0.015620,0.005739,-0.045596,0.024710,0.098352,0.016471,-0.037210,0.008672,0.026654,-0.048577,-0.076848,-0.054350,-0.019602,0.012986
0.011355,0.091397,0.006515,0.107150,-0.002589,0.186674,0.072515,0.647197,0.122142,0.295427,-0.282850,0.323076,1.000000,-0.054714,0.114594,-0.037336,-0.010908,-0.091367,-0.002173,0.055891,-0.023522,0.047142,0.022818,0.067939,-0.051988,0.009358,0.026586,-0.003940,-0.063034,0.014722,0.007818,-0.055963,-0.013929,0.111486,0.082053,0.017205,0.037499,0.114619,0.076923,-0.026654,0.345175,0.567755,0.035449,0.192654,0.206892,0.208910,0.351001,0.511872,0.306561,-0.060050,-0.029537,0.043507,0.041521,0.360465,-0.061221,0.037155,0.039694,0.132950,0.065327,0.142679,0.021286,0.037218,-0.016318,0.047143,-0.001418,-0.006887,-0.029212,0.079981
0.114763,0.008526,0.126993,0.007453,-0.025633,-0.243788,-0.095189,-0.188202,-0.123039,0.125202,0.892611,-0.066203,-0.054714,1.000000,0.495476,0.061615,-0.048682,0.107692,0.059032,0.588207,0.017224,-0.037274,-0.085686,-0.011371,-0.141132,0.033482,0.021033,-0.016378,-0.002447,-0.004168,-0.044066,-0.092710,0.014755,-0.037932,0.000097,0.035518,0.112254,-0.026239,-0.022964,-0.207302,-0.104199,-0.402958,-0.088715,0.086855,0.549300,-0.227819,-0.382859,-0.079687,0.002351,-0.036370,-0.115002,0.109365,-0.059447,0.127782,-0.012477,0.047396,-0.035853,0.044354,0.105559,-0.030496,0.001530,0.064582,0.048980,0.024827,-0.051460,-0.004900,0.038509,-0.005540
0.087901,0.032671,0.116794,0.025680,-0.060279,-0.058882,-0.099323,-0.051212,-0.078431,0.105685,0.375186,0.032490,0.114594,0.495476,1.000000,0.119542,-0.006713,0.223137,0.078362,0.687832,0.114039,0.091898,0.020935,0.108133,0.008585,0.138845,0.004809,-0.016578,0.001650,0.007760,-0.008582,-0.051825,0.048118,0.017352,0.000532,-0.002012,0.030639,-0.001352,0.037497,-0.139422,0.016449,-0.136563,-0.043200,0.030288,0.305555,-0.036568,-0.142178,-0.019569,0.217229,-0.039686,-0.023800,0.144905,-0.086105,0.274535,0.019522,0.080661,0.031591,0.021092,-0.015052,0.057266,0.077448,0.093560,-0.002235,-0.015083,-0.074082,-0.000680,0.030348,-0.025456
0.032664,-0.044713,0.009682,0.067577,-0.006309,0.074244,0.027358,-0.052988,0.036415,0.174850,0.080030,0.021572,-0.037336,0.061615,0.119542,1.000000,0.260638,0.207977,0.107798,0.171581,0.160485,0.131231,-0.004328,0.064798,0.061711,0.020200,0.067171,0.083141,0.067030,0.048654,-0.019739,0.059391,0.011411,0.128895,-0.083541,-0.087807,-0.006265,0.014668,-0.045700,-0.022683,-0.059595,-0.076171,-0.052279,0.010493,0.063041,0.001070,-0.065833,0.002789,0.022154,0.010192,-0.027783,0.104990,-0.005745,0.071078,0.090272,0.059675,0.079973,0.009891,-0.041224,0.063706,0.072156,0.051112,-0.042348,0.007394,-0.012853,-0.100912,-0.019187,-0.069815
0.034533,0.023915,0.021782,-0.040145,0.079207,0.067812,0.103817,0.019077,0.120723,0.155532,-0.028584,-0.054294,-0.010908,-0.048682,-0.006713,0.260638,1.000000,0.205292,0.158967,-0.043494,0.031729,0.059242,-0.053400,0.078828,0.045070,-0.060808,-0.028266,0.039655,0.016104,0.048778,0.140452,0.048224,-0.079196,0.181879,-0.020802,-0.060058,-0.052208,-0.091767,-0.048003,0.040174,-0.002341,-0.020751,-0.012842,0.013783,0.039976,-0.044509,-0.017498,0.064995,-0.031912,-0.035239,0.052515,0.026450,0.075438,0.032517,0.076890,0.100780,0.078368,0.043971,-0.010611,-0.024603,0.086662,0.044294,0.016550,0.022539,0.075154,-0.009946,0.015859,-0.004255
0.065618,0.069737,0.022230,0.066417,0.045997,0.086655,0.063076,-0.078099,0.078183,0.130004,0.130323,-0.026092,-0.091367,0.107692,0.223137,0.207977,0.205292,1.000000,0.487675,0.338350,0.224046,0.216255,0.211740,0.163814,0.180797,-0.001806,-0.010320,-0.011924,0.121917,0.205645,0.066325,0.186819,0.045729,0.125677,-0.047828,-0.037482,0.090963,0.018458,0.001246,0.000722,-0.020752,-0.087240,0.009105,-0.004816,0.100759,-0.031958,-0.055944,-0.050638,0.061879,0.047237,-0.009026,0.204953,-0.015680,0.197843,0.093374,0.080879,0.159703,-0.075415,-0.045429,0.033668,-0.011557,-0.064279,-0.013688,-0.002927,0.011593,-0.034107,0.052266,-0.063293
0.012376,0.067444,-0.043597,0.023033,0.063507,0.097452,0.049606,0.021883,0.158601,0.124807,0.074258,-0.017198,-0.002173,0.059032,0.078362,0.107798,0.158967,0.487675,1.000000,0.146467,-0.002274,0.023286,0.103291,0.033566,0.000069,0.016027,-0.059405,-0.023442,0.172768,0.237816,0.142562,0.017374,0.002188,0.083205,-0.065942,-0.032456,0.033296,-0.045808,-0.005625,0.001672,0.074053,0.023076,0.026574,0.034762,0.106169,-0.050562,-0.024859,0.064633,0.088524,0.081324,-0.085116,0.097879,-0.000689,0.120814,0.062511,0.143944,0.189242,0.049962,0.014849,0.052215,-0.012814,0.000769,0.033237,-0.038058,0.003836,-0.033156,0.000463,-0.040282
0.086970,0.055308,0.117526,0.064974,-0.061364,-0.058278,-0.089780,-0.058840,-0.033578,0.147615,0.491109,0.025632,0.055891,0.588207,0.687832,0.171581,-0.043494,0.338350,0.146467,1.000000,0.232383,0.150000,0.017601,0.081719,-0.010072,0.093713,0.036508,-0.011422,0.032679,0.112401,-0.041203,0.066942,0.092465,0.036103,-0.024427,-0.017972,0.116768,0.004249,0.028870,-0.205081,-0.027483,-0.194399,-0.099465,0.029379,0.395397,-0.121946,-0.206516,-0.041376,0.155337,0.027385,-0.090726,0.233389,-0.108575,0.306771,0.063285,0.084184,0.033105,-0.005952,0.008913,0.111798,0.004235,0.038007,0.031415,0.009726,-0.117071,0.004559,0.004923,-0.021907
0.074717,0.077364,0.045068,0.090015,0.054783,0.118500,0.040736,-0.028261,0.023348,0.046251,0.059156,0.046281,-0.023522,0.017224,0.114039,0.160485,0.031729,0.224046,-0.002274,0.232383,1.000000,0.779541,0.201284,0.257944,0.115823,0.069763,0.022756,-0.020583,0.037783,0.034796,-0.052738,0.183462,0.062194,0.100691,-0.010723,-0.049329,0.065786,0.040513,-0.041444,0.013555,0.005403,-0.007753,0.018029,-0.003812,-0.008604,-0.014085,-0.040569,-0.064417,0.013593,0.015600,-0.074144,0.079713,0.006063,0.143601,0.251964,0.042079,0.127758,-0.113168,-0.079999,0.009689,0.073823,-0.007748,-0.024260,-0.038420,-0.155394,-0.000550,0.053600,-0.035580
0.066155,0.123858,0.039403,0.110482,0.072669,0.092599,0.025011,0.000671,-0.024000,0.028010,-0.000798,0.103992,0.047142,-0.037274,0.091898,0.131231,0.059242,0.216255,0.023286,0.150000,0.779541,1.000000,0.212933,0.495286,0.094370,0.085578,-0.031221,-0.035527,0.017078,0.048567,-0.029672,0.168884,0.040196,0.105718,-0.028475,-0.047678,0.039080,0.082857,-0.039790,-0.017043,-0.000936,0.011779,-0.009797,-0.014650,-0.050827,0.016710,0.018507,-0.030112,-0.039923,0.057131,-0.119089,0.046344,-0.024047,0.129753,0.259007,0.137437,0.084154,-0.038446,0.005731,-0.023791,0.061035,-0.025969,0.038364,-0.039862,-0.093839,-0.006653,-0.004947,-0.053488
-0.001256,0.066824,-0.011214,-0.015893,0.033855,0.071995,-0.039873,0.002343,-0.031282,-0.032158,-0.075111,-0.001911,0.022818,-0.085686,0.020935,-0.004328,-0.053400,0.211740,0.103291,0.017601,0.201284,0.212933,1.000000,0.187869,0.297297,-0.003804,-0.074296,0.022736,0.070086,0.096554,0.011511,0.161881,0.001082,0.056637,-0.035084,-0.061286,-0.016458,0.044973,0.051321,0.108636,0.023733,0.089803,0.053000,0.031043,-0.113210,0.062333,0.062632,-0.087851,0.004674,0.036238,0.075230,0.068389,-0.046805,0.047682,0.022579,-0.012133,0.092999,-0.116892,0.036957,-0.007083,0.046976,0.010225,-0.036131,-0.037575,-0.031159,-0.015371,0.038815,0.005569
0.026857,0.146581,0.062211,0.056541,0.065539,0.056012,0.000674,0.063635,-0.070717,0.026489,-0.032912,0.060767,0.067939,-0.011371,0.108133,0.064798,0.078828,0.163814,0.033566,0.081719,0.257944,0.495286,0.187869,1.000000,0.077746,0.095397,-0.047051,-0.042478,-0.017382,0.061527,0.086412,0.068815,0.028099,0.024204,0.004437,-0.001879,0.057117,0.023307,0.001283,-0.013738,0.011099,0.062392,-0.013068,0.015921,-0.015504,-0.000812,0.006277,0.059317,0.045761,-0.003325,-0.056627,0.046157,-0.051521,0.074367,0.099231,0.113627,0.041589,-0.000720,0.060303,-0.037921,0.014521,0.005271,0.032786,0.014218,-0.008069,-0.061347,0.010367,-0.049184
0.060963,-0.030489,0.016653,0.142630,0.067484,0.124688,0.071520,-0.011651,0.053915,-0.000553,-0.111067,-0.022744,-0.051988,-0.141132,0.008585,0.061711,0.045070,0.180797,0.000069,-0.010072,0.115823,0.094370,0.297297,0.077746,1.000000,0.047144,0.035180,0.046558,0.199325,0.282872,0.047586,0.122726,0.030728,0.124607,0.005923,-0.040409,0.012908,0.080552,-0.020740,0.023805,0.020972,0.029371,-0.013028,0.000468,-0.034471,0.027594,0.064180,0.014948,0.157865,-0.029360,0.133469,-0.032326,-0.128445,0.036146,-0.048171,-0.011390,0.037490,-0.066850,-0.086254,-0.018321,0.009503,-0.096259,-0.019453,-0.003389,-0.074411,-0.050215,0.023313,0.017258
0.023957,-0.024410,0.113156,0.039143,0.038503,-0.011855,0.019890,-0.033084,-0.062271,-0.097717,0.053723,0.043605,0.009358,0.033482,0.138845,0.020200,-0.060808,-0.001806,0.016027,0.093713,0.069763,0.085578,-0.003804,0.095397,0.047144,1.000000,0.372732,0.159540,0.097394,0.034358,-0.010299,0.022746,0.037287,0.009188,0.032244,-0.060777,-0.056087,0.027752,-0.060956,-0.057171,-0.108526,-0.047377,-0.079949,-0.028040,0.085093,-0.019740,-0.021696,0.040488,0.054474,0.010795,-0.023673,0.031383,-0.046513,0.048479,0.020561,0.082241,0.046782,0.053913,-0.062556,0.015913,0.079438,0.075694,0.025920,-0.023447,-0.038562,-0.040965,0.100682,-0.036583
0.011622,0.004542,0.025274,0.013522,0.074280,-0.016570,0.000196,0.022468,0.028758,-0.039633,0.025711,-0.078572,0.026586,0.021033,0.004809,0.067171,-0.028266,-0.010320,-0.059405,0.036508,0.022756,-0.031221,-0.074296,-0.047051,0.035180,0.372732,1.000000,0.354478,0.041256,0.081802,-0.081117,0.101579,0.066561,0.026253,0.020669,-0.028328,-0.080750,-0.013866,-0.085063,-0.058075,-0.121941,-0.050284,-0.084919,-0.041255,0.015280,-0.024281,-0.027958,0.017605,-0.051147,-0.041768,0.019151,0.025857,0.016804,0.035190,0.037460,0.046927,-0.028377,0.045531,-0.057028,0.092400,0.029433,0.011523,-0.053130,-0.018202,-0.055785,-0.055832,0.065904,-0.103510
0.139435,0.064890,0.085563,0.056935,0.057176,-0.055438,0.010416,-0.013882,0.028525,-0.014980,-0.008623,-0.014505,-0.003940,-0.016378,-0.016578,0.083141,0.039655,-0.011924,-0.023442,-0.011422,-0.020583,-0.035527,0.022736,-0.042478,0.046558,0.159540,0.354478,1.000000,0.047812,0.030368,-0.068585,0.095050,-0.009934,0.194751,-0.008024,-0.007832,-0.071922,0.036323,0.033614,-0.049519,-0.052913,-0.059105,-0.011119,-0.020452,-0.043944,-0.062129,-0.064682,-0.050181,-0.084852,-0.055223,0.058721,0.040591,0.113428,-0.065397,-0.057437,-0.028390,-0.026601,-0.028448,-0.011039,-0.000992,0.040538,-0.021606,-0.042870,-0.000589,-0.028850,-0.014526,0.026740,-0.064052
0.043693,0.019861,-0.044359,0.070587,0.030096,0.028404,0.045314,-0.028437,0.056978,-0.039349,0.047571,0.038402,-0.063034,-0.002447,0.001650,0.067030,0.016104,0.121917,0.172768,0.032679,0.037783,0.017078,0.070086,-0.017382,0.199325,0.097394,0.041256,0.047812,1.000000,0.320810,0.046111,0.096990,-0.096666,0.055887,-0.045423,-0.012417,0.084528,0.040474,-0.038912,0.018309,-0.021581,-0.063107,0.030397,0.009955,-0.021451,0.065505,0.005422,-0.040451,0.027591,-0.046147,-0.041653,-0.018361,-0.063012,0.045035,0.033289,0.055638,0.079451,-0.012662,-0.047427,0.110580,-0.046830,-0.047573,-0.019553,-0.049183,0.007710,0.001981,-0.004193,-0.003485
0.040363,0.027606,-0.017572,0.031671,0.063923,0.116177,0.039186,0.111730,0.084930,0.084794,-0.004242,-0.027661,0.014722,-0.004168,0.007760,0.048654,0.048778,0.205645,0.237816,0.112401,0.034796,0.048567,0.096554,0.061527,0.282872,0.034358,0.081802,0.030368,0.320810,1.000000,-0.014744,0.201640,-0.024154,0.099880,-0.051863,-0.021424,0.077807,0.026608,0.160804,0.030960,0.053792,0.090945,0.032859,0.054131,0.035101,-0.002989,0.021970,0.075278,0.089170,-0.006992,0.110465,0.099710,-0.042432,0.096561,-0.037812,0.059496,0.050238,-0.005723,-0.020781,0.098328,0.047974,0.016857,0.007978,0.016786,-0.033451,0.050186,-0.044378,0.078512
-0.014424,-0.040652,-0.020212,-0.015609,0.030623,0.144008,0.006561,0.041428,0.053164,0.002297,-0.038805,-0.014160,0.007818,-0.044066,-0.008582,-0.019739,0.140452,0.066325,0.142562,-0.041203,-0.052738,-0.029672,0.011511,0.086412,0.047586,-0.010299,-0.081117,-0.068585,0.046111,-0.014744,1.000000,0.035085,0.016131,0.036232,0.011126,0.053042,-0.033345,-0.006564,-0.074316,-0.006436,0.084031,0.066120,0.000290,-0.028701,0.060513,0.075813,0.037888,0.067904,0.077731,0.031597,-0.029353,-0.097550,-0.024915,-0.022955,-0.053803,-0.032567,0.011214,-0.045165,-0.053504,-0.006263,0.006600,-0.011984,0.052656,-0.013200,0.079485,-0.082463,0.088924,0.007665
0.026159,0.064192,0.086638,0.043681,0.020550,0.050997,0.044485,-0.022353,0.028166,0.003201,-0.052483,-0.030903,-0.055963,-0.092710,-0.051825,0.059391,0.048224,0.186819,0.017374,0.066942,0.183462,0.168884,0.161881,0.068815,0.122726,0.022746,0.101579,0.095050,0.096990,0.201640,0.035085,1.000000,0.041626,0.084948,0.004630,0.004838,0.009934,0.044314,0.166389,0.133793,-0.009143,0.034515,0.047171,0.028632,-0.134038,0.086443,0.026719,-0.074726,-0.030696,0.048483,0.113316,0.167298,0.131089,0.045332,0.085677,0.040974,0.155276,-0.081448,0.039292,0.084043,0.042922,-0.030616,-0.010064,0.028250,0.064402,0.071707,0.024477,0.102507
0.049497,-0.036264,0.018250,-0.036910,0.002177,0.060263,-0.048234,0.053354,0.019857,0.049913,0.025300,-0.065324,-0.013929,0.014755,0.048118,0.011411,-0.079196,0.045729,0.002188,0.092465,0.062194,0.040196,0.001082,0.028099,0.030728,0.037287,0.066561,-0.009934,-0.096666,-0.024154,0.016131,0.041626,1.000000,0.006232,-0.054350,-0.017166,-0.023079,-0.034976,-0.000806,-0.018156,0.098941,0.045572,0.004489,0.024415,0.060409,-0.040349,0.008809,0.043474,0.074845,0.060039,0.015744,0.041599,-0.031626,0.084175,-0.003896,0.005662,-0.018545,0.006708,-0.029512,0.016480,0.030303,-0.024575,0.057912,-0.012529,-0.093542,0.045077,0.030955,-0.051320
0.357784,0.195391,0.032392,0.217412,0.384675,0.109167,0.163411,0.098304,0.071592,0.060282,-0.042548,0.118613,0.111486,-0.037932,0.017352,0.128895,0.181879,0.125677,0.083205,0.036103,0.100691,0.105718,0.056637,0.024204,0.124607,0.009188,0.026253,0.194751,0.055887,0.099880,0.036232,0.084948,0.006232,1.000000,0.019042,-0.022342,0.029455,0.144279,0.046381,-0.031939,0.090849,0.035552,0.032985,0.013672,0.016926,0.010089,0.052227,0.065011,0.044496,-0.033819,-0.023749,0.025986,0.031576,0.057319,-0.065848,-0.022318,0.006218,-0.002195,-0.072440,-0.005697,0.055709,0.045817,-0.020099,-0.016256,-0.039573,-0.034582,-0.036375,-0.030643
0.048317,0.006185,-0.019786,-0.009114,-0.037874,0.012888,0.117054,0.086031,0.044170,0.080650,-0.036367,0.014096,0.082053,0.000097,0.000532,-0.083541,-0.020802,-0.047828,-0.065942,-0.024427,-0.010723,-0.028475,-0.035084,0.004437,0.005923,0.032244,0.020669,-0.008024,-0.045423,-0.051863,0.011126,0.004630,-0.054350,0.019042,1.000000,0.160717,0.003167,-0.005852,0.173082,0.076489,0.024133,0.074391,0.016787,0.078825,-0.032238,-0.018707,-0.005679,0.049966,0.100150,-0.097297,0.124784,0.060937,0.060585,0.018943,0.013846,-0.017656,0.105323,0.014084,0.016900,0.002695,0.088642,0.062042,-0.059999,0.015895,0.035857,0.074229,-0.011570,0.163991
-0.032608,0.005250,0.021959,-0.019523,0.033736,-0.022866,0.044060,-0.000640,-0.019439,-0.026357,0.028907,0.016974,0.017205,0.035518,-0.002012,-0.087807,-0.060058,-0.037482,-0.032456,-0.017972,-0.049329,-0.047678,-0.061286,-0.001879,-0.040409,-0.060777,-0.028328,-0.007832,-0.012417,-0.021424,0.053042,0.004838,-0.017166,-0.022342,0.160717,1.000000,-0.038672,-0.017501,0.062402,0.001755,0.072537,0.049715,-0.000139,0.063325,0.024468,0.047580,0.083151,0.073264,0.002795,-0.040589,0.063948,-0.011224,0.021681,0.025193,0.006979,-0.005488,0.052615,0.047271,0.012375,-0.083834,-0.010572,0.058704,0.004508,0.002198,0.081609,0.050063,0.066256,0.076402
-0.005024,0.030489,0.102044,0.241200,0.046913,-0.016176,0.027880,0.018852,0.005897,0.108611,0.092550,0.104489,0.037499,0.112254,0.030639,-0.006265,-0.052208,0.090963,0.033296,0.116768,0.065786,0.039080,-0.016458,0.057117,0.012908,-0.056087,-0.080750,-0.071922,0.084528,0.077807,-0.033345,0.009934,-0.023079,0.029455,0.003167,-0.038672,1.000000,0.165081,-0.041509,-0.039895,0.042622,-0.037607,-0.012869,0.055176,0.086910,-0.114608,-0.105245,0.004503,-0.043992,0.007836,0.003930,0.077430,-0.003834,0.055106,0.018184,0.047970,0.013536,-0.017600,0.020690,-0.068956,-0.055418,0.022784,-0.106232,-0.033523,0.066634,0.055910,-0.025992,-0.033134
0.106609,0.146769,0.108858,0.712075,0.002922,0.033872,0.009087,-0.027957,0.014076,-0.002729,0.010864,0.381606,0.114619,-0.026239,-0.001352,0.014668,-0.091767,0.018458,-0.045808,0.004249,0.040513,0.082857,0.044973,0.023307,0.080552,0.027752,-0.013866,0.036323,0.040474,0.026608,-0.006564,0.044314,-0.034976,0.144279,-0.005852,-0.017501,0.165081,1.000000,0.081856,0.025426,0.097286,0.055283,0.087770,0.062316,-0.060421,0.268388,0.218213,0.001504,0.014547,0.038996,0.019269,0.058717,-0.024257,0.019500,-0.025184,-0.011021,-0.018027,-0.027539,-0.023939,-0.127547,-0.028388,-0.043820,-0.035535,-0.006571,-0.004864,-0.048231,-0.031508,0.061535
0.014078,0.052225,0.085006,0.044785,-0.022490,-0.045958,0.075120,0.100604,0.010970,0.087827,-0.075265,-0.002370,0.076923,-0.022964,0.037497,-0.045700,-0.048003,0.001246,-0.005625,0.028870,-0.041444,-0.039790,0.051321,0.001283,-0.020740,-0.060956,-0.085063,0.033614,-0.038912,0.160804,-0.074316,0.166389,-0.000806,0.046381,0.173082,0.062402,-0.041509,0.081856,1.000000,0.161150,0.189907,0.153424,0.095838,0.170312,0.001649,0.046304,0.005731,0.082031,0.031113,-0.048298,0.128517,0.062288,0.129704,-0.021393,-0.001930,-0.002549,-0.015000,0.002367,0.096076,0.039203,0.104904,0.086733,-0.036037,0.056709,0.049069,0.042999,-0.033957,0.361898
-0.100284,-0.043671,-0.073114,-0.006893,0.026293,0.094990,0.047803,0.031051,0.091356,0.046440,-0.160765,-0.068011,-0.026654,-0.207302,-0.139422,-0.022683,0.040174,0.000722,0.001672,-0.205081,0.013555,-0.017043,0.108636,-0.013738,0.023805,-0.057171,-0.058075,-0.049519,0.018309,0.030960,-0.006436,0.133793,-0.018156,-0.031939,0.076489,0.001755,-0.039895,0.025426,0.161150,1.000000,0.213569,0.353882,0.464454,0.087611,-0.148729,0.054113,0.049035,0.006003,0.009953,0.052217,0.189437,0.159325,0.148631,-0.018845,0.071093,0.053790,0.080463,0.090368,0.029598,0.000520,-0.007897,-0.068905,0.006481,0.089604,0.146561,0.130014,0.030857,0.119048
0.038747,0.053262,-0.015358,0.083126,0.101481,0.242406,0.190683,0.392421,0.176452,0.274876,-0.200601,0.087531,0.345175,-0.104199,0.016449,-0.059595,-0.002341,-0.020752,0.074053,-0.027483,0.005403,-0.000936,0.023733,0.011099,0.020972,-0.108526,-0.121941,-0.052913,-0.021581,0.053792,0.084031,-0.009143,0.098941,0.090849,0.024133,0.072537,0.042622,0.097286,0.189907,0.213569,1.000000,0.446171,0.237072,0.206741,0.129638,0.114514,0.185625,0.296515,0.280435,-0.023779,-0.038852,0.023631,0.065574,0.195666,-0.012150,0.020860,0.055542,0.000305,0.031461,0.018333,0.003547,-0.019624,-0.027136,0.063968,-0.021712,0.035857,0.023522,0.147857
-0.089408,0.079991,-0.069003,-0.006616,0.029128,0.365267,0.170987,0.690187,0.244042,0.304738,-0.513417,0.021930,0.567755,-0.402958,-0.136563,-0.076171,-0.020751,-0.087240,0.023076,-0.194399,-0.007753,0.011779,0.089803,0.062392,0.029371,-0.047377,-0.050284,-0.059105,-0.063107,0.090945,0.066120,0.034515,0.045572,0.035552,0.074391,0.049715,-0.037607,0.055283,0.153424,0.353882,0.446171,1.000000,0.215406,0.244672,0.046038,0.357610,0.547622,0.539307,0.306440,0.045140,0.046448,0.079802,0.084061,0.294013,-0.042937,-0.014127,0.069893,0.064943,-0.026641,0.072142,0.045972,0.000010,-0.036419,0.030186,0.068256,0.053436,0.018722,0.126931
-0.013768,0.021475,-0.013920,0.019211,0.036678,0.095774,0.060926,0.091496,0.287573,0.134183,-0.069884,0.004096,0.035449,-0.088715,-0.043200,-0.052279,-0.012842,0.009105,0.026574,-0.099465,0.018029,-0.009797,0.053000,-0.013068,-0.013028,-0.079949,-0.084919,-0.011119,0.030397,0.032859,0.000290,0.047171,0.004489,0.032985,0.016787,-0.000139,-0.012869,0.087770,0.095838,0.464454,0.237072,0.215406,1.000000,0.462282,-0.095911,0.042737,0.025700,-0.022089,-0.063791,0.079836,0.100726,0.107334,0.153637,-0.025815,0.012393,0.031505,0.092642,0.045369,0.030018,-0.001546,0.028825,-0.014301,0.071597,0.181925,0.071055,0.050925,0.022085,0.122813
-0.006922,0.029819,0.060872,0.033196,0.054602,0.113801,0.080025,0.242343,0.215856,0.397180,0.020184,0.011099,0.192654,0.086855,0.030288,0.010493,0.013783,-0.004816,0.034762,0.029379,-0.003812,-0.014650,0.031043,0.015921,0.000468,-0.028040,-0.041255,-0.020452,0.009955,0.054131,-0.028701,0.028632,0.024415,0.013672,0.078825,0.063325,0.055176,0.062316,0.170312,0.087611,0.206741,0.244672,0.462282,1.000000,0.170364,0.038802,0.066444,0.216181,0.090126,0.177267,0.084822,0.114783,0.112949,0.132349,-0.002156,0.038573,0.066146,0.043020,0.000330,-0.048661,0.060010,0.041541,0.040806,0.193786,0.056174,0.036116,-0.009662,0.247906
0.101332,0.047626,0.094203,0.013897,0.030890,-0.046273,-0.079184,0.088420,-0.015473,0.297092,0.384548,-0.017395,0.206892,0.549300,0.305555,0.063041,0.039976,0.100759,0.106169,0.395397,-0.008604,-0.050827,-0.113210,-0.015504,-0.034471,0.085093,0.015280,-0.043944,-0.021451,0.035101,0.060513,-0.134038,0.060409,0.016926,-0.032238,0.024468,0.086910,-0.060421,0.001649,-0.148729,0.129638,0.046038,-0.095911,0.170364,1.000000,-0.019302,0.013311,0.552292,0.350307,0.062636,-0.088294,0.042646,-0.032931,0.447243,-0.069575,-0.011623,-0.043100,0.020444,0.028378,0.065771,0.044283,0.083878,0.023017,0.005714,-0.020129,-0.054597,0.092624,-0.025134
0.054534,0.156620,-0.059941,0.150687,-0.111981,0.106570,0.003691,0.038488,0.062884,0.057539,-0.208704,0.165842,0.208910,-0.227819,-0.036568,0.001070,-0.044509,-0.031958,-0.050562,-0.121946,-0.014085,0.016710,0.062333,-0.000812,0.027594,-0.019740,-0.024281,-0.062129,0.065505,-0.002989,0.075813,0.086443,-0.040349,0.010089,-0.018707,0.047580,-0.114608,0.268388,0.046304,0.054113,0.114514,0.357610,0.042737,0.038802,-0.019302,1.000000,0.697478,0.170100,0.172281,-0.023428,-0.042824,-0.051337,-0.012514,0.126777,0.010070,-0.003299,-0.059569,0.008008,-0.007105,0.011049,-0.025380,-0.004455,0.024415,0.051490,0.038619,-0.035050,0.049062,0.135213
-0.017298,0.121344,-0.044947,0.107237,-0.051650,0.156599,0.036477,0.146648,0.051503,0.048205,-0.395316,0.132038,0.351001,-0.382859,-0.142178,-0.065833,-0.017498,-0.055944,-0.024859,-0.206516,-0.040569,0.018507,0.062632,0.006277,0.064180,-0.021696,-0.027958,-0.064682,0.005422,0.021970,0.037888,0.026719,0.008809,0.052227,-0.005679,0.083151,-0.105245,0.218213,0.005731,0.049035,0.185625,0.547622,0.025700,0.066444,0.013311,0.697478,1.000000,0.411867,0.260337,-0.028655,-0.056074,-0.022163,0.002465,0.221882,-0.040266,-0.059571,-0.014591,0.010488,-0.092202,0.041124,-0.034445,-0.019054,-0.050464,0.035215,0.007300,-0.002046,0.036278,0.070740
-0.002445,0.042600,-0.033625,0.011886,0.039858,0.125653,0.017927,0.448313,0.078035,0.280611,-0.312272,0.031306,0.511872,-0.079687,-0.019569,0.002789,0.064995,-0.050638,0.064633,-0.041376,-0.064417,-0.030112,-0.087851,0.059317,0.014948,0.040488,0.017605,-0.050181,-0.040451,0.075278,0.067904,-0.074726,0.043474,0.065011,0.049966,0.073264,0.004503,0.001504,0.082031,0.006003,0.296515,0.539307,-0.022089,0.216181,0.552292,0.170100,0.411867,1.000000,0.424978,0.001227,-0.068751,0.005920,0.041801,0.406090,-0.105990,-0.028050,0.050986,0.061448,-0.010554,0.028364,0.016911,0.079883,-0.049406,0.024260,0.022959,-0.025322,0.032468,0.044560
0.009636,0.051677,-0.002818,-0.018011,-0.055620,0.210753,0.048937,0.224186,0.034641,0.125566,-0.106640,0.004239,0.306561,0.002351,0.217229,0.022154,-0.031912,0.061879,0.088524,0.155337,0.013593,-0.039923,0.004674,0.045761,0.157865,0.054474,-0.051147,-0.084852,0.027591,0.089170,0.077731,-0.030696,0.074845,0.044496,0.100150,0.002795,-0.043992,0.014547,0.031113,0.009953,0.280435,0.306440,-0.063791,0.090126,0.350307,0.172281,0.260337,0.424978,1.000000,0.029512,0.067031,0.062305,-0.024225,0.557344,-0.082543,-0.040806,0.006403,-0.056468,-0.092122,0.102768,0.004472,-0.010499,-0.077413,-0.039496,-0.052534,-0.057368,0.076778,0.046635
-0.048534,-0.021245,-0.013673,0.056938,0.054877,0.138165,0.032610,-0.007489,0.067294,0.031394,-0.009984,-0.009956,-0.060050,-0.036370,-0.039686,0.010192,-0.035239,0.047237,0.081324,0.027385,0.015600,0.057131,0.036238,-0.003325,-0.029360,0.010795,-0.041768,-0.055223,-0.046147,-0.006992,0.031597,0.048483,0.060039,-0.033819,-0.097297,-0.040589,0.007836,0.038996,-0.048298,0.052217,-0.023779,0.045140,0.079836,0.177267,0.062636,-0.023428,-0.028655,0.001227,0.029512,1.000000,0.085696,0.025132,0.063594,0.046781,0.003912,0.073736,0.038884,0.050585,0.085519,0.029506,-0.002188,-0.073364,0.077575,0.036584,0.063021,0.057288,-0.074044,0.055706
-0.041741,-0.007269,-0.011117,-0.009345,-0.027973,0.005636,0.027390,-0.007517,0.052542,-0.039189,-0.083874,-0.067921,-0.029537,-0.115002,-0.023800,-0.027783,0.052515,-0.009026,-0.085116,-0.090726,-0.074144,-0.119089,0.075230,-0.056627,0.133469,-0.023673,0.019151,0.058721,-0.041653,0.110465,-0.029353,0.113316,0.015744,-0.023749,0.124784,0.063948,0.003930,0.019269,0.128517,0.189437,-0.038852,0.046448,0.100726,0.084822,-0.088294,-0.042824,-0.056074,-0.068751,0.067031,0.085696,1.000000,0.151253,0.135848,-0.005495,-0.004048,0.012170,0.062877,-0.021070,-0.057180,0.078103,0.087498,-0.024247,-0.065965,0.050433,0.208909,0.210442,-0.002239,0.157359
-0.012478,0.054538,0.058396,0.054762,-0.008365,0.006294,0.002652,0.012508,0.035444,0.104802,0.095839,0.021227,0.043507,0.109365,0.144905,0.104990,0.026450,0.204953,0.097879,0.233389,0.079713,0.046344,0.068389,0.046157,-0.032326,0.031383,0.025857,0.040591,-0.018361,0.099710,-0.097550,0.167298,0.041599,0.025986,0.060937,-0.011224,0.077430,0.058717,0.062288,0.159325,0.023631,0.079802,0.107334,0.114783,0.042646,-0.051337,-0.022163,0.005920,0.062305,0.025132,0.151253,1.000000,0.390380,0.199490,0.129191,0.085682,0.410348,0.070463,-0.017685,0.047310,0.125201,0.049292,-0.042649,0.048779,0.014096,0.125505,-0.072843,0.043142
-0.090468,-0.000324,0.032261,-0.033504,0.052517,0.046381,0.042524,0.024913,0.060044,0.037506,-0.073858,-0.018853,0.041521,-0.059447,-0.086105,-0.005745,0.075438,-0.015680,-0.000689,-0.108575,0.006063,-0.024047,-0.046805,-0.051521,-0.128445,-0.046513,0.016804,0.113428,-0.063012,-0.042432,-0.024915,0.131089,-0.031626,0.031576,0.060585,0.021681,-0.003834,-0.024257,0.129704,0.148631,0.065574,0.084061,0.153637,0.112949,-0.032931,-0.012514,0.002465,0.041801,-0.024225,0.063594,0.135848,0.390380,1.000000,-0.007664,-0.006548,0.006792,0.244561,0.058098,0.079021,-0.040331,0.047854,0.015245,0.038056,0.233119,0.154153,0.119736,0.035855,0.105273
0.032074,0.074426,0.001067,0.028049,0.022077,0.183644,0.038961,0.250176,0.063420,0.221590,0.033785,0.040988,0.360465,0.127782,0.274535,0.071078,0.032517,0.197843,0.120814,0.306771,0.143601,0.129753,0.047682,0.074367,0.036146,0.048479,0.035190,-0.065397,0.045035,0.096561,-0.022955,0.045332,0.084175,0.057319,0.018943,0.025193,0.055106,0.019500,-0.021393,-0.018845,0.195666,0.294013,-0.025815,0.132349,0.447243,0.126777,0.221882,0.406090,0.557344,0.046781,-0.005495,0.199490,-0.007664,1.000000,0.074559,0.080269,0.151535,0.062776,-0.046577,0.150511,-0.067910,0.000719,-0.083655,-0.074152,-0.040266,0.008975,-0.048359,0.016393
0.035194,0.006614,-0.040465,0.003923,-0.003283,0.094221,0.050540,-0.038154,0.038890,0.086288,0.018738,0.015620,-0.061221,-0.012477,0.019522,0.090272,0.076890,0.093374,0.062511,0.063285,0.251964,0.259007,0.022579,0.099231,-0.048171,0.020561,0.037460,-0.057437,0.033289,-0.037812,-0.053803,0.085677,-0.003896,-0.065848,0.013846,0.006979,0.018184,-0.025184,-0.001930,0.071093,-0.012150,-0.042937,0.012393,-0.002156,-0.069575,0.010070,-0.040266,-0.105990,-0.082543,0.003912,-0.004048,0.129191,-0.006548,0.074559,1.000000,0.665291,0.164157,0.262356,0.037657,0.032774,0.011320,0.030011,0.031345,0.021387,0.043793,0.026704,-0.003158,0.013762
0.092184,-0.000878,0.014942,0.029217,0.050601,0.002376,0.078308,-0.001213,0.010362,0.076960,0.055156,0.005739,0.037155,0.047396,0.080661,0.059675,0.100780,0.080879,0.143944,0.084184,0.042079,0.137437,-0.012133,0.113627,-0.011390,0.082241,0.046927,-0.028390,0.055638,0.059496,-0.032567,0.040974,0.005662,-0.022318,-0.017656,-0.005488,0.047970,-0.011021,-0.002549,0.053790,0.020860,-0.014127,0.031505,0.038573,-0.011623,-0.003299,-0.059571,-0.028050,-0.040806,0.073736,0.012170,0.085682,0.006792,0.080269,0.665291,1.000000,0.126790,0.602366,0.124202,0.060594,0.024027,0.055231,0.037016,-0.016187,0.048424,0.011681,-0.013450,0.090769
-0.074549,-0.038643,-0.027919,0.015703,-0.024527,0.115677,0.057237,0.074142,0.086195,0.030834,-0.062341,-0.045596,0.039694,-0.035853,0.031591,0.079973,0.078368,0.159703,0.189242,0.033105,0.127758,0.084154,0.092999,0.041589,0.037490,0.046782,-0.028377,-0.026601,0.079451,0.050238,0.011214,0.155276,-0.018545,0.006218,0.105323,0.052615,0.013536,-0.018027,-0.015000,0.080463,0.055542,0.069893,0.092642,0.066146,-0.043100,-0.059569,-0.014591,0.050986,0.006403,0.038884,0.062877,0.410348,0.244561,0.151535,0.164157,0.126790,1.000000,0.123153,0.040275,0.078810,0.060535,0.011524,-0.115882,0.004828,0.023755,0.100599,0.050851,0.084250
0.020210,-0.034070,0.052195,0.012268,0.050559,-0.022330,0.023447,0.054974,-0.032763,0.043862,0.039712,0.024710,0.132950,0.044354,0.021092,0.009891,0.043971,-0.075415,0.049962,-0.005952,-0.113168,-0.038446,-0.116892,-0.000720,-0.066850,0.053913,0.045531,-0.028448,-0.012662,-0.005723,-0.045165,-0.081448,0.006708,-0.002195,0.014084,0.047271,-0.017600,-0.027539,0.002367,0.090368,0.000305,0.064943,0.045369,0.043020,0.020444,0.008008,0.010488,0.061448,-0.056468,0.050585,-0.021070,0.070463,0.058098,0.062776,0.262356,0.602366,0.123153,1.000000,0.151438,0.096652,-0.000290,0.093552,-0.005525,-0.026990,0.026386,0.015956,0.001696,0.124916
-0.003562,-0.016974,0.016925,-0.022640,0.020533,0.008098,-0.023115,0.007162,0.008512,0.097024,0.092539,0.098352,0.065327,0.105559,-0.015052,-0.041224,-0.010611,-0.045429,0.014849,0.008913,-0.079999,0.005731,0.036957,0.060303,-0.086254,-0.062556,-0.057028,-0.011039,-0.047427,-0.020781,-0.053504,0.039292,-0.029512,-0.072440,0.016900,0.012375,0.020690,-0.023939,0.096076,0.029598,0.031461,-0.026641,0.030018,0.000330,0.028378,-0.007105,-0.092202,-0.010554,-0.092122,0.085519,-0.057180,-0.017685,0.079021,-0.046577,0.037657,0.124202,0.040275,0.151438,1.000000,0.079991,-0.042178,0.056631,0.090008,0.055082,-0.006140,0.019507,-0.016662,0.141063
-0.043915,-0.008955,-0.060819,-0.116885,-0.074889,0.112041,-0.055917,0.053071,0.077622,-0.022672,-0.046661,0.016471,0.142679,-0.030496,0.057266,0.063706,-0.024603,0.033668,0.052215,0.111798,0.009689,-0.023791,-0.007083,-0.037921,-0.018321,0.015913,0.092400,-0.000992,0.110580,0.098328,-0.006263,0.084043,0.016480,-0.005697,0.002695,-0.083834,-0.068956,-0.127547,0.039203,0.000520,0.018333,0.072142,-0.001546,-0.048661,0.065771,0.011049,0.041124,0.028364,0.102768,0.029506,0.078103,0.047310,-0.040331,0.150511,0.032774,0.060594,0.078810,0.096652,0.079991,1.000000,0.174990,0.051135,-0.001122,-0.091815,-0.043969,-0.056349,-0.067128,0.086939
0.054737,0.044251,0.073313,-0.053158,0.009886,0.028620,-0.005215,0.057113,0.060507,0.120223,-0.032828,-0.037210,0.021286,0.001530,0.077448,0.072156,0.086662,-0.011557,-0.012814,0.004235,0.073823,0.061035,0.046976,0.014521,0.009503,0.079438,0.029433,0.040538,-0.046830,0.047974,0.006600,0.042922,0.030303,0.055709,0.088642,-0.010572,-0.055418,-0.028388,0.104904,-0.007897,0.003547,0.045972,0.028825,0.060010,0.044283,-0.025380,-0.034445,0.016911,0.004472,-0.002188,0.087498,0.125201,0.047854,-0.067910,0.011320,0.024027,0.060535,-0.000290,-0.042178,0.174990,1.000000,0.566942,-0.007522,0.059601,0.006877,0.130570,0.132216,0.063502
0.028103,-0.056137,0.027422,-0.066928,0.013500,-0.055429,-0.015769,0.001357,0.005879,0.049114,0.001466,0.008672,0.037218,0.064582,0.093560,0.051112,0.044294,-0.064279,0.000769,0.038007,-0.007748,-0.025969,0.010225,0.005271,-0.096259,0.075694,0.011523,-0.021606,-0.047573,0.016857,-0.011984,-0.030616,-0.024575,0.045817,0.062042,0.058704,0.022784,-0.043820,0.086733,-0.068905,-0.019624,0.000010,-0.014301,0.041541,0.083878,-0.004455,-0.019054,0.079883,-0.010499,-0.073364,-0.024247,0.049292,0.015245,0.000719,0.030011,0.055231,0.011524,0.093552,0.056631,0.051135,0.566942,1.000000,0.020049,0.061938,0.002959,0.144916,0.078537,0.077549
