1.000000,0.970988,0.380988,0.217357,0.916151,0.233068,0.546937,0.078644,0.208213,0.276397,0.076905,0.057106,0.047181,0.031724,0.002774,0.597992,0.678896,0.432166,0.461607,-0.025400,0.140411,0.120906,0.581700,0.126740,0.559261,0.555614,0.562144,0.681422,0.583133,0.601480,0.573647,0.659362,0.192242,0.918657,0.061905,0.049375,0.216644,0.131030,0.066995,0.110516,0.138966,0.080238,0.085407,0.144588,0.096025,0.022582,0.017498,0.046281,0.060094,0.039992,0.069368,0.036144,0.045283,0.051151,0.020079,0.007134,0.040324,0.028139,0.052440,0.074538,0.062321,0.040316,0.067276,0.058766,0.055596,0.067723,0.138750,0.054674
0.970988,1.000000,0.380943,0.187207,0.924335,0.208585,0.605840,0.069336,0.178248,0.250801,0.075271,0.056380,0.042308,0.032639,0.004426,0.586997,0.667746,0.396853,0.412569,-0.027109,0.122314,0.109344,0.584339,0.128468,0.567576,0.528742,0.531764,0.647620,0.575603,0.574839,0.570089,0.658805,0.183070,0.903801,0.047544,0.033151,0.195313,0.107519,0.055138,0.094414,0.144585,0.069225,0.063413,0.126975,0.092991,0.008524,0.022264,0.046975,0.055007,0.016121,0.032839,0.006135,0.007157,0.045859,0.002174,-0.013073,0.010580,0.006089,0.020855,0.052239,0.033530,0.013126,0.039717,0.023062,0.008015,0.035458,0.144788,0.037397
0.380988,0.380943,1.000000,0.708257,0.350458,0.115838,0.200070,0.079420,0.092327,0.170290,0.039715,0.162268,0.052031,0.025628,0.026939,0.268239,0.264498,0.188765,0.186717,0.018125,0.119209,0.116350,0.203284,0.104605,0.150537,0.225043,0.239573,0.305414,0.168425,0.214288,0.163706,0.249202,0.124239,0.363979,0.148129,0.122253,0.718882,0.643552,0.111034,0.122237,0.117960,0.068841,0.126828,0.103331,0.042855,0.359354,0.084485,0.034074,0.047799,0.087867,0.105391,0.076235,0.086552,0.044179,0.043718,0.037970,0.078214,0.040354,0.066554,0.058232,0.071345,0.087156,0.104707,0.111974,0.105142,0.104572,0.067241,0.113154
0.217357,0.187207,0.708257,1.000000,0.213906,0.340077,0.195347,0.305511,0.345286,0.299255,0.141641,0.387670,0.215272,0.136953,0.127938,0.249611,0.231967,0.252394,0.296105,0.140730,0.323358,0.320339,0.191149,0.295654,0.139357,0.225876,0.231438,0.299796,0.167049,0.230902,0.092848,0.189229,0.065763,0.225377,0.363144,0.316618,0.949299,0.974880,0.297787,0.344412,0.313640,0.267482,0.367728,0.244678,0.139921,0.690423,0.212554,0.148224,0.175018,0.232238,0.285576,0.249775,0.298127,0.165885,0.196900,0.197016,0.264522,0.203738,0.259590,0.228459,0.248963,0.284814,0.317372,0.330378,0.313696,0.288550,0.037096,0.308827
0.916151,0.924335,0.350458,0.213906,1.000000,0.254250,0.607738,0.048706,0.214169,0.189451,-0.009680,0.061136,0.000102,-0.048796,-0.086475,0.558185,0.689066,0.409209,0.483175,-0.124841,0.111899,0.098382,0.616480,0.114132,0.595679,0.539542,0.528404,0.648850,0.622130,0.650728,0.550895,0.712055,0.139848,0.970467,0.056318,0.031726,0.209295,0.153045,0.020614,0.070720,0.124651,0.033611,0.028717,0.039903,-0.001172,0.042550,-0.017722,-0.024608,-0.019781,-0.089993,-0.030914,-0.073272,-0.047352,-0.037210,-0.071436,-0.084023,-0.041658,-0.052410,-0.018245,0.014829,0.005142,-0.009243,0.007187,-0.006361,-0.020448,-0.005579,0.149595,0.002328
0.233068,0.208585,0.115838,0.340077,0.254250,1.000000,0.521319,0.830342,0.968255,0.475373,0.372264,0.540027,0.696586,0.390188,0.371336,0.308097,0.343819,0.477578,0.563330,0.353734,0.693583,0.683887,0.401049,0.663816,0.318513,0.437342,0.403730,0.437902,0.350741,0.481908,0.152729,0.530904,0.074110,0.252599,0.595507,0.557545,0.337174,0.340763,0.649796,0.780926,0.733541,0.762493,0.765208,0.326357,0.358919,0.419490,0.465495,0.410616,0.435660,0.390468,0.547688,0.472289,0.588642,0.405196,0.398726,0.399844,0.505643,0.426963,0.517774,0.459751,0.503219,0.546320,0.605178,0.630743,0.628002,0.551754,0.057382,0.593946
0.546937,0.605840,0.200070,0.195347,0.607738,0.521319,1.000000,0.526113,0.515774,0.229810,0.291607,0.358069,0.472611,0.288063,0.243926,0.355460,0.429791,0.250765,0.290898,0.217996,0.396959,0.390550,0.544494,0.426362,0.506802,0.418820,0.390969,0.476426,0.487544,0.481882,0.252880,0.651438,0.141333,0.552169,0.253581,0.245721,0.213499,0.170304,0.385614,0.475645,0.552674,0.501947,0.422107,0.222351,0.296877,0.265006,0.364656,0.296676,0.290512,0.180731,0.244437,0.216946,0.256939,0.269891,0.189415,0.176123,0.212939,0.183794,0.213092,0.229454,0.224531,0.245883,0.298580,0.284513,0.225997,0.252093,0.139259,0.341807
0.078644,0.069336,0.079420,0.305511,0.048706,0.830342,0.526113,1.000000,0.827190,0.410251,0.592083,0.715590,0.942119,0.621398,0.590339,0.183025,0.125038,0.247142,0.263668,0.576013,0.746506,0.747077,0.279289,0.740061,0.215232,0.300380,0.274059,0.291680,0.191108,0.226144,-0.037537,0.311902,0.075218,0.042493,0.687115,0.675234,0.326320,0.305136,0.852932,0.961282,0.934265,0.979701,0.943238,0.485251,0.600172,0.524040,0.703214,0.647306,0.654169,0.605854,0.718633,0.667463,0.747122,0.631049,0.558779,0.556195,0.651912,0.563055,0.640856,0.585823,0.612957,0.669244,0.756086,0.775806,0.743626,0.687968,0.042682,0.800072
0.208213,0.178248,0.092327,0.345286,0.214169,0.968255,0.515774,0.827190,1.000000,0.516373,0.386578,0.530594,0.691300,0.405030,0.386122,0.268139,0.292164,0.468096,0.550198,0.380115,0.681074,0.666165,0.384196,0.643209,0.306162,0.434354,0.405024,0.429620,0.351323,0.466318,0.133640,0.482836,0.071006,0.211089,0.571749,0.536733,0.341462,0.351762,0.638683,0.779762,0.716044,0.763712,0.786021,0.390454,0.376202,0.434205,0.466426,0.421331,0.443625,0.425520,0.553809,0.487930,0.597190,0.417132,0.408349,0.410561,0.503261,0.429199,0.509810,0.461121,0.500892,0.538994,0.596108,0.626143,0.627835,0.543583,0.043148,0.586401
0.276397,0.250801,0.170290,0.299255,0.189451,0.475373,0.229810,0.410251,0.516373,1.000000,0.250328,0.232839,0.300016,0.247685,0.206729,0.498122,0.330689,0.405244,0.320988,0.238395,0.397827,0.378666,0.233352,0.321062,0.209265,0.219831,0.219003,0.263031,0.137875,0.174954,0.237069,0.188989,0.045479,0.162860,0.237182,0.213025,0.271267,0.274381,0.285036,0.403682,0.314018,0.366219,0.501041,0.708878,0.248299,0.233783,0.172581,0.214908,0.217974,0.490241,0.340024,0.301332,0.328089,0.221145,0.193534,0.195712,0.240961,0.181422,0.212390,0.205500,0.221761,0.227514,0.269545,0.311213,0.327497,0.249616,0.049400,0.279118
0.076905,0.075271,0.039715,0.141641,-0.009680,0.372264,0.291607,0.592083,0.386578,0.250328,1.000000,0.512999,0.627523,0.992204,0.953804,0.181212,0.116074,0.140309,0.088153,0.940128,0.578432,0.570124,0.192730,0.589587,0.196087,0.254377,0.240175,0.223430,0.143101,0.087131,0.032694,0.138297,0.040400,-0.020513,0.648054,0.683512,0.197265,0.152486,0.749309,0.638626,0.637970,0.623299,0.636753,0.437023,0.963138,0.359895,0.544274,0.946231,0.945165,0.630728,0.688506,0.791707,0.718527,0.946638,0.829605,0.822800,0.749066,0.794335,0.688612,0.693591,0.668977,0.705596,0.717977,0.696657,0.603201,0.707635,-0.033876,0.724662
0.057106,0.056380,0.162268,0.387670,0.061136,0.540027,0.358069,0.715590,0.530594,0.232839,0.512999,1.000000,0.791987,0.528680,0.496956,0.189581,0.140394,0.177003,0.219436,0.469179,0.642948,0.650983,0.264980,0.644194,0.219378,0.175202,0.159915,0.203236,0.201678,0.199960,-0.005006,0.255578,0.099126,0.065574,0.709672,0.712688,0.460268,0.412056,0.779545,0.766495,0.817681,0.753537,0.710084,0.300994,0.554940,0.735685,0.886026,0.625222,0.624434,0.435161,0.605054,0.585508,0.620348,0.604358,0.526898,0.516007,0.601692,0.528849,0.591362,0.563737,0.558783,0.617474,0.683032,0.673420,0.602700,0.635496,0.039656,0.769162
0.047181,0.042308,0.052031,0.215272,0.000102,0.696586,0.472611,0.942119,0.691300,0.300016,0.627523,0.791987,1.000000,0.661836,0.626604,0.169028,0.096136,0.179592,0.180510,0.600488,0.704507,0.707340,0.246785,0.700499,0.187988,0.242000,0.222289,0.239014,0.159175,0.163309,-0.051514,0.262721,0.095845,0.002215,0.688327,0.693372,0.272889,0.214914,0.882062,0.944255,0.939795,0.976692,0.893581,0.421648,0.648762,0.507495,0.848840,0.716379,0.707483,0.587304,0.711432,0.679054,0.735265,0.684215,0.577391,0.572037,0.657416,0.574821,0.637151,0.591758,0.602473,0.662524,0.754733,0.764364,0.715030,0.688199,0.045141,0.833611
0.031724,0.032639,0.025628,0.136953,-0.048796,0.390188,0.288063,0.621398,0.405030,0.247685,0.992204,0.528680,0.661836,1.000000,0.959948,0.151124,0.077681,0.128501,0.071079,0.944620,0.581278,0.575403,0.157547,0.594278,0.154360,0.238349,0.223800,0.202189,0.101993,0.054345,-0.009280,0.109722,0.035522,-0.059818,0.639913,0.676317,0.192543,0.151799,0.764011,0.661674,0.656164,0.653218,0.656733,0.429497,0.950534,0.368972,0.574305,0.952105,0.942796,0.627709,0.675758,0.776175,0.710729,0.941432,0.811704,0.805638,0.731091,0.774533,0.669120,0.674196,0.650922,0.694343,0.710456,0.692060,0.600016,0.691956,-0.046543,0.732636
0.002774,0.004426,0.026939,0.127938,-0.086475,0.371336,0.243926,0.590339,0.386122,0.206729,0.953804,0.496956,0.626604,0.959948,1.000000,0.120311,0.043085,0.101949,0.049466,0.982071,0.561392,0.561928,0.099328,0.616552,0.099691,0.267563,0.249362,0.194651,0.060105,0.016869,-0.035243,0.061080,0.013381,-0.100410,0.644996,0.683841,0.173300,0.135089,0.746099,0.628021,0.624240,0.620094,0.623272,0.369529,0.920527,0.332789,0.537903,0.921865,0.944575,0.597186,0.668113,0.799085,0.719593,0.942600,0.845171,0.843606,0.756765,0.807605,0.691370,0.683358,0.662894,0.701794,0.709129,0.687927,0.600179,0.708137,-0.053231,0.707729
0.597992,0.586997,0.268239,0.249611,0.558185,0.308097,0.355460,0.183025,0.268139,0.498122,0.181212,0.189581,0.169028,0.151124,0.120311,1.000000,0.874810,0.560575,0.495513,0.117709,0.241192,0.222629,0.455411,0.198732,0.434440,0.368070,0.362931,0.443396,0.379373,0.409680,0.577247,0.439112,0.144454,0.564612,0.216219,0.190241,0.260450,0.204804,0.209099,0.239833,0.232037,0.192133,0.228654,0.221930,0.188963,0.138254,0.139072,0.152255,0.170657,0.214599,0.238173,0.209990,0.218525,0.164633,0.142209,0.143519,0.202476,0.157793,0.197135,0.184587,0.187104,0.191464,0.232436,0.233126,0.220637,0.214364,0.087588,0.213412
0.678896,0.667746,0.264498,0.231967,0.689066,0.343819,0.429791,0.125038,0.292164,0.330689,0.116074,0.140394,0.096136,0.077681,0.043085,0.874810,1.000000,0.611623,0.629157,0.024739,0.184256,0.163414,0.568152,0.158704,0.541177,0.470491,0.456935,0.548776,0.536208,0.605011,0.723634,0.621147,0.157519,0.702049,0.176430,0.147369,0.247663,0.191063,0.139027,0.168362,0.185861,0.121210,0.135958,0.092161,0.120725,0.089482,0.072932,0.087970,0.106899,0.068337,0.145600,0.108963,0.136153,0.093472,0.085320,0.081435,0.134283,0.108565,0.148332,0.144976,0.148790,0.146817,0.172452,0.163903,0.146570,0.157831,0.094041,0.139731
0.432166,0.396853,0.188765,0.252394,0.409209,0.477578,0.250765,0.247142,0.468096,0.405244,0.140309,0.177003,0.179592,0.128501,0.101949,0.560575,0.611623,1.000000,0.861521,0.109367,0.285376,0.267708,0.600339,0.224466,0.493218,0.448338,0.454383,0.520542,0.549827,0.667056,0.539296,0.537837,0.192422,0.426720,0.225693,0.199946,0.258286,0.244461,0.216932,0.270143,0.227046,0.225639,0.265785,0.159646,0.156218,0.167870,0.123762,0.153104,0.161370,0.127255,0.173295,0.162405,0.201715,0.152427,0.124443,0.124826,0.169852,0.137271,0.162408,0.139608,0.158633,0.175671,0.208069,0.217955,0.211581,0.186044,0.073297,0.211745
0.461607,0.412569,0.186717,0.296105,0.483175,0.563330,0.290898,0.263668,0.550198,0.320988,0.088153,0.219436,0.180510,0.071079,0.049466,0.495513,0.629157,0.861521,1.000000,0.032374,0.299406,0.275574,0.663140,0.256730,0.536154,0.532400,0.531284,0.593471,0.671162,0.829670,0.545982,0.622598,0.162176,0.516749,0.294075,0.263320,0.294308,0.292793,0.234154,0.289199,0.259375,0.230522,0.261475,0.066814,0.095916,0.202117,0.128789,0.114873,0.141319,0.022767,0.164063,0.131937,0.204633,0.122125,0.123591,0.120987,0.188090,0.153883,0.202694,0.191657,0.208929,0.221216,0.239420,0.250806,0.240854,0.217646,0.069535,0.228291
-0.025400,-0.027109,0.018125,0.140730,-0.124841,0.353734,0.217996,0.576013,0.380115,0.238395,0.940128,0.469179,0.600488,0.944620,0.982071,0.117709,0.024739,0.109367,0.032374,1.000000,0.581758,0.580582,0.093596,0.612667,0.102267,0.220299,0.202639,0.158546,0.050791,-0.008048,-0.036440,0.022269,0.007103,-0.135534,0.618602,0.655148,0.180605,0.149270,0.717261,0.609547,0.592036,0.600012,0.619746,0.401693,0.909054,0.329150,0.502746,0.895274,0.921446,0.620697,0.670589,0.815048,0.725129,0.926397,0.848740,0.848268,0.754795,0.804629,0.684760,0.673691,0.653803,0.687893,0.695652,0.679382,0.594639,0.699062,-0.068729,0.682017
0.140411,0.122314,0.119209,0.323358,0.111899,0.693583,0.396959,0.746506,0.681074,0.397827,0.578432,0.642948,0.704507,0.581278,0.561392,0.241192,0.184256,0.285376,0.299406,0.581758,1.000000,0.986720,0.317942,0.903386,0.273106,0.198147,0.155182,0.202266,0.244487,0.268102,0.029052,0.347643,0.065554,0.122223,0.708947,0.693318,0.348444,0.324569,0.735762,0.746432,0.735765,0.731803,0.732520,0.418352,0.604287,0.479672,0.571674,0.619050,0.646515,0.551190,0.688166,0.690002,0.727107,0.631906,0.629226,0.620464,0.683868,0.627173,0.671076,0.624477,0.642662,0.679021,0.726719,0.741341,0.678401,0.700913,0.017797,0.718388
0.120906,0.109344,0.116350,0.320339,0.098382,0.683887,0.390550,0.747077,0.666165,0.378666,0.570124,0.650983,0.707340,0.575403,0.561928,0.222629,0.163414,0.267708,0.275574,0.580582,0.986720,1.000000,0.307020,0.934612,0.270358,0.185736,0.138087,0.187237,0.233182,0.249973,0.011342,0.329783,0.063945,0.106998,0.709802,0.694238,0.341518,0.321146,0.734456,0.744698,0.739144,0.732265,0.730535,0.411288,0.596276,0.480368,0.577067,0.614461,0.643301,0.548256,0.681995,0.685933,0.720294,0.627965,0.624989,0.616511,0.678633,0.622671,0.665334,0.619164,0.634434,0.670199,0.720413,0.732065,0.668037,0.693986,0.023215,0.716714
0.581700,0.584339,0.203284,0.191149,0.616480,0.401049,0.544494,0.279289,0.384196,0.233352,0.192730,0.264980,0.246785,0.157547,0.099328,0.455411,0.568152,0.600339,0.663140,0.093596,0.317942,0.307020,1.000000,0.305436,0.930781,0.459552,0.435626,0.564835,0.901405,0.835242,0.561404,0.750476,0.245655,0.623842,0.270919,0.245864,0.201051,0.168262,0.254123,0.310713,0.348634,0.275836,0.276635,0.168490,0.214787,0.169875,0.205210,0.199049,0.218029,0.107459,0.196194,0.172961,0.191373,0.205919,0.168755,0.152898,0.197528,0.181045,0.204504,0.222404,0.206761,0.208603,0.236920,0.224498,0.189737,0.223706,0.141316,0.240346
0.126740,0.128468,0.104605,0.295654,0.114132,0.663816,0.426362,0.740061,0.643209,0.321062,0.589587,0.644194,0.700499,0.594278,0.616552,0.198732,0.158704,0.224466,0.256730,0.612667,0.903386,0.934612,0.305436,1.000000,0.285507,0.239860,0.181765,0.203409,0.255734,0.260980,0.017916,0.333518,0.056468,0.105224,0.721173,0.707391,0.313504,0.298400,0.736301,0.738866,0.746958,0.726988,0.718338,0.386541,0.612714,0.462098,0.567377,0.630382,0.668145,0.531426,0.667794,0.678455,0.702667,0.650186,0.636996,0.629773,0.679189,0.635566,0.662322,0.615287,0.623085,0.663165,0.716043,0.716985,0.647310,0.690275,0.032878,0.713713
0.559261,0.567576,0.150537,0.139357,0.595679,0.318513,0.506802,0.215232,0.306162,0.209265,0.196087,0.219378,0.187988,0.154360,0.099691,0.434440,0.541177,0.493218,0.536154,0.102267,0.273106,0.270358,0.930781,0.285507,1.000000,0.432007,0.391008,0.523384,0.889776,0.743340,0.537114,0.673561,0.182322,0.593485,0.249604,0.228529,0.141756,0.119851,0.211016,0.255671,0.295041,0.214308,0.228407,0.177262,0.217299,0.126543,0.146007,0.183140,0.205652,0.116779,0.192189,0.182151,0.182576,0.199176,0.174235,0.162672,0.200588,0.188979,0.203242,0.214614,0.197389,0.195255,0.220475,0.201406,0.163030,0.212784,0.140347,0.199902
0.555614,0.528742,0.225043,0.225876,0.539542,0.437342,0.418820,0.300380,0.434354,0.219831,0.254377,0.175202,0.242000,0.238349,0.267563,0.368070,0.470491,0.448338,0.532400,0.220299,0.198147,0.185736,0.459552,0.239860,0.432007,1.000000,0.979894,0.901439,0.484447,0.530124,0.360275,0.489489,0.044018,0.517664,0.259729,0.250431,0.214549,0.204280,0.284144,0.314114,0.301475,0.281814,0.287455,0.116590,0.245444,0.148621,0.155921,0.249512,0.276825,0.091455,0.210471,0.218955,0.239981,0.258812,0.228669,0.224246,0.237150,0.236404,0.240326,0.247081,0.250140,0.256968,0.264107,0.260298,0.244587,0.255076,0.129369,0.247291
0.562144,0.531764,0.239573,0.231438,0.528404,0.403730,0.390969,0.274059,0.405024,0.219003,0.240175,0.159915,0.222289,0.223800,0.249362,0.362931,0.456935,0.454383,0.531284,0.202639,0.155182,0.138087,0.435626,0.181765,0.391008,0.979894,1.000000,0.928373,0.463654,0.517958,0.363235,0.463419,0.045344,0.511140,0.239433,0.232866,0.223910,0.209088,0.272193,0.293596,0.277609,0.259757,0.270553,0.115141,0.235508,0.146195,0.150574,0.238459,0.261752,0.091100,0.201122,0.206420,0.225505,0.246113,0.212780,0.208225,0.220478,0.219586,0.222569,0.233803,0.236019,0.242195,0.247169,0.245005,0.232697,0.240943,0.127223,0.240723
0.681422,0.647620,0.305414,0.299796,0.648850,0.437902,0.476426,0.291680,0.429620,0.263031,0.223430,0.203236,0.239014,0.202189,0.194651,0.443396,0.548776,0.520542,0.593471,0.158546,0.202266,0.187237,0.564835,0.203409,0.523384,0.901439,0.928373,1.000000,0.575210,0.620613,0.451244,0.579578,0.092796,0.649352,0.247155,0.234880,0.289500,0.265517,0.283522,0.316208,0.309121,0.275980,0.285987,0.144594,0.229074,0.183826,0.177369,0.230473,0.243664,0.093744,0.202439,0.193227,0.222672,0.227925,0.179877,0.175129,0.205689,0.194368,0.215194,0.227893,0.232773,0.238333,0.250411,0.247977,0.228499,0.235553,0.145385,0.251320
0.583133,0.575603,0.168425,0.167049,0.622130,0.350741,0.487544,0.191108,0.351323,0.137875,0.143101,0.201678,0.159175,0.101993,0.060105,0.379373,0.536208,0.549827,0.671162,0.050791,0.244487,0.233182,0.901405,0.255734,0.889776,0.484447,0.463654,0.575210,1.000000,0.894398,0.547983,0.729606,0.202661,0.634832,0.242448,0.218311,0.173269,0.145887,0.184873,0.228764,0.264494,0.187048,0.187034,0.099317,0.166071,0.119530,0.135291,0.144615,0.172947,0.028059,0.147488,0.139142,0.148698,0.161505,0.147014,0.132678,0.169582,0.160841,0.179471,0.207573,0.187632,0.179550,0.191991,0.181099,0.149657,0.193872,0.133662,0.184547
0.601480,0.574839,0.214288,0.230902,0.650728,0.481908,0.481882,0.226144,0.466318,0.174954,0.087131,0.199960,0.163309,0.054345,0.016869,0.409680,0.605011,0.667056,0.829670,-0.008048,0.268102,0.249973,0.835242,0.260980,0.743340,0.530124,0.517958,0.620613,0.894398,1.000000,0.594554,0.823176,0.212921,0.673969,0.253869,0.217211,0.229951,0.212239,0.188935,0.252070,0.271603,0.204493,0.205963,0.050483,0.096893,0.146718,0.119369,0.095818,0.126500,-0.015523,0.132434,0.092935,0.144946,0.105446,0.104336,0.093424,0.152469,0.134062,0.174569,0.190289,0.187119,0.181883,0.199107,0.197623,0.178961,0.186186,0.109714,0.179398
0.573647,0.570089,0.163706,0.092848,0.550895,0.152729,0.252880,-0.037537,0.133640,0.237069,0.032694,-0.005006,-0.051514,-0.009280,-0.035243,0.577247,0.723634,0.539296,0.545982,-0.036440,0.029052,0.011342,0.561404,0.017916,0.537114,0.360275,0.363235,0.451244,0.547983,0.594554,1.000000,0.532193,0.126943,0.547506,0.067614,0.047099,0.103972,0.059378,-0.006667,0.015090,0.019914,-0.030952,0.004059,0.056684,0.049201,-0.054328,-0.045030,-0.002295,0.020710,0.016711,0.051042,0.037514,0.028478,0.016893,0.019243,0.011510,0.048356,0.029413,0.050934,0.050782,0.033946,0.023690,0.045075,0.038135,0.022628,0.053955,0.096944,0.013456
0.659362,0.658805,0.249202,0.189229,0.712055,0.530904,0.651438,0.311902,0.482836,0.188989,0.138297,0.255578,0.262721,0.109722,0.061080,0.439112,0.621147,0.537837,0.622598,0.022269,0.347643,0.329783,0.750476,0.333518,0.673561,0.489489,0.463419,0.579578,0.729606,0.823176,0.532193,1.000000,0.251004,0.719001,0.264739,0.228586,0.211234,0.156364,0.250959,0.318462,0.363576,0.295655,0.255517,0.072250,0.146700,0.136093,0.200584,0.148717,0.162760,0.041228,0.176111,0.104791,0.162435,0.137710,0.108599,0.093021,0.157240,0.135951,0.185945,0.192926,0.200923,0.202691,0.225421,0.221467,0.196813,0.205364,0.142363,0.224233
0.192242,0.183070,0.124239,0.065763,0.139848,0.074110,0.141333,0.075218,0.071006,0.045479,0.040400,0.099126,0.095845,0.035522,0.013381,0.144454,0.157519,0.192422,0.162176,0.007103,0.065554,0.063945,0.245655,0.056468,0.182322,0.044018,0.045344,0.092796,0.202661,0.212921,0.126943,0.251004,1.000000,0.154313,0.091156,0.066923,0.082905,0.051681,0.098688,0.089476,0.111168,0.092073,0.072411,0.048954,0.076753,0.066623,0.107370,0.072418,0.069434,0.076547,0.077625,0.059259,0.063320,0.070431,0.058553,0.051884,0.068455,0.061301,0.075071,0.085956,0.075828,0.072548,0.087335,0.066919,0.047344,0.072033,0.040786,0.109610
0.918657,0.903801,0.363979,0.225377,0.970467,0.252599,0.552169,0.042493,0.211089,0.162860,-0.020513,0.065574,0.002215,-0.059818,-0.100410,0.564612,0.702049,0.426720,0.516749,-0.135534,0.122223,0.106998,0.623842,0.105224,0.593485,0.517664,0.511140,0.649352,0.634832,0.673969,0.547506,0.719001,0.154313,1.000000,0.063859,0.041415,0.220371,0.158088,0.029106,0.072272,0.119657,0.034345,0.025160,0.004445,-0.011434,0.044256,-0.010908,-0.031785,-0.023522,-0.095453,-0.012215,-0.062409,-0.026627,-0.041238,-0.064572,-0.075636,-0.025059,-0.039927,0.003985,0.025504,0.023218,0.007934,0.024795,0.014800,0.008238,0.013680,0.138910,0.009604
0.061905,0.047544,0.148129,0.363144,0.056318,0.595507,0.253581,0.687115,0.571749,0.237182,0.648054,0.709672,0.688327,0.639913,0.644996,0.216219,0.176430,0.225693,0.294075,0.618602,0.708947,0.709802,0.270919,0.721173,0.249604,0.259729,0.239433,0.247155,0.242448,0.253869,0.067614,0.264739,0.091156,0.063859,1.000000,0.970540,0.390782,0.380506,0.873802,0.769176,0.779794,0.702489,0.740235,0.277158,0.670369,0.534996,0.604446,0.704144,0.773052,0.582321,0.828369,0.808634,0.843784,0.755316,0.807722,0.809055,0.890704,0.844672,0.890954,0.838550,0.851696,0.901710,0.910730,0.893409,0.817757,0.902775,0.079757,0.894894
0.049375,0.033151,0.122253,0.316618,0.031726,0.557545,0.245721,0.675234,0.536733,0.213025,0.683512,0.712688,0.693372,0.676317,0.683841,0.190241,0.147369,0.199946,0.263320,0.655148,0.693318,0.694238,0.245864,0.707391,0.228529,0.250431,0.232866,0.234880,0.218311,0.217211,0.047099,0.228586,0.066923,0.041415,0.970540,1.000000,0.356449,0.332238,0.883126,0.753724,0.771068,0.697586,0.721938,0.268543,0.710082,0.527777,0.632194,0.744331,0.807655,0.580269,0.818607,0.815900,0.841135,0.791519,0.834087,0.833112,0.897614,0.863723,0.893678,0.850642,0.855859,0.901580,0.907789,0.884096,0.804562,0.902208,0.054320,0.894869
0.216644,0.195313,0.718882,0.949299,0.209295,0.337174,0.213499,0.326320,0.341462,0.271267,0.197265,0.460268,0.272889,0.192543,0.173300,0.260450,0.247663,0.258286,0.294308,0.180605,0.348444,0.341518,0.201051,0.313504,0.141756,0.214549,0.223910,0.289500,0.173269,0.229951,0.103972,0.211234,0.082905,0.220371,0.390782,0.356449,1.000000,0.937238,0.353937,0.377419,0.361745,0.304924,0.389483,0.240483,0.206384,0.731516,0.317274,0.221285,0.237277,0.253254,0.318812,0.285808,0.324462,0.228438,0.237407,0.234627,0.297482,0.239003,0.289586,0.261444,0.277529,0.316702,0.352600,0.361637,0.335747,0.323384,0.037536,0.366551
0.131030,0.107519,0.643552,0.974880,0.153045,0.340763,0.170304,0.305136,0.351762,0.274381,0.152486,0.412056,0.214914,0.151799,0.135089,0.204804,0.191063,0.244461,0.292793,0.149270,0.324569,0.321146,0.168262,0.298400,0.119851,0.204280,0.209088,0.265517,0.145887,0.212239,0.059378,0.156364,0.051681,0.158088,0.380506,0.332238,0.937238,1.000000,0.305428,0.346764,0.322678,0.265243,0.369424,0.219887,0.145138,0.753885,0.229720,0.164194,0.185028,0.206319,0.273065,0.243872,0.291536,0.175558,0.198575,0.199010,0.263420,0.206764,0.256834,0.226939,0.243131,0.285823,0.318474,0.329343,0.305341,0.285025,0.037418,0.317799
0.066995,0.055138,0.111034,0.297787,0.020614,0.649796,0.385614,0.852932,0.638683,0.285036,0.749309,0.779545,0.882062,0.764011,0.746099,0.209099,0.139027,0.216932,0.234154,0.717261,0.735762,0.734456,0.254123,0.736301,0.211016,0.284144,0.272193,0.283522,0.184873,0.188935,-0.006667,0.250959,0.098688,0.029106,0.873802,0.883126,0.353937,0.305428,1.000000,0.915275,0.910604,0.886254,0.878175,0.402327,0.778098,0.568281,0.774549,0.825686,0.846497,0.661528,0.836689,0.819175,0.858294,0.828577,0.767612,0.765178,0.838047,0.774247,0.814555,0.771645,0.779094,0.843940,0.901516,0.894003,0.817469,0.855592,0.056100,0.964044
0.110516,0.094414,0.122237,0.344412,0.070720,0.780926,0.475645,0.961282,0.779762,0.403682,0.638626,0.766495,0.944255,0.661674,0.628021,0.239833,0.168362,0.270143,0.289199,0.609547,0.746432,0.744698,0.310713,0.738866,0.255671,0.314114,0.293596,0.316208,0.228764,0.252070,0.015090,0.318462,0.089476,0.072272,0.769176,0.753724,0.377419,0.346764,0.915275,1.000000,0.953533,0.975879,0.969234,0.488374,0.651645,0.570187,0.754935,0.702956,0.718299,0.644534,0.770591,0.720932,0.793066,0.695681,0.619196,0.614765,0.715871,0.625503,0.703027,0.657663,0.674996,0.733431,0.816825,0.831083,0.784660,0.747141,0.053808,0.869683
0.138966,0.144585,0.117960,0.313640,0.124651,0.733541,0.552674,0.934265,0.716044,0.314018,0.637970,0.817681,0.939795,0.656164,0.624240,0.232037,0.185861,0.227046,0.259375,0.592036,0.735765,0.739144,0.348634,0.746958,0.295041,0.301475,0.277609,0.309121,0.264494,0.271603,0.019914,0.363576,0.111168,0.119657,0.779794,0.771068,0.361745,0.322678,0.910604,0.953533,1.000000,0.949906,0.902775,0.396303,0.654657,0.579570,0.795667,0.712393,0.725900,0.562287,0.729001,0.690789,0.750219,0.698553,0.608419,0.600513,0.698381,0.615927,0.688672,0.651151,0.657242,0.716532,0.800149,0.798455,0.734618,0.734352,0.084637,0.868471
0.080238,0.069225,0.068841,0.267482,0.033611,0.762493,0.501947,0.979701,0.763712,0.366219,0.623299,0.753537,0.976692,0.653218,0.620094,0.192133,0.121210,0.225639,0.230522,0.600012,0.731803,0.732265,0.275836,0.726988,0.214308,0.281814,0.259757,0.275980,0.187048,0.204493,-0.030952,0.295655,0.092073,0.034345,0.702489,0.697586,0.304924,0.265243,0.886254,0.975879,0.949906,1.000000,0.942732,0.470821,0.639324,0.520092,0.777828,0.693149,0.695104,0.621838,0.736148,0.691556,0.761347,0.671851,0.581911,0.577802,0.672302,0.583923,0.657372,0.605703,0.625464,0.682948,0.774390,0.789020,0.748991,0.705242,0.049453,0.834884
0.085407,0.063413,0.126828,0.367728,0.028717,0.765208,0.422107,0.943238,0.786021,0.501041,0.636753,0.710084,0.893581,0.656733,0.623272,0.228654,0.135958,0.265785,0.261475,0.619746,0.732520,0.730535,0.276635,0.718338,0.228407,0.287455,0.270553,0.285987,0.187034,0.205963,0.004059,0.255517,0.072411,0.025160,0.740235,0.721938,0.389483,0.369424,0.878175,0.969234,0.902775,0.942732,1.000000,0.606001,0.650113,0.562807,0.684096,0.682642,0.701607,0.727901,0.796717,0.738546,0.803969,0.685925,0.624322,0.621604,0.714704,0.624381,0.698331,0.651305,0.672795,0.724542,0.800873,0.825962,0.794920,0.739296,0.040555,0.839914
0.144588,0.126975,0.103331,0.244678,0.039903,0.326357,0.222351,0.485251,0.390454,0.708878,0.437023,0.300994,0.421648,0.429497,0.369529,0.221930,0.092161,0.159646,0.066814,0.401693,0.418352,0.411288,0.168490,0.386541,0.177262,0.116590,0.115141,0.144594,0.099317,0.050483,0.056684,0.072250,0.048954,0.004445,0.277158,0.268543,0.240483,0.219887,0.402327,0.488374,0.396303,0.470821,0.606001,1.000000,0.475131,0.279833,0.284883,0.410139,0.386815,0.706544,0.483142,0.434722,0.429033,0.400712,0.317533,0.312397,0.335343,0.280699,0.297063,0.299793,0.306258,0.316125,0.372894,0.402682,0.374089,0.324971,0.031583,0.409707
0.096025,0.092991,0.042855,0.139921,-0.001172,0.358919,0.296877,0.600172,0.376202,0.248299,0.963138,0.554940,0.648762,0.950534,0.920527,0.188963,0.120725,0.156218,0.095916,0.909054,0.604287,0.596276,0.214787,0.612714,0.217299,0.245444,0.235508,0.229074,0.166071,0.096893,0.049201,0.146700,0.076753,-0.011434,0.670369,0.710082,0.206384,0.145138,0.778098,0.651645,0.654657,0.639324,0.650113,0.475131,1.000000,0.388810,0.588784,0.970413,0.957007,0.668591,0.729557,0.825747,0.749215,0.965540,0.846059,0.837919,0.779150,0.810384,0.722446,0.727634,0.702377,0.735400,0.750064,0.723885,0.618412,0.742618,-0.018468,0.766153
0.022582,0.008524,0.359354,0.690423,0.042550,0.419490,0.265006,0.524040,0.434205,0.233783,0.359895,0.735685,0.507495,0.368972,0.332789,0.138254,0.089482,0.167870,0.202117,0.329150,0.479672,0.480368,0.169875,0.462098,0.126543,0.148621,0.146195,0.183826,0.119530,0.146718,-0.054328,0.136093,0.066623,0.044256,0.534996,0.527777,0.731516,0.753885,0.568281,0.570187,0.579570,0.520092,0.562807,0.279833,0.388810,1.000000,0.621439,0.430018,0.428546,0.342210,0.457961,0.434480,0.476830,0.417143,0.372922,0.368351,0.442810,0.371211,0.431415,0.406472,0.414262,0.464019,0.514361,0.516006,0.470261,0.473239,0.015757,0.569965
0.017498,0.022264,0.084485,0.212554,-0.017722,0.465495,0.364656,0.703214,0.466426,0.172581,0.544274,0.886026,0.848840,0.574305,0.537903,0.139072,0.072932,0.123762,0.128789,0.502746,0.571674,0.577067,0.205210,0.567377,0.146007,0.155921,0.150574,0.177369,0.135291,0.119369,-0.045030,0.200584,0.107370,-0.010908,0.604446,0.632194,0.317274,0.229720,0.774549,0.754935,0.795667,0.777828,0.684096,0.284883,0.588784,0.621439,1.000000,0.683305,0.649777,0.435187,0.563623,0.560700,0.581312,0.629384,0.498372,0.485519,0.545344,0.483821,0.522497,0.504879,0.487855,0.542641,0.627978,0.618561,0.548601,0.577221,0.023137,0.750897
0.046281,0.046975,0.034074,0.148224,-0.024608,0.410616,0.296676,0.647306,0.421331,0.214908,0.946231,0.625222,0.716379,0.952105,0.921865,0.152255,0.087970,0.153104,0.114873,0.895274,0.619050,0.614461,0.199049,0.630382,0.183140,0.249512,0.238459,0.230473,0.144615,0.095818,-0.002295,0.148717,0.072418,-0.031785,0.704144,0.744331,0.221285,0.164194,0.825686,0.702956,0.712393,0.693149,0.682642,0.410139,0.970413,0.430018,0.683305,1.000000,0.974485,0.624351,0.706393,0.799301,0.741053,0.973021,0.827401,0.819591,0.765437,0.795725,0.710154,0.711667,0.686122,0.734914,0.755812,0.730404,0.623582,0.735862,-0.030097,0.802771
0.060094,0.055007,0.047799,0.175018,-0.019781,0.435660,0.290512,0.654169,0.443625,0.217974,0.945165,0.624434,0.707483,0.942796,0.944575,0.170657,0.106899,0.161370,0.141319,0.921446,0.646515,0.643301,0.218029,0.668145,0.205652,0.276825,0.261752,0.243664,0.172947,0.126500,0.020710,0.162760,0.069434,-0.023522,0.773052,0.807655,0.237277,0.185028,0.846497,0.718299,0.725900,0.695104,0.701607,0.386815,0.957007,0.428546,0.649777,0.974485,1.000000,0.641496,0.761503,0.862655,0.799676,0.994993,0.900948,0.894262,0.846611,0.875503,0.793943,0.788059,0.759482,0.800789,0.814334,0.786784,0.687230,0.810195,-0.019137,0.828929
0.039992,0.016121,0.087867,0.232238,-0.089993,0.390468,0.180731,0.605854,0.425520,0.490241,0.630728,0.435161,0.587304,0.627709,0.597186,0.214599,0.068337,0.127255,0.022767,0.620697,0.551190,0.548256,0.107459,0.531426,0.116779,0.091455,0.091100,0.093744,0.028059,-0.015523,0.016711,0.041228,0.076547,-0.095453,0.582321,0.580269,0.253254,0.206319,0.661528,0.644534,0.562287,0.621838,0.727901,0.706544,0.668591,0.342210,0.435187,0.624351,0.641496,1.000000,0.838061,0.757733,0.757667,0.650260,0.634104,0.641175,0.691886,0.625270,0.657920,0.587508,0.622120,0.655018,0.696952,0.719881,0.689784,0.680017,-0.001144,0.682086
0.069368,0.032839,0.105391,0.285576,-0.030914,0.547688,0.244437,0.718633,0.553809,0.340024,0.688506,0.605054,0.711432,0.675758,0.668113,0.238173,0.145600,0.173295,0.164063,0.670589,0.688166,0.681995,0.196194,0.667794,0.192189,0.210471,0.201122,0.202439,0.147488,0.132434,0.051042,0.176111,0.077625,-0.012215,0.828369,0.818607,0.318812,0.273065,0.836689,0.770591,0.729001,0.736148,0.796717,0.483142,0.729557,0.457961,0.563623,0.706393,0.761503,0.838061,1.000000,0.915234,0.942281,0.757916,0.808183,0.817561,0.911472,0.831500,0.895828,0.809899,0.843192,0.878064,0.920125,0.941328,0.921263,0.927308,0.010564,0.862222
0.036144,0.006135,0.076235,0.249775,-0.073272,0.472289,0.216946,0.667463,0.487930,0.301332,0.791707,0.585508,0.679054,0.776175,0.799085,0.209990,0.108963,0.162405,0.131937,0.815048,0.690002,0.685933,0.172961,0.678455,0.182151,0.218955,0.206420,0.193227,0.139142,0.092935,0.037514,0.104791,0.059259,-0.062409,0.808634,0.815900,0.285808,0.243872,0.819175,0.720932,0.690789,0.691556,0.738546,0.434722,0.825747,0.434480,0.560700,0.799301,0.862655,0.757733,0.915234,1.000000,0.951457,0.865837,0.907226,0.916918,0.951454,0.907174,0.908762,0.833807,0.841757,0.868419,0.904606,0.905779,0.839795,0.931525,-0.024189,0.837580
0.045283,0.007157,0.086552,0.298127,-0.047352,0.588642,0.256939,0.747122,0.597190,0.328089,0.718527,0.620348,0.735265,0.710729,0.719593,0.218525,0.136153,0.201715,0.204633,0.725129,0.727107,0.720294,0.191373,0.702667,0.182576,0.239981,0.225505,0.222672,0.148698,0.144946,0.028478,0.162435,0.063320,-0.026627,0.843784,0.841135,0.324462,0.291536,0.858294,0.793066,0.750219,0.761347,0.803969,0.429033,0.749215,0.476830,0.581312,0.741053,0.799676,0.757667,0.942281,0.951457,1.000000,0.793882,0.848503,0.860643,0.946588,0.870313,0.924593,0.826047,0.857576,0.893558,0.946116,0.962220,0.915809,0.942653,-0.008201,0.862897
0.051151,0.045859,0.044179,0.165885,-0.037210,0.405196,0.269891,0.631049,0.417132,0.221145,0.946638,0.604358,0.684215,0.941432,0.942600,0.164633,0.093472,0.152427,0.122125,0.926397,0.631906,0.627965,0.205919,0.650186,0.199176,0.258812,0.246113,0.227925,0.161505,0.105446,0.016893,0.137710,0.070431,-0.041238,0.755316,0.791519,0.228438,0.175558,0.828577,0.695681,0.698553,0.671851,0.685925,0.400712,0.965540,0.417143,0.629384,0.973021,0.994993,0.650260,0.757916,0.865837,0.793882,1.000000,0.906127,0.898522,0.843414,0.876431,0.788300,0.785185,0.755618,0.793306,0.802580,0.775029,0.674411,0.803272,-0.026280,0.814565
0.020079,0.002174,0.043718,0.196900,-0.071436,0.398726,0.189415,0.558779,0.408349,0.193534,0.829605,0.526898,0.577391,0.811704,0.845171,0.142209,0.085320,0.124443,0.123591,0.848740,0.629226,0.624989,0.168755,0.636996,0.174235,0.228669,0.212780,0.179877,0.147014,0.104336,0.019243,0.108599,0.058553,-0.064572,0.807722,0.834087,0.237407,0.198575,0.767612,0.619196,0.608419,0.581911,0.624322,0.317533,0.846059,0.372922,0.498372,0.827401,0.900948,0.634104,0.808183,0.907226,0.848503,0.906127,1.000000,0.992515,0.933491,0.979491,0.899188,0.879912,0.853009,0.864279,0.847267,0.819034,0.742610,0.887491,-0.019598,0.778565
0.007134,-0.013073,0.037970,0.197016,-0.084023,0.399844,0.176123,0.556195,0.410561,0.195712,0.822800,0.516007,0.572037,0.805638,0.843606,0.143519,0.081435,0.124826,0.120987,0.848268,0.620464,0.616511,0.152898,0.629773,0.162672,0.224246,0.208225,0.175129,0.132678,0.093424,0.011510,0.093021,0.051884,-0.075636,0.809055,0.833112,0.234627,0.199010,0.765178,0.614765,0.600513,0.577802,0.621604,0.312397,0.837919,0.368351,0.485519,0.819591,0.894262,0.641175,0.817561,0.916918,0.860643,0.898522,0.992515,1.000000,0.942666,0.986352,0.906702,0.871888,0.854781,0.870266,0.852853,0.828260,0.753031,0.895324,-0.022384,0.776617
0.040324,0.010580,0.078214,0.264522,-0.041658,0.505643,0.212939,0.651912,0.503261,0.240961,0.749066,0.601692,0.657416,0.731091,0.756765,0.202476,0.134283,0.169852,0.188090,0.754795,0.683868,0.678633,0.197528,0.679189,0.200588,0.237150,0.220478,0.205689,0.169582,0.152469,0.048356,0.157240,0.068455,-0.025059,0.890704,0.897614,0.297482,0.263420,0.838047,0.715871,0.698381,0.672302,0.714704,0.335343,0.779150,0.442810,0.545344,0.765437,0.846611,0.691886,0.911472,0.951454,0.946588,0.843414,0.933491,0.942666,1.000000,0.955641,0.971774,0.893783,0.903302,0.929431,0.948081,0.935453,0.872126,0.968945,0.003029,0.857528
0.028139,0.006089,0.040354,0.203738,-0.052410,0.426963,0.183794,0.563055,0.429199,0.181422,0.794335,0.528849,0.574821,0.774533,0.807605,0.157793,0.108565,0.137271,0.153883,0.804629,0.627173,0.622671,0.181045,0.635566,0.188979,0.236404,0.219586,0.194368,0.160841,0.134062,0.029413,0.135951,0.061301,-0.039927,0.844672,0.863723,0.239003,0.206764,0.774247,0.625503,0.615927,0.583923,0.624381,0.280699,0.810384,0.371211,0.483821,0.795725,0.875503,0.625270,0.831500,0.907174,0.870313,0.876431,0.979491,0.986352,0.955641,1.000000,0.936086,0.893125,0.879966,0.894451,0.878835,0.852474,0.782378,0.917431,-0.013224,0.787678
0.052440,0.020855,0.066554,0.259590,-0.018245,0.517774,0.213092,0.640856,0.509810,0.212390,0.688612,0.591362,0.637151,0.669120,0.691370,0.197135,0.148332,0.162408,0.202694,0.684760,0.671076,0.665334,0.204504,0.662322,0.203242,0.240326,0.222569,0.215194,0.179471,0.174569,0.050934,0.185945,0.075071,0.003985,0.890954,0.893678,0.289586,0.256834,0.814555,0.703027,0.688672,0.657372,0.698331,0.297063,0.722446,0.431415,0.522497,0.710154,0.793943,0.657920,0.895828,0.908762,0.924593,0.788300,0.899188,0.906702,0.971774,0.936086,1.000000,0.916182,0.932644,0.948092,0.944985,0.926838,0.871536,0.960651,0.007459,0.835740
0.074538,0.052239,0.058232,0.228459,0.014829,0.459751,0.229454,0.585823,0.461121,0.205500,0.693591,0.563737,0.591758,0.674196,0.683358,0.184587,0.144976,0.139608,0.191657,0.673691,0.624477,0.619164,0.222404,0.615287,0.214614,0.247081,0.233803,0.227893,0.207573,0.190289,0.050782,0.192926,0.085956,0.025504,0.838550,0.850642,0.261444,0.226939,0.771645,0.657663,0.651151,0.605703,0.651305,0.299793,0.727634,0.406472,0.504879,0.711667,0.788059,0.587508,0.809899,0.833807,0.826047,0.785185,0.879912,0.871888,0.893783,0.893125,0.916182,1.000000,0.968286,0.935936,0.851678,0.828649,0.772734,0.884180,0.017984,0.790568
0.062321,0.033530,0.071345,0.248963,0.005142,0.503219,0.224531,0.612957,0.500892,0.221761,0.668977,0.558783,0.602473,0.650922,0.662894,0.187104,0.148790,0.158633,0.208929,0.653803,0.642662,0.634434,0.206761,0.623085,0.197389,0.250140,0.236019,0.232773,0.187632,0.187119,0.033946,0.200923,0.075828,0.023218,0.851696,0.855859,0.277529,0.243131,0.779094,0.674996,0.657242,0.625464,0.672795,0.306258,0.702377,0.414262,0.487855,0.686122,0.759482,0.622120,0.843192,0.841757,0.857576,0.755618,0.853009,0.854781,0.903302,0.879966,0.932644,0.968286,1.000000,0.975956,0.872430,0.862021,0.815257,0.902548,0.017229,0.794483
0.040316,0.013126,0.087156,0.284814,-0.009243,0.546320,0.245883,0.669244,0.538994,0.227514,0.705596,0.617474,0.662524,0.694343,0.701794,0.191464,0.146817,0.175671,0.221216,0.687893,0.679021,0.670199,0.208603,0.663165,0.195255,0.256968,0.242195,0.238333,0.179550,0.181883,0.023690,0.202691,0.072548,0.007934,0.901710,0.901580,0.316702,0.285823,0.843940,0.733431,0.716532,0.682948,0.724542,0.316125,0.735400,0.464019,0.542641,0.734914,0.800789,0.655018,0.878064,0.868419,0.893558,0.793306,0.864279,0.870266,0.929431,0.894451,0.948092,0.935936,0.975956,1.000000,0.918460,0.909236,0.850587,0.934053,0.025434,0.863016
0.067276,0.039717,0.104707,0.317372,0.007187,0.605178,0.298580,0.756086,0.596108,0.269545,0.717977,0.683032,0.754733,0.710456,0.709129,0.232436,0.172452,0.208069,0.239420,0.695652,0.726719,0.720413,0.236920,0.716043,0.220475,0.264107,0.247169,0.250411,0.191991,0.199107,0.045075,0.225421,0.087335,0.024795,0.910730,0.907789,0.352600,0.318474,0.901516,0.816825,0.800149,0.774390,0.800873,0.372894,0.750064,0.514361,0.627978,0.755812,0.814334,0.696952,0.920125,0.904606,0.946116,0.802580,0.847267,0.852853,0.948081,0.878835,0.944985,0.851678,0.872430,0.918460,1.000000,0.975124,0.902198,0.953711,0.023368,0.911443
0.058766,0.023062,0.111974,0.330378,-0.006361,0.630743,0.284513,0.775806,0.626143,0.311213,0.696657,0.673420,0.764364,0.692060,0.687927,0.233126,0.163903,0.217955,0.250806,0.679382,0.741341,0.732065,0.224498,0.716985,0.201406,0.260298,0.245005,0.247977,0.181099,0.197623,0.038135,0.221467,0.066919,0.014800,0.893409,0.884096,0.361637,0.329343,0.894003,0.831083,0.798455,0.789020,0.825962,0.402682,0.723885,0.516006,0.618561,0.730404,0.786784,0.719881,0.941328,0.905779,0.962220,0.775029,0.819034,0.828260,0.935453,0.852474,0.926838,0.828649,0.862021,0.909236,0.975124,1.000000,0.941101,0.951090,0.017898,0.899606
0.055596,0.008015,0.105142,0.313696,-0.020448,0.628002,0.225997,0.743626,0.627835,0.327497,0.603201,0.602700,0.715030,0.600016,0.600179,0.220637,0.146570,0.211581,0.240854,0.594639,0.678401,0.668037,0.189737,0.647310,0.163030,0.244587,0.232697,0.228499,0.149657,0.178961,0.022628,0.196813,0.047344,0.008238,0.817757,0.804562,0.335747,0.305341,0.817469,0.784660,0.734618,0.748991,0.794920,0.374089,0.618412,0.470261,0.548601,0.623582,0.687230,0.689784,0.921263,0.839795,0.915809,0.674411,0.742610,0.753031,0.872126,0.782378,0.871536,0.772734,0.815257,0.850587,0.902198,0.941101,1.000000,0.903349,0.014132,0.813789
