1.000000,0.805188,0.515007,0.406613,0.553311,0.134918,0.128574,0.156189,0.140026,0.076639,0.149652,0.210899,0.133591,0.122594,0.120514,0.114753,0.164833,-0.066579,0.128373,0.141005,0.383594,0.389715,0.450771,0.376602,0.329326,0.350648,0.404506,0.548065,0.313155,0.397827,0.188737,0.452559,0.353085,0.781784,0.194723,0.202822,0.409825,0.328156,0.219018,0.233259,0.217216,0.191243,0.215440,0.196072,0.091717,0.209365,0.127220,0.043336,0.010552,0.290816,0.267513,0.048863,0.128102,-0.016830,0.257273,0.245680,0.004662,0.272136,0.108339,0.169581,0.256254,0.228445,0.114765,0.206163,0.192421,0.218729,0.216973,0.220732
0.805188,1.000000,0.506363,0.415906,0.630980,0.299225,0.327151,0.269842,0.283869,0.165071,0.294446,0.396146,0.270417,0.279795,0.294960,0.094400,0.123814,-0.020454,0.140129,0.276698,0.368051,0.370543,0.393606,0.390004,0.258230,0.249499,0.228817,0.345829,0.253578,0.339372,0.065724,0.368434,0.279739,0.670121,0.163388,0.207744,0.344748,0.343344,0.285946,0.293352,0.341993,0.275756,0.230308,0.201837,0.242606,0.379045,0.260715,0.206707,0.184135,0.332077,0.308232,0.118861,0.140189,0.147646,0.226247,0.210411,0.012782,0.268207,0.086219,0.260898,0.308310,0.289845,0.044979,0.144295,0.132557,0.234025,0.322002,0.268776
0.515007,0.506363,1.000000,0.793427,0.403215,0.341659,0.371482,0.338826,0.328344,0.211161,0.351398,0.445657,0.320705,0.333049,0.264214,0.009763,0.017407,-0.092761,0.023318,0.230063,0.159379,0.156752,0.192424,0.167891,0.146206,0.136943,0.141619,0.208033,0.164674,0.142203,0.041832,0.108404,0.105397,0.373004,0.352318,0.364348,0.736606,0.716419,0.313268,0.306214,0.408469,0.336893,0.293575,0.310249,0.321560,0.418426,0.327936,0.292464,0.266617,0.385493,0.345847,0.190812,0.182296,0.231614,0.298021,0.296309,0.029371,0.338635,0.069423,0.301721,0.291481,0.274928,0.008221,0.179198,0.204195,0.274719,0.317522,0.271552
0.406613,0.415906,0.793427,1.000000,0.323072,0.380875,0.407356,0.365526,0.353286,0.207473,0.369577,0.562791,0.360517,0.358778,0.300156,0.018327,0.028943,-0.022954,0.066554,0.262826,0.111467,0.105860,0.173040,0.112889,0.113049,0.080843,0.075898,0.137641,0.150414,0.137285,0.043443,0.111516,0.101390,0.279467,0.364090,0.383605,0.775158,0.956251,0.348570,0.320417,0.443609,0.353819,0.304037,0.306363,0.347504,0.537199,0.381301,0.332647,0.309731,0.399087,0.391021,0.255322,0.249427,0.275181,0.314566,0.318906,0.065058,0.339729,0.087287,0.351708,0.336959,0.320239,-0.002861,0.211329,0.227417,0.329871,0.365344,0.310368
0.553311,0.630980,0.403215,0.323072,1.000000,0.576527,0.614390,0.493563,0.548245,0.382912,0.470621,0.558363,0.498434,0.481090,0.513656,0.254090,0.267424,0.153937,0.225528,0.492831,0.551731,0.556638,0.456806,0.573751,0.266543,0.377985,0.342297,0.463988,0.247634,0.384666,0.019196,0.445769,0.251066,0.840595,0.250046,0.292360,0.178773,0.277771,0.449778,0.463790,0.506384,0.471556,0.383750,0.327152,0.428963,0.534727,0.474503,0.423032,0.394579,0.454226,0.446873,0.309543,0.299493,0.353008,0.404434,0.396969,0.125260,0.435499,0.090014,0.422786,0.444955,0.448106,0.074233,0.235854,0.139926,0.390328,0.490789,0.438308
0.134918,0.299225,0.341659,0.380875,0.576527,1.000000,0.945441,0.918742,0.975128,0.672206,0.814773,0.835608,0.924606,0.842381,0.628301,0.103416,0.089816,0.169692,0.155322,0.562250,0.343020,0.333835,0.228700,0.344168,0.161177,0.181909,0.124239,0.169699,0.157683,0.181777,-0.039480,0.104441,0.023735,0.299820,0.369920,0.383049,0.229739,0.393584,0.610108,0.785324,0.750896,0.850439,0.689347,0.579642,0.784624,0.836944,0.875533,0.786650,0.692646,0.692604,0.696907,0.526919,0.467491,0.641506,0.484320,0.488763,0.118779,0.529705,0.189889,0.694814,0.651776,0.653865,0.101758,0.390572,0.262863,0.596738,0.761063,0.575351
0.128574,0.327151,0.371482,0.407356,0.614390,0.945441,1.000000,0.877152,0.894996,0.578200,0.800340,0.880439,0.891279,0.822850,0.664383,0.072957,0.051068,0.130498,0.128597,0.587459,0.328271,0.321926,0.234015,0.343417,0.170733,0.169043,0.093767,0.138041,0.184820,0.194142,-0.085432,0.101946,0.015834,0.295712,0.361878,0.401400,0.211037,0.427108,0.626750,0.724447,0.786558,0.805388,0.616505,0.523980,0.769768,0.865195,0.861350,0.784608,0.718735,0.667809,0.662137,0.537945,0.469553,0.667506,0.492412,0.503684,0.149199,0.553947,0.178471,0.681020,0.621452,0.631153,0.087135,0.352766,0.213879,0.566856,0.735797,0.582981
0.156189,0.269842,0.338826,0.365526,0.493563,0.918742,0.877152,1.000000,0.871050,0.634021,0.729701,0.799917,0.977908,0.755783,0.462159,0.128699,0.124787,0.140323,0.132039,0.405921,0.317324,0.311328,0.235758,0.299600,0.198898,0.200222,0.165340,0.217289,0.176891,0.188746,0.013023,0.103216,0.057562,0.295308,0.360705,0.356945,0.271907,0.394332,0.622435,0.881450,0.796422,0.977444,0.795570,0.708169,0.719558,0.811920,0.940071,0.728024,0.571216,0.748453,0.746809,0.585382,0.528944,0.515636,0.485191,0.493323,0.089517,0.516940,0.162642,0.692197,0.665243,0.665118,0.119981,0.462454,0.313518,0.647160,0.785493,0.604212
0.140026,0.283869,0.328344,0.353286,0.548245,0.975128,0.894996,0.871050,1.000000,0.707787,0.778525,0.765548,0.867034,0.804482,0.620896,0.091876,0.086967,0.197500,0.167209,0.572941,0.351202,0.340624,0.236182,0.353967,0.165899,0.193377,0.140470,0.182602,0.164740,0.184983,-0.037424,0.125838,0.028647,0.302705,0.361219,0.362498,0.229191,0.360391,0.567323,0.764514,0.688236,0.810516,0.691532,0.593065,0.752087,0.774507,0.813109,0.742498,0.662169,0.667091,0.672798,0.496512,0.443813,0.617139,0.454733,0.455790,0.112183,0.497452,0.204642,0.662943,0.636553,0.637410,0.116593,0.389907,0.278737,0.575326,0.723001,0.539056
0.076639,0.165071,0.211161,0.207473,0.382912,0.672206,0.578200,0.634021,0.707787,1.000000,0.485457,0.433966,0.592090,0.515189,0.343089,0.424352,0.342210,0.346048,0.306166,0.322299,0.218175,0.216974,0.131818,0.194369,0.039902,0.139851,0.140799,0.158112,0.006563,0.169204,0.124930,0.127392,0.054135,0.207619,0.215547,0.204555,0.180371,0.214357,0.287984,0.513122,0.369425,0.578412,0.546904,0.643688,0.497148,0.448920,0.531248,0.477860,0.376363,0.466277,0.446436,0.409747,0.321086,0.346056,0.314945,0.312241,0.066669,0.317605,0.153004,0.444222,0.428406,0.410203,0.094838,0.292271,0.206511,0.427766,0.477174,0.293130
0.149652,0.294446,0.351398,0.369577,0.470621,0.814773,0.800340,0.729701,0.778525,0.485457,1.000000,0.755546,0.778835,0.990884,0.721485,0.072633,0.037459,0.093702,0.126806,0.641053,0.349659,0.329140,0.229744,0.348494,0.167300,0.236180,0.165472,0.176894,0.202149,0.186803,-0.057375,0.089742,0.027538,0.237715,0.328568,0.375947,0.239199,0.378433,0.527161,0.592114,0.648131,0.657214,0.480988,0.402653,0.949887,0.803132,0.763141,0.910904,0.833752,0.566213,0.566326,0.432783,0.374339,0.782416,0.424642,0.433180,0.180626,0.509781,0.228253,0.664303,0.561704,0.549814,0.044364,0.273809,0.225015,0.478853,0.678242,0.465046
0.210899,0.396146,0.445657,0.562791,0.558363,0.835608,0.880439,0.799917,0.765548,0.433966,0.755546,1.000000,0.852999,0.758992,0.597834,0.076233,0.077840,0.055819,0.120404,0.518130,0.298323,0.292188,0.230242,0.317293,0.179448,0.133563,0.051425,0.111971,0.203478,0.206952,-0.028524,0.143822,0.069564,0.324689,0.357222,0.432075,0.327393,0.597562,0.664240,0.685984,0.820572,0.750617,0.548385,0.453062,0.718294,0.959085,0.853504,0.724600,0.657049,0.658827,0.675418,0.501116,0.488272,0.606177,0.516816,0.524152,0.176671,0.587100,0.210095,0.669876,0.624468,0.642338,0.101475,0.379921,0.252183,0.586279,0.747638,0.612050
0.133591,0.270417,0.320705,0.360517,0.498434,0.924606,0.891279,0.977908,0.867034,0.592090,0.778835,0.852999,1.000000,0.804256,0.506606,0.143474,0.135725,0.127960,0.144731,0.426634,0.315913,0.308962,0.214459,0.302330,0.174366,0.181497,0.137676,0.190833,0.161432,0.183759,0.010843,0.099881,0.054205,0.282263,0.350495,0.359056,0.250451,0.393349,0.630433,0.857493,0.804527,0.944073,0.750864,0.634189,0.765056,0.861424,0.970852,0.779303,0.630472,0.727205,0.737320,0.579895,0.530756,0.573967,0.489190,0.497922,0.115178,0.531816,0.170433,0.704141,0.656748,0.662922,0.104310,0.443518,0.296829,0.643086,0.793089,0.605224
0.122594,0.279795,0.333049,0.358778,0.481090,0.842381,0.822850,0.755783,0.804482,0.515189,0.990884,0.758992,0.804256,1.000000,0.733227,0.072613,0.030343,0.106501,0.125621,0.642614,0.348540,0.329996,0.210673,0.345715,0.141880,0.211040,0.143146,0.160577,0.170457,0.164731,-0.072858,0.074517,0.013632,0.226945,0.307608,0.349799,0.213699,0.366225,0.524033,0.612242,0.653394,0.678302,0.508284,0.423203,0.942571,0.797174,0.780729,0.919989,0.838850,0.573027,0.574857,0.462627,0.391614,0.784086,0.417536,0.428434,0.172312,0.495549,0.203773,0.658918,0.555992,0.551276,0.029536,0.275779,0.208276,0.487635,0.683590,0.468228
0.120514,0.294960,0.264214,0.300156,0.513656,0.628301,0.664383,0.462159,0.620896,0.343089,0.721485,0.597834,0.506606,0.733227,1.000000,0.021043,0.020370,0.230190,0.214886,0.951746,0.468784,0.453128,0.259429,0.497874,0.135713,0.242130,0.104643,0.104133,0.159297,0.214742,-0.151134,0.196444,0.026128,0.283267,0.324933,0.377063,0.112160,0.300077,0.484298,0.449140,0.543525,0.413461,0.349757,0.242807,0.681872,0.621852,0.502649,0.694946,0.817728,0.407139,0.470963,0.391648,0.387862,0.797761,0.455589,0.471319,0.240139,0.533033,0.219648,0.530053,0.467593,0.498208,0.091145,0.269332,0.191416,0.434121,0.571220,0.428425
0.114753,0.094400,0.009763,0.018327,0.254090,0.103416,0.072957,0.128699,0.091876,0.424352,0.072633,0.076233,0.143474,0.072613,0.021043,1.000000,0.895125,0.487239,0.581250,0.024333,0.167015,0.169255,0.140978,0.096084,0.004978,0.205725,0.263435,0.261155,-0.012485,0.350255,0.464494,0.380488,0.220886,0.256647,0.061702,0.078351,0.110277,0.034401,0.051562,0.100212,0.072267,0.117254,0.078621,0.097900,0.104839,0.101291,0.130331,0.108132,0.059389,0.069208,0.055647,0.102709,0.080886,0.064187,0.241044,0.231572,0.069983,0.221014,-0.023584,0.147302,0.101271,0.080381,-0.008368,0.014928,-0.041131,0.115196,0.142411,0.062544
0.164833,0.123814,0.017407,0.028943,0.267424,0.089816,0.051068,0.124787,0.086967,0.342210,0.037459,0.077840,0.135725,0.030343,0.020370,0.895125,1.000000,0.531425,0.701063,0.043187,0.201895,0.202335,0.211036,0.132696,0.061044,0.221218,0.275533,0.280982,0.068367,0.507516,0.657905,0.536103,0.300347,0.317561,0.081821,0.086526,0.117648,0.044575,0.086575,0.147865,0.111085,0.141277,0.118039,0.097451,0.069343,0.106309,0.127327,0.063388,0.027511,0.076200,0.101361,0.063950,0.095465,0.034795,0.244818,0.228546,0.034633,0.226930,-0.005854,0.164031,0.145115,0.126086,0.042981,0.088059,0.020111,0.152527,0.158334,0.094774
-0.066579,-0.020454,-0.092761,-0.022954,0.153937,0.169692,0.130498,0.140323,0.197500,0.346048,0.093702,0.055819,0.127960,0.106501,0.230190,0.487239,0.531425,1.000000,0.755904,0.318262,0.196498,0.193039,0.207084,0.122896,-0.011113,0.112349,0.117734,0.074962,-0.013965,0.332475,0.221124,0.399716,0.028677,0.091406,0.085909,0.060342,0.004372,0.006678,0.080657,0.154716,0.090304,0.137222,0.151830,0.125031,0.108755,0.074284,0.102494,0.113047,0.139293,0.064324,0.078882,0.166487,0.140335,0.170839,0.158420,0.151346,0.125373,0.145183,0.038896,0.121921,0.126459,0.126051,0.042672,0.066254,-0.004753,0.116638,0.141118,0.085452
0.128373,0.140129,0.023318,0.066554,0.225528,0.155322,0.128597,0.132039,0.167209,0.306166,0.126806,0.120404,0.144731,0.125621,0.214886,0.581250,0.701063,0.755904,1.000000,0.260921,0.242434,0.232106,0.348102,0.178304,0.134682,0.195170,0.207692,0.178917,0.233552,0.678242,0.447960,0.537052,0.249204,0.216929,0.132391,0.139470,0.123869,0.071248,0.162069,0.183133,0.179434,0.143640,0.130046,0.067990,0.139269,0.151370,0.135770,0.140210,0.162766,0.074279,0.125660,0.095763,0.146175,0.187214,0.267679,0.253928,0.069862,0.269073,0.079285,0.185354,0.183654,0.177360,0.039202,0.097901,0.036333,0.167977,0.196220,0.151553
0.141005,0.276698,0.230063,0.262826,0.492831,0.562250,0.587459,0.405921,0.572941,0.322299,0.641053,0.518130,0.426634,0.642614,0.951746,0.024333,0.043187,0.318262,0.260921,1.000000,0.551716,0.530413,0.301190,0.553372,0.151166,0.299914,0.170131,0.146281,0.163426,0.239998,-0.128499,0.260680,0.046877,0.312737,0.325348,0.369522,0.111326,0.270847,0.452543,0.424357,0.490021,0.377114,0.338657,0.243236,0.597862,0.549381,0.424536,0.596676,0.726750,0.384225,0.447972,0.361672,0.371274,0.728306,0.477509,0.488180,0.245106,0.536609,0.225280,0.486289,0.453574,0.475593,0.118072,0.284834,0.220418,0.416907,0.528873,0.405676
0.383594,0.368051,0.159379,0.111467,0.551731,0.343020,0.328271,0.317324,0.351202,0.218175,0.349659,0.298323,0.315913,0.348540,0.468784,0.167015,0.201895,0.196498,0.242434,0.551716,1.000000,0.989709,0.562529,0.943698,0.348657,0.536848,0.470572,0.489363,0.263530,0.378071,0.038617,0.468863,0.355684,0.580872,0.252504,0.278990,0.143673,0.112358,0.331650,0.383788,0.328999,0.339578,0.333824,0.283529,0.308490,0.327026,0.301154,0.301664,0.301322,0.338197,0.354603,0.200122,0.234372,0.285034,0.502095,0.484712,0.081981,0.480856,0.126878,0.351581,0.370533,0.363621,0.136219,0.261539,0.194111,0.306225,0.388247,0.311205
0.389715,0.370543,0.156752,0.105860,0.556638,0.333835,0.321926,0.311328,0.340624,0.216974,0.329140,0.292188,0.308962,0.329996,0.453128,0.169255,0.202335,0.193039,0.232106,0.530413,0.989709,1.000000,0.568716,0.957684,0.345944,0.523012,0.455251,0.487158,0.259500,0.373870,0.028200,0.468716,0.351132,0.589458,0.237582,0.264195,0.132849,0.105606,0.319292,0.373198,0.319784,0.331370,0.329856,0.285127,0.282101,0.313486,0.291683,0.280450,0.277936,0.330434,0.342691,0.186464,0.224915,0.260474,0.492737,0.478410,0.087903,0.470593,0.132674,0.332354,0.355517,0.351597,0.141657,0.255661,0.187199,0.292631,0.365921,0.299725
0.450771,0.393606,0.192424,0.173040,0.456806,0.228700,0.234015,0.235758,0.236182,0.131818,0.229744,0.230242,0.214459,0.210673,0.259429,0.140978,0.211036,0.207084,0.348102,0.301190,0.562529,0.568716,1.000000,0.596674,0.806256,0.506729,0.462897,0.471445,0.729463,0.722567,0.108217,0.528520,0.371267,0.554538,0.147756,0.173211,0.183546,0.155027,0.235935,0.321010,0.249532,0.267737,0.289462,0.251463,0.168732,0.267003,0.211335,0.140310,0.129903,0.303385,0.294335,0.074576,0.148193,0.106347,0.323228,0.316337,0.005637,0.334479,0.132844,0.248662,0.298609,0.274353,0.171011,0.230928,0.181845,0.230276,0.243718,0.225427
0.376602,0.390004,0.167891,0.112889,0.573751,0.344168,0.343417,0.299600,0.353967,0.194369,0.348494,0.317293,0.302330,0.345715,0.497874,0.096084,0.132696,0.122896,0.178304,0.553372,0.943698,0.957684,0.596674,1.000000,0.401333,0.531484,0.413055,0.452872,0.317758,0.377708,-0.046145,0.436536,0.323743,0.585876,0.248815,0.279401,0.100998,0.105181,0.338520,0.374420,0.330095,0.318005,0.326972,0.270119,0.294877,0.336707,0.287734,0.287019,0.297346,0.344970,0.364074,0.177219,0.233255,0.271934,0.448764,0.434488,0.087249,0.448148,0.160766,0.351952,0.377042,0.373357,0.153903,0.263015,0.196179,0.306147,0.374455,0.317934
0.329326,0.258230,0.146206,0.113049,0.266543,0.161177,0.170733,0.198898,0.165899,0.039902,0.167300,0.179448,0.174366,0.141880,0.135713,0.004978,0.061044,-0.011113,0.134682,0.151166,0.348657,0.345944,0.806256,0.401333,1.000000,0.442939,0.393622,0.389253,0.853988,0.596613,0.073631,0.315509,0.293782,0.353595,0.120971,0.149672,0.126315,0.112265,0.195843,0.281817,0.208257,0.239241,0.241816,0.211422,0.108656,0.215096,0.174656,0.071406,0.052041,0.258215,0.255267,0.032264,0.106810,0.028350,0.243576,0.236246,-0.068109,0.269463,0.108309,0.183581,0.247835,0.231435,0.154641,0.215855,0.186615,0.199418,0.198055,0.185637
0.350648,0.249499,0.136943,0.080843,0.377985,0.181909,0.169043,0.200222,0.193377,0.139851,0.236180,0.133563,0.181497,0.211040,0.242130,0.205725,0.221218,0.112349,0.195170,0.299914,0.536848,0.523012,0.506729,0.531484,0.442939,1.000000,0.918653,0.770114,0.302626,0.364708,0.113962,0.401374,0.329034,0.447169,0.182194,0.194995,0.130468,0.084864,0.148849,0.216865,0.152741,0.217112,0.188991,0.152262,0.196716,0.175183,0.169069,0.156493,0.135257,0.187210,0.162455,0.053748,0.053192,0.121938,0.295597,0.279552,0.003187,0.303911,0.029791,0.197344,0.210014,0.181470,0.094091,0.104503,0.100354,0.128559,0.196982,0.136570
0.404506,0.228817,0.141619,0.075898,0.342297,0.124239,0.093767,0.165340,0.140470,0.140799,0.165472,0.051425,0.137676,0.143146,0.104643,0.263435,0.275533,0.117734,0.207692,0.170131,0.470572,0.455251,0.462897,0.413055,0.393622,0.918653,1.000000,0.876339,0.268534,0.368113,0.201964,0.410495,0.379868,0.456121,0.143825,0.144651,0.177581,0.070677,0.095313,0.184122,0.099857,0.185115,0.175616,0.152931,0.129640,0.090734,0.115477,0.091909,0.050800,0.161974,0.129889,0.031934,0.034583,0.041850,0.263706,0.247551,-0.012531,0.259473,-0.005067,0.147624,0.173704,0.138933,0.086723,0.103605,0.095276,0.103909,0.137408,0.096563
0.548065,0.345829,0.208033,0.137641,0.463988,0.169699,0.138041,0.217289,0.182602,0.158112,0.176894,0.111971,0.190833,0.160577,0.104133,0.261155,0.280982,0.074962,0.178917,0.146281,0.489363,0.487158,0.471445,0.452872,0.389253,0.770114,0.876339,1.000000,0.283964,0.388484,0.222738,0.446154,0.394406,0.622336,0.158746,0.153283,0.213268,0.117553,0.157522,0.252061,0.170167,0.242666,0.237767,0.212529,0.133406,0.140524,0.164443,0.101864,0.047526,0.228885,0.208697,0.078667,0.108431,0.029576,0.287318,0.278209,0.016097,0.287044,0.035434,0.170218,0.225878,0.200299,0.124233,0.170978,0.124651,0.178961,0.202771,0.169377
0.313155,0.253578,0.164674,0.150414,0.247634,0.157683,0.184820,0.176891,0.164740,0.006563,0.202149,0.203478,0.161432,0.170457,0.159297,-0.012485,0.068367,-0.013965,0.233552,0.163426,0.263530,0.259500,0.729463,0.317758,0.853988,0.302626,0.268534,0.283964,1.000000,0.742601,0.062903,0.310231,0.314771,0.320415,0.116005,0.153807,0.136852,0.135053,0.225452,0.247093,0.242637,0.213207,0.189811,0.162391,0.151026,0.241582,0.170466,0.111460,0.113272,0.241405,0.230133,0.012219,0.087832,0.098792,0.240373,0.235491,-0.045635,0.279084,0.126476,0.211605,0.265451,0.249064,0.116263,0.172427,0.143158,0.190580,0.204069,0.202816
0.397827,0.339372,0.142203,0.137285,0.384666,0.181777,0.194142,0.188746,0.184983,0.169204,0.186803,0.206952,0.183759,0.164731,0.214742,0.350255,0.507516,0.332475,0.678242,0.239998,0.378071,0.373870,0.722567,0.377708,0.596613,0.364708,0.368113,0.388484,0.742601,1.000000,0.414235,0.670915,0.462147,0.469727,0.127113,0.161902,0.165765,0.119716,0.244676,0.275881,0.271144,0.223759,0.209122,0.153795,0.157159,0.249781,0.186043,0.129857,0.135461,0.218041,0.249262,0.056207,0.156025,0.128344,0.323049,0.311455,0.015628,0.343290,0.121993,0.255409,0.296905,0.280348,0.141086,0.209813,0.141032,0.255043,0.256572,0.232486
0.188737,0.065724,0.041832,0.043443,0.019196,-0.039480,-0.085432,0.013023,-0.037424,0.124930,-0.057375,-0.028524,0.010843,-0.072858,-0.151134,0.464494,0.657905,0.221124,0.447960,-0.128499,0.038617,0.028200,0.108217,-0.046145,0.073631,0.113962,0.201964,0.222738,0.062903,0.414235,1.000000,0.437814,0.239600,0.146948,-0.010600,-0.023502,0.130042,0.047474,-0.012663,0.060012,0.009837,0.040833,0.053253,0.043969,-0.027782,-0.002775,0.012349,-0.051398,-0.095656,0.016406,0.038920,-0.077796,-0.004051,-0.092259,0.085146,0.070510,-0.063234,0.079785,-0.018733,0.052979,0.067937,0.041972,0.056122,0.085356,0.052810,0.084206,0.043210,-0.001643
0.452559,0.368434,0.108404,0.111516,0.445769,0.104441,0.101946,0.103216,0.125838,0.127392,0.089742,0.143822,0.099881,0.074517,0.196444,0.380488,0.536103,0.399716,0.537052,0.260680,0.468863,0.468716,0.528520,0.436536,0.315509,0.401374,0.410495,0.446154,0.310231,0.670915,0.437814,1.000000,0.559338,0.585157,0.135083,0.167417,0.114603,0.093791,0.207327,0.207446,0.193453,0.146445,0.159613,0.104115,0.063968,0.162576,0.102207,0.045723,0.055177,0.139719,0.196720,0.054496,0.163051,0.046195,0.272351,0.258250,0.061458,0.278484,0.057815,0.189322,0.241448,0.233605,0.142092,0.211267,0.124968,0.217372,0.215088,0.197672
0.353085,0.279739,0.105397,0.101390,0.251066,0.023735,0.015834,0.057562,0.028647,0.054135,0.027538,0.069564,0.054205,0.013632,0.026128,0.220886,0.300347,0.028677,0.249204,0.046877,0.355684,0.351132,0.371267,0.323743,0.293782,0.329034,0.379868,0.394406,0.314771,0.462147,0.239600,0.559338,1.000000,0.376871,0.047775,0.086164,0.133553,0.084655,0.130976,0.128371,0.133175,0.091245,0.084726,0.076163,-0.005889,0.082719,0.047356,-0.032742,-0.057504,0.104648,0.123326,-0.067501,0.019116,-0.081326,0.175464,0.155363,-0.050612,0.175818,0.031785,0.134911,0.179291,0.160759,0.083266,0.124161,0.088784,0.117495,0.126356,0.119074
0.781784,0.670121,0.373004,0.279467,0.840595,0.299820,0.295712,0.295308,0.302705,0.207619,0.237715,0.324689,0.282263,0.226945,0.283267,0.256647,0.317561,0.091406,0.216929,0.312737,0.580872,0.589458,0.554538,0.585876,0.353595,0.447169,0.456121,0.622336,0.320415,0.469727,0.146948,0.585157,0.376871,1.000000,0.219020,0.240363,0.243217,0.220290,0.336470,0.373265,0.343655,0.329552,0.329241,0.284636,0.185124,0.319101,0.269170,0.155162,0.123273,0.361994,0.370183,0.164794,0.241492,0.091501,0.366314,0.354371,0.085630,0.372222,0.092141,0.273195,0.359050,0.350265,0.152243,0.277120,0.213684,0.340316,0.342140,0.347887
0.194723,0.163388,0.352318,0.364090,0.250046,0.369920,0.361878,0.360705,0.361219,0.215547,0.328568,0.357222,0.350495,0.307608,0.324933,0.061702,0.081821,0.085909,0.132391,0.325348,0.252504,0.237582,0.147756,0.248815,0.120971,0.182194,0.143825,0.158746,0.116005,0.127113,-0.010600,0.135083,0.047775,0.219020,1.000000,0.938918,0.340674,0.377564,0.610488,0.386750,0.480610,0.360577,0.332198,0.295728,0.304217,0.371447,0.338661,0.275493,0.291056,0.391712,0.482245,0.343339,0.436816,0.285337,0.455598,0.447310,0.207904,0.458373,0.180368,0.456818,0.484170,0.496922,0.182144,0.428319,0.349496,0.474838,0.466632,0.609337
0.202822,0.207744,0.364348,0.383605,0.292360,0.383049,0.401400,0.356945,0.362498,0.204555,0.375947,0.432075,0.359056,0.349799,0.377063,0.078351,0.086526,0.060342,0.139470,0.369522,0.278990,0.264195,0.173211,0.279401,0.149672,0.194995,0.144651,0.153283,0.153807,0.161902,-0.023502,0.167417,0.086164,0.240363,0.938918,1.000000,0.332538,0.390306,0.687680,0.362175,0.553714,0.347171,0.268364,0.255523,0.344699,0.439811,0.353188,0.318088,0.347306,0.394919,0.474638,0.341626,0.420905,0.338718,0.486571,0.485839,0.237029,0.518591,0.201083,0.495941,0.500740,0.525668,0.162750,0.381303,0.291114,0.469804,0.500461,0.657757
0.409825,0.344748,0.736606,0.775158,0.178773,0.229739,0.211037,0.271907,0.229191,0.180371,0.239199,0.327393,0.250451,0.213699,0.112160,0.110277,0.117648,0.004372,0.123869,0.111326,0.143673,0.132849,0.183546,0.100998,0.126315,0.130468,0.177581,0.213268,0.136852,0.165765,0.130042,0.114603,0.133553,0.243217,0.340674,0.332538,1.000000,0.749881,0.202640,0.259546,0.275609,0.284861,0.280995,0.306779,0.229140,0.338418,0.262560,0.200069,0.149902,0.334250,0.308946,0.131533,0.149913,0.130167,0.272781,0.271403,0.019706,0.277994,0.073052,0.230859,0.225279,0.188408,0.038646,0.178816,0.255488,0.231932,0.248569,0.180721
0.328156,0.343344,0.716419,0.956251,0.277771,0.393584,0.427108,0.394332,0.360391,0.214357,0.378433,0.597562,0.393349,0.366225,0.300077,0.034401,0.044575,0.006678,0.071248,0.270847,0.112358,0.105606,0.155027,0.105181,0.112265,0.084864,0.070677,0.117553,0.135053,0.119716,0.047474,0.093791,0.084655,0.220290,0.377564,0.390306,0.749881,1.000000,0.328188,0.332023,0.448975,0.382599,0.311485,0.311615,0.354342,0.583720,0.418028,0.339936,0.312936,0.387704,0.396936,0.262201,0.264901,0.280798,0.321760,0.323757,0.080617,0.338024,0.100203,0.339514,0.321580,0.306398,0.007265,0.226465,0.254625,0.329052,0.382793,0.290591
0.219018,0.285946,0.313268,0.348570,0.449778,0.610108,0.626750,0.622435,0.567323,0.287984,0.527161,0.664240,0.630433,0.524033,0.484298,0.051562,0.086575,0.080657,0.162069,0.452543,0.331650,0.319292,0.235935,0.338520,0.195843,0.148849,0.095313,0.157522,0.225452,0.244676,-0.012663,0.207327,0.130976,0.336470,0.610488,0.687680,0.202640,0.328188,1.000000,0.664040,0.880783,0.631126,0.482058,0.419389,0.492900,0.648320,0.629518,0.494818,0.486776,0.646380,0.692924,0.532555,0.553754,0.466321,0.564443,0.581106,0.264953,0.629475,0.238973,0.716734,0.750612,0.816579,0.162156,0.453146,0.245208,0.704240,0.755435,0.960661
0.233259,0.293352,0.306214,0.320417,0.463790,0.785324,0.724447,0.881450,0.764514,0.513122,0.592114,0.685984,0.857493,0.612242,0.449140,0.100212,0.147865,0.154716,0.183133,0.424357,0.383788,0.373198,0.321010,0.374420,0.281817,0.216865,0.184122,0.252061,0.247093,0.275881,0.060012,0.207446,0.128371,0.373265,0.386750,0.362175,0.259546,0.332023,0.664040,1.000000,0.768674,0.925170,0.923762,0.738642,0.575803,0.707235,0.827775,0.584749,0.475167,0.778446,0.853552,0.602921,0.653342,0.437870,0.551205,0.558045,0.140125,0.573340,0.238011,0.682050,0.732322,0.752477,0.262139,0.650411,0.457937,0.785332,0.810617,0.672547
0.217216,0.341993,0.408469,0.443609,0.506384,0.750896,0.786558,0.796422,0.688236,0.369425,0.648131,0.820572,0.804527,0.653394,0.543525,0.072267,0.111085,0.090304,0.179434,0.490021,0.328999,0.319784,0.249532,0.330095,0.208257,0.152741,0.099857,0.170167,0.242637,0.271144,0.009837,0.193453,0.133175,0.343655,0.480610,0.553714,0.275609,0.448975,0.880783,0.768674,1.000000,0.799334,0.591747,0.509214,0.618629,0.801775,0.799643,0.632076,0.584109,0.697230,0.708921,0.541851,0.532012,0.549339,0.566670,0.579302,0.193028,0.638658,0.205771,0.718721,0.706605,0.758710,0.113352,0.419806,0.232952,0.664644,0.798944,0.831240
0.191243,0.275756,0.336893,0.353819,0.471556,0.850439,0.805388,0.977444,0.810516,0.578412,0.657214,0.750617,0.944073,0.678302,0.413461,0.117254,0.141277,0.137222,0.143640,0.377114,0.339578,0.331370,0.267737,0.318005,0.239241,0.217112,0.185115,0.242666,0.213207,0.223759,0.040833,0.146445,0.091245,0.329552,0.360577,0.347171,0.284861,0.382599,0.631126,0.925170,0.799334,1.000000,0.840478,0.741683,0.662598,0.775690,0.920746,0.669391,0.511000,0.758091,0.771290,0.603052,0.568684,0.460902,0.495965,0.502129,0.090579,0.518890,0.162064,0.680964,0.673969,0.677492,0.143444,0.513847,0.352349,0.680742,0.790535,0.621700
0.215440,0.230308,0.293575,0.304037,0.383750,0.689347,0.616505,0.795570,0.691532,0.546904,0.480988,0.548385,0.750864,0.508284,0.349757,0.078621,0.118039,0.151830,0.130046,0.338657,0.333824,0.329856,0.289462,0.326972,0.241816,0.188991,0.175616,0.237767,0.189811,0.209122,0.053253,0.159613,0.084726,0.329241,0.332198,0.268364,0.280995,0.311485,0.482058,0.923762,0.591747,0.840478,1.000000,0.844574,0.468846,0.559790,0.716365,0.478057,0.359244,0.779319,0.836917,0.609946,0.673421,0.321545,0.487682,0.495609,0.110269,0.482418,0.242363,0.580981,0.655580,0.658392,0.314961,0.709660,0.524183,0.746925,0.673052,0.514361
0.196072,0.201837,0.310249,0.306363,0.327152,0.579642,0.523980,0.708169,0.593065,0.643688,0.402653,0.453062,0.634189,0.423203,0.242807,0.097900,0.097451,0.125031,0.067990,0.243236,0.283529,0.285127,0.251463,0.270119,0.211422,0.152262,0.152931,0.212529,0.162391,0.153795,0.043969,0.104115,0.076163,0.284636,0.295728,0.255523,0.306779,0.311615,0.419389,0.738642,0.509214,0.741683,0.844574,1.000000,0.403893,0.461847,0.603175,0.396556,0.258462,0.759633,0.709236,0.535112,0.519188,0.214988,0.399909,0.409349,0.060931,0.390518,0.213751,0.488967,0.557703,0.550778,0.228801,0.550212,0.448919,0.602547,0.561825,0.457186
0.091717,0.242606,0.321560,0.347504,0.428963,0.784624,0.769768,0.719558,0.752087,0.497148,0.949887,0.718294,0.765056,0.942571,0.681872,0.104839,0.069343,0.108755,0.139269,0.597862,0.308490,0.282101,0.168732,0.294877,0.108656,0.196716,0.129640,0.133406,0.151026,0.157159,-0.027782,0.063968,-0.005889,0.185124,0.304217,0.344699,0.229140,0.354342,0.492900,0.575803,0.618629,0.662598,0.468846,0.403893,1.000000,0.792162,0.786633,0.975532,0.886200,0.527201,0.528016,0.482435,0.386980,0.844321,0.415945,0.425162,0.176153,0.495254,0.186913,0.681814,0.524102,0.510851,0.004715,0.239704,0.172617,0.467370,0.678760,0.437703
0.209365,0.379045,0.418426,0.537199,0.534727,0.836944,0.865195,0.811920,0.774507,0.448920,0.803132,0.959085,0.861424,0.797174,0.621852,0.101291,0.106309,0.074284,0.151370,0.549381,0.327026,0.313486,0.267003,0.336707,0.215096,0.175183,0.090734,0.140524,0.241582,0.249781,-0.002775,0.162576,0.082719,0.319101,0.371447,0.439811,0.338418,0.583720,0.648320,0.707235,0.801775,0.775690,0.559790,0.461847,0.792162,1.000000,0.889719,0.791249,0.720283,0.651877,0.678965,0.530704,0.508196,0.670852,0.543110,0.551704,0.203461,0.618742,0.228134,0.704423,0.628608,0.637263,0.084831,0.378879,0.258784,0.601758,0.789444,0.600409
0.127220,0.260715,0.327936,0.381301,0.474503,0.875533,0.861350,0.940071,0.813109,0.531248,0.763141,0.853504,0.970852,0.780729,0.502649,0.130331,0.127327,0.102494,0.135770,0.424536,0.301154,0.291683,0.211335,0.287734,0.174656,0.169069,0.115477,0.164443,0.170466,0.186043,0.012349,0.102207,0.047356,0.269170,0.338661,0.353188,0.262560,0.418028,0.629518,0.827775,0.799643,0.920746,0.716365,0.603175,0.786633,0.889719,1.000000,0.813524,0.669903,0.707165,0.722760,0.603098,0.549477,0.615674,0.499300,0.512509,0.146073,0.546923,0.173623,0.712438,0.637374,0.645518,0.083353,0.434016,0.278026,0.646385,0.793789,0.606817
0.043336,0.206707,0.292464,0.332647,0.423032,0.786650,0.784608,0.728024,0.742498,0.477860,0.910904,0.724600,0.779303,0.919989,0.694946,0.108132,0.063388,0.113047,0.140210,0.596676,0.301664,0.280450,0.140310,0.287019,0.071406,0.156493,0.091909,0.101864,0.111460,0.129857,-0.051398,0.045723,-0.032742,0.155162,0.275493,0.318088,0.200069,0.339936,0.494818,0.584749,0.632076,0.669391,0.478057,0.396556,0.975532,0.791249,0.813524,1.000000,0.923849,0.513686,0.521442,0.532661,0.418777,0.885028,0.433551,0.450933,0.185255,0.507272,0.144003,0.678229,0.496384,0.497693,-0.030081,0.226204,0.132349,0.471273,0.682225,0.443386
0.010552,0.184135,0.266617,0.309731,0.394579,0.692646,0.718735,0.571216,0.662169,0.376363,0.833752,0.657049,0.630472,0.838850,0.817728,0.059389,0.027511,0.139293,0.162766,0.726750,0.301322,0.277936,0.129903,0.297346,0.052041,0.135257,0.050800,0.047526,0.113272,0.135461,-0.095656,0.055177,-0.057504,0.123273,0.291056,0.347306,0.149902,0.312936,0.486776,0.475167,0.584109,0.511000,0.359244,0.258462,0.886200,0.720283,0.669903,0.923849,1.000000,0.404826,0.446413,0.504025,0.401627,0.983973,0.459001,0.484838,0.238689,0.546212,0.153722,0.639991,0.446731,0.465384,-0.026320,0.185458,0.088835,0.428549,0.627501,0.420727
0.290816,0.332077,0.385493,0.399087,0.454226,0.692604,0.667809,0.748453,0.667091,0.466277,0.566213,0.658827,0.727205,0.573027,0.407139,0.069208,0.076200,0.064324,0.074279,0.384225,0.338197,0.330434,0.303385,0.344970,0.258215,0.187210,0.161974,0.228885,0.241405,0.218041,0.016406,0.139719,0.104648,0.361994,0.391712,0.394919,0.334250,0.387704,0.646380,0.778446,0.697230,0.758091,0.779319,0.759633,0.527201,0.651877,0.707165,0.513686,0.404826,1.000000,0.881325,0.563617,0.574357,0.350958,0.513637,0.531623,0.101969,0.550337,0.264633,0.637731,0.697765,0.699801,0.194757,0.568301,0.434587,0.708095,0.685276,0.659564
0.267513,0.308232,0.345847,0.391021,0.446873,0.696907,0.662137,0.746809,0.672798,0.446436,0.566326,0.675418,0.737320,0.574857,0.470963,0.055647,0.101361,0.078882,0.125660,0.447972,0.354603,0.342691,0.294335,0.364074,0.255267,0.162455,0.129889,0.208697,0.230133,0.249262,0.038920,0.196720,0.123326,0.370183,0.482245,0.474638,0.308946,0.396936,0.692924,0.853552,0.708921,0.771290,0.836917,0.709236,0.528016,0.678965,0.722760,0.521442,0.446413,0.881325,1.000000,0.668866,0.769377,0.403682,0.583730,0.596071,0.194261,0.601106,0.321244,0.697005,0.778094,0.790538,0.298767,0.786603,0.642317,0.883621,0.768933,0.710881
0.048863,0.118861,0.190812,0.255322,0.309543,0.526919,0.537945,0.585382,0.496512,0.409747,0.432783,0.501116,0.579895,0.462627,0.391648,0.102709,0.063950,0.166487,0.095763,0.361672,0.200122,0.186464,0.074576,0.177219,0.032264,0.053748,0.031934,0.078667,0.012219,0.056207,-0.077796,0.054496,-0.067501,0.164794,0.343339,0.341626,0.131533,0.262201,0.532555,0.602921,0.541851,0.603052,0.609946,0.535112,0.482435,0.530704,0.603098,0.532661,0.504025,0.563617,0.668866,1.000000,0.875015,0.485045,0.495876,0.525564,0.385488,0.496232,0.137463,0.595891,0.546393,0.572940,0.089097,0.539202,0.283721,0.753678,0.655955,0.557050
0.128102,0.140189,0.182296,0.249427,0.299493,0.467491,0.469553,0.528944,0.443813,0.321086,0.374339,0.488272,0.530756,0.391614,0.387862,0.080886,0.095465,0.140335,0.146175,0.371274,0.234372,0.224915,0.148193,0.233255,0.106810,0.053192,0.034583,0.108431,0.087832,0.156025,-0.004051,0.163051,0.019116,0.241492,0.436816,0.420905,0.149913,0.264901,0.553754,0.653342,0.532012,0.568684,0.673421,0.519188,0.386980,0.508196,0.549477,0.418777,0.401627,0.574357,0.769377,0.875015,1.000000,0.386688,0.544497,0.565191,0.431136,0.543564,0.272339,0.596232,0.625444,0.647164,0.323986,0.795896,0.497524,0.856415,0.651034,0.584363
-0.016830,0.147646,0.231614,0.275181,0.353008,0.641506,0.667506,0.515636,0.617139,0.346056,0.782416,0.606177,0.573967,0.784086,0.797761,0.064187,0.034795,0.170839,0.187214,0.728306,0.285034,0.260474,0.106347,0.271934,0.028350,0.121938,0.041850,0.029576,0.098792,0.128344,-0.092259,0.046195,-0.081326,0.091501,0.285337,0.338718,0.130167,0.280798,0.466321,0.437870,0.549339,0.460902,0.321545,0.214988,0.844321,0.670852,0.615674,0.885028,0.983973,0.350958,0.403682,0.485045,0.386688,1.000000,0.477439,0.502538,0.264362,0.556087,0.156078,0.599611,0.408649,0.434285,-0.027752,0.166959,0.075547,0.405860,0.593710,0.403861
0.257273,0.226247,0.298021,0.314566,0.404434,0.484320,0.492412,0.485191,0.454733,0.314945,0.424642,0.516816,0.489190,0.417536,0.455589,0.241044,0.244818,0.158420,0.267679,0.477509,0.502095,0.492737,0.323228,0.448764,0.243576,0.295597,0.263706,0.287318,0.240373,0.323049,0.085146,0.272351,0.175464,0.366314,0.455598,0.486571,0.272781,0.321760,0.564443,0.551205,0.566670,0.495965,0.487682,0.399909,0.415945,0.543110,0.499300,0.433551,0.459001,0.513637,0.583730,0.495876,0.544497,0.477439,1.000000,0.985639,0.295590,0.926173,0.270685,0.577672,0.567760,0.578981,0.245196,0.469663,0.293193,0.611226,0.630231,0.558480
0.245680,0.210411,0.296309,0.318906,0.396969,0.488763,0.503684,0.493323,0.455790,0.312241,0.433180,0.524152,0.497922,0.428434,0.471319,0.231572,0.228546,0.151346,0.253928,0.488180,0.484712,0.478410,0.316337,0.434488,0.236246,0.279552,0.247551,0.278209,0.235491,0.311455,0.070510,0.258250,0.155363,0.354371,0.447310,0.485839,0.271403,0.323757,0.581106,0.558045,0.579302,0.502129,0.495609,0.409349,0.425162,0.551704,0.512509,0.450933,0.484838,0.531623,0.596071,0.525564,0.565191,0.502538,0.985639,1.000000,0.322950,0.944366,0.269808,0.590892,0.573578,0.590393,0.236466,0.469989,0.282237,0.627005,0.643717,0.579485
0.004662,0.012782,0.029371,0.065058,0.125260,0.118779,0.149199,0.089517,0.112183,0.066669,0.180626,0.176671,0.115178,0.172312,0.240139,0.069983,0.034633,0.125373,0.069862,0.245106,0.081981,0.087903,0.005637,0.087249,-0.068109,0.003187,-0.012531,0.016097,-0.045635,0.015628,-0.063234,0.061458,-0.050612,0.085630,0.207904,0.237029,0.019706,0.080617,0.264953,0.140125,0.193028,0.090579,0.110269,0.060931,0.176153,0.203461,0.146073,0.185255,0.238689,0.101969,0.194261,0.385488,0.431136,0.264362,0.295590,0.322950,1.000000,0.328687,0.419024,0.290515,0.293284,0.314488,0.222040,0.187083,0.098028,0.351935,0.265127,0.264937
0.272136,0.268207,0.338635,0.339729,0.435499,0.529705,0.553947,0.516940,0.497452,0.317605,0.509781,0.587100,0.531816,0.495549,0.533033,0.221014,0.226930,0.145183,0.269073,0.536609,0.480856,0.470593,0.334479,0.448148,0.269463,0.303911,0.259473,0.287044,0.279084,0.343290,0.079785,0.278484,0.175818,0.372222,0.458373,0.518591,0.277994,0.338024,0.629475,0.573340,0.638658,0.518890,0.482418,0.390518,0.495254,0.618742,0.546923,0.507272,0.546212,0.550337,0.601106,0.496232,0.543564,0.556087,0.926173,0.944366,0.328687,1.000000,0.311007,0.671243,0.635326,0.648446,0.257007,0.449626,0.250782,0.630545,0.690120,0.608367
0.108339,0.086219,0.069423,0.087287,0.090014,0.189889,0.178471,0.162642,0.204642,0.153004,0.228253,0.210095,0.170433,0.203773,0.219648,-0.023584,-0.005854,0.038896,0.079285,0.225280,0.126878,0.132674,0.132844,0.160766,0.108309,0.029791,-0.005067,0.035434,0.126476,0.121993,-0.018733,0.057815,0.031785,0.092141,0.180368,0.201083,0.073052,0.100203,0.238973,0.238011,0.205771,0.162064,0.242363,0.213751,0.186913,0.228134,0.173623,0.144003,0.153722,0.264633,0.321244,0.137463,0.272339,0.156078,0.270685,0.269808,0.419024,0.311007,1.000000,0.329189,0.409794,0.402220,0.559090,0.366450,0.282295,0.294909,0.260262,0.226166
0.169581,0.260898,0.301721,0.351708,0.422786,0.694814,0.681020,0.692197,0.662943,0.444222,0.664303,0.669876,0.704141,0.658918,0.530053,0.147302,0.164031,0.121921,0.185354,0.486289,0.351581,0.332354,0.248662,0.351952,0.183581,0.197344,0.147624,0.170218,0.211605,0.255409,0.052979,0.189322,0.134911,0.273195,0.456818,0.495941,0.230859,0.339514,0.716734,0.682050,0.718721,0.680964,0.580981,0.488967,0.681814,0.704423,0.712438,0.678229,0.639991,0.637731,0.697005,0.595891,0.596232,0.599611,0.577672,0.590892,0.290515,0.671243,0.329189,1.000000,0.905240,0.864172,0.216088,0.476190,0.258956,0.714359,0.786539,0.671606
0.256254,0.308310,0.291481,0.336959,0.444955,0.651776,0.621452,0.665243,0.636553,0.428406,0.561704,0.624468,0.656748,0.555992,0.467593,0.101271,0.145115,0.126459,0.183654,0.453574,0.370533,0.355517,0.298609,0.377042,0.247835,0.210014,0.173704,0.225878,0.265451,0.296905,0.067937,0.241448,0.179291,0.359050,0.484170,0.500740,0.225279,0.321580,0.750612,0.732322,0.706605,0.673969,0.655580,0.557703,0.524102,0.628608,0.637374,0.496384,0.446731,0.697765,0.778094,0.546393,0.625444,0.408649,0.567760,0.573578,0.293284,0.635326,0.409794,0.905240,1.000000,0.969406,0.347307,0.621639,0.409835,0.776161,0.764545,0.731778
0.228445,0.289845,0.274928,0.320239,0.448106,0.653865,0.631153,0.665118,0.637410,0.410203,0.549814,0.642338,0.662922,0.551276,0.498208,0.080381,0.126086,0.126051,0.177360,0.475593,0.363621,0.351597,0.274353,0.373357,0.231435,0.181470,0.138933,0.200299,0.249064,0.280348,0.041972,0.233605,0.160759,0.350265,0.496922,0.525668,0.188408,0.306398,0.816579,0.752477,0.758710,0.677492,0.658392,0.550778,0.510851,0.637263,0.645518,0.497693,0.465384,0.699801,0.790538,0.572940,0.647164,0.434285,0.578981,0.590393,0.314488,0.648446,0.402220,0.864172,0.969406,1.000000,0.338431,0.628241,0.391622,0.801630,0.785909,0.811792
0.114765,0.044979,0.008221,-0.002861,0.074233,0.101758,0.087135,0.119981,0.116593,0.094838,0.044364,0.101475,0.104310,0.029536,0.091145,-0.008368,0.042981,0.042672,0.039202,0.118072,0.136219,0.141657,0.171011,0.153903,0.154641,0.094091,0.086723,0.124233,0.116263,0.141086,0.056122,0.142092,0.083266,0.152243,0.182144,0.162750,0.038646,0.007265,0.162156,0.262139,0.113352,0.143444,0.314961,0.228801,0.004715,0.084831,0.083353,-0.030081,-0.026320,0.194757,0.298767,0.089097,0.323986,-0.027752,0.245196,0.236466,0.222040,0.257007,0.559090,0.216088,0.347307,0.338431,1.000000,0.576099,0.327271,0.280023,0.161258,0.160674
0.206163,0.144295,0.179198,0.211329,0.235854,0.390572,0.352766,0.462454,0.389907,0.292271,0.273809,0.379921,0.443518,0.275779,0.269332,0.014928,0.088059,0.066254,0.097901,0.284834,0.261539,0.255661,0.230928,0.263015,0.215855,0.104503,0.103605,0.170978,0.172427,0.209813,0.085356,0.211267,0.124161,0.277120,0.428319,0.381303,0.178816,0.226465,0.453146,0.650411,0.419806,0.513847,0.709660,0.550212,0.239704,0.378879,0.434016,0.226204,0.185458,0.568301,0.786603,0.539202,0.795896,0.166959,0.469663,0.469989,0.187083,0.449626,0.366450,0.476190,0.621639,0.628241,0.576099,1.000000,0.720347,0.778188,0.515063,0.490813
0.192421,0.132557,0.204195,0.227417,0.139926,0.262863,0.213879,0.313518,0.278737,0.206511,0.225015,0.252183,0.296829,0.208276,0.191416,-0.041131,0.020111,-0.004753,0.036333,0.220418,0.194111,0.187199,0.181845,0.196179,0.186615,0.100354,0.095276,0.124651,0.143158,0.141032,0.052810,0.124968,0.088784,0.213684,0.349496,0.291114,0.255488,0.254625,0.245208,0.457937,0.232952,0.352349,0.524183,0.448919,0.172617,0.258784,0.278026,0.132349,0.088835,0.434587,0.642317,0.283721,0.497524,0.075547,0.293193,0.282237,0.098028,0.250782,0.282295,0.258956,0.409835,0.391622,0.327271,0.720347,1.000000,0.570407,0.325162,0.256878
