1.000000,0.993249,0.966027,0.996230,0.996297,0.996666,0.996613,0.997023,0.996551,0.995778,0.997111,0.997105,0.997443,0.997440,0.996121,0.994476,0.994581,0.995389,0.995799,0.996131,0.994111,0.994937,0.994724,0.994972,0.996144,0.995349,0.993656,0.993025,0.996492,0.996541,0.985072,0.995068,0.323429,0.998140,0.987264,0.983361,0.984841,0.995210,0.979906,0.993234,0.992775,0.995872,0.994734,0.994745,0.996708,0.996946,0.996707,0.996040,0.992319,0.991216,0.993555,0.992985,0.992984,0.994052,0.992049,0.991581,0.988544,0.986443,0.971147,0.974112,0.981925,0.975423,0.981381,0.991004,0.992619,0.991078,0.800404,0.961932
0.993249,1.000000,0.964221,0.990816,0.992055,0.992423,0.992907,0.992700,0.992231,0.990877,0.992934,0.992305,0.992935,0.993430,0.992258,0.990419,0.990571,0.991444,0.991689,0.992366,0.990786,0.991267,0.991540,0.991551,0.991221,0.990575,0.987083,0.986261,0.991276,0.991132,0.979180,0.989730,0.315940,0.992648,0.983176,0.979393,0.981770,0.990839,0.975470,0.989500,0.989088,0.991828,0.990678,0.990293,0.992278,0.992369,0.992297,0.992052,0.988559,0.986326,0.988876,0.989231,0.989584,0.990032,0.988614,0.988231,0.984271,0.983122,0.968608,0.968161,0.976156,0.969498,0.978393,0.987258,0.988444,0.986013,0.794512,0.957175
0.966027,0.964221,1.000000,0.965982,0.963810,0.966398,0.965341,0.967142,0.966224,0.964419,0.966772,0.964461,0.966641,0.966765,0.964945,0.963574,0.963173,0.965087,0.963062,0.966043,0.963228,0.964898,0.962123,0.963804,0.962953,0.961452,0.958121,0.956944,0.962925,0.961883,0.949329,0.962920,0.357635,0.965626,0.958118,0.954363,0.969477,0.966685,0.951187,0.964306,0.965131,0.967299,0.965312,0.965796,0.965701,0.964911,0.965834,0.965778,0.962885,0.960887,0.962151,0.964704,0.963170,0.964869,0.963388,0.963209,0.959258,0.958858,0.939104,0.945124,0.949759,0.945971,0.951460,0.960902,0.962067,0.959221,0.773774,0.934691
0.996230,0.990816,0.965982,1.000000,0.994993,0.996296,0.996248,0.996918,0.996415,0.995707,0.996048,0.997283,0.996719,0.996503,0.995111,0.993642,0.993227,0.994513,0.994910,0.995162,0.994350,0.994601,0.994072,0.993919,0.993899,0.993554,0.990527,0.989600,0.994289,0.994599,0.982754,0.991955,0.314413,0.995763,0.990205,0.986672,0.986773,0.998196,0.983315,0.994481,0.994765,0.996397,0.995173,0.995404,0.996337,0.997389,0.996386,0.995809,0.992049,0.992780,0.994337,0.993882,0.993148,0.993889,0.992978,0.992674,0.988772,0.987336,0.971285,0.977754,0.984847,0.978438,0.981600,0.991253,0.993607,0.992513,0.807572,0.966206
0.996297,0.992055,0.963810,0.994993,1.000000,0.996714,0.996731,0.996780,0.996400,0.995581,0.996535,0.996845,0.997152,0.997053,0.995630,0.994657,0.994145,0.995107,0.996175,0.995749,0.994685,0.994926,0.994840,0.994849,0.995232,0.994307,0.991100,0.990449,0.995497,0.995962,0.982708,0.993938,0.318065,0.997292,0.987026,0.983107,0.984733,0.994211,0.979752,0.993182,0.992429,0.995595,0.994290,0.994295,0.996323,0.996474,0.996147,0.995570,0.991664,0.990828,0.993037,0.992613,0.992266,0.993294,0.991840,0.991131,0.988451,0.985589,0.970198,0.974412,0.981323,0.975263,0.980755,0.990334,0.992621,0.990374,0.801381,0.962111
0.996666,0.992423,0.966398,0.996296,0.996714,1.000000,0.997237,0.998400,0.998354,0.997704,0.997964,0.997818,0.998268,0.998170,0.997069,0.995763,0.995386,0.996228,0.996919,0.997201,0.995930,0.995973,0.995440,0.995809,0.995837,0.994927,0.991548,0.990736,0.996064,0.996130,0.984242,0.993424,0.317097,0.997415,0.989033,0.985824,0.986107,0.995634,0.981911,0.995449,0.994309,0.997565,0.996598,0.996630,0.997907,0.997664,0.997581,0.997344,0.993853,0.993038,0.995220,0.994859,0.994809,0.995531,0.993935,0.993515,0.990697,0.988074,0.973438,0.976793,0.984189,0.978162,0.983409,0.993076,0.994631,0.992497,0.803150,0.964003
0.996613,0.992907,0.965341,0.996248,0.996731,0.997237,1.000000,0.998224,0.997484,0.996714,0.997157,0.997435,0.997879,0.997556,0.996142,0.994708,0.994255,0.995766,0.996309,0.996298,0.995091,0.995568,0.995020,0.994783,0.995285,0.993930,0.990988,0.990320,0.995369,0.995356,0.983669,0.993245,0.319156,0.996898,0.990552,0.986525,0.984529,0.995816,0.983379,0.995655,0.995581,0.997603,0.996518,0.996297,0.997124,0.997549,0.997313,0.996620,0.993320,0.992902,0.995332,0.994945,0.994621,0.994897,0.994033,0.993621,0.990565,0.988132,0.972942,0.977536,0.984656,0.978614,0.982965,0.992550,0.994807,0.993493,0.807724,0.967022
0.997023,0.992700,0.967142,0.996918,0.996780,0.998400,0.998224,1.000000,0.998578,0.998212,0.998327,0.998045,0.999108,0.998731,0.997569,0.995502,0.994727,0.996856,0.996803,0.997799,0.996124,0.996656,0.995534,0.995937,0.995740,0.994874,0.991458,0.990767,0.996090,0.995932,0.983892,0.994016,0.330035,0.997530,0.991028,0.987297,0.985763,0.996648,0.983773,0.996830,0.996123,0.999193,0.998008,0.998005,0.998520,0.998379,0.998607,0.998192,0.995062,0.994320,0.996461,0.996423,0.996162,0.996590,0.995467,0.995241,0.992130,0.989940,0.974401,0.979374,0.986136,0.979989,0.985135,0.994729,0.995833,0.994101,0.803123,0.966063
0.996551,0.992231,0.966224,0.996415,0.996400,0.998354,0.997484,0.998578,1.000000,0.997894,0.998050,0.997670,0.998268,0.998424,0.997139,0.995831,0.994649,0.996678,0.997118,0.997314,0.995808,0.996041,0.995758,0.995617,0.995814,0.994860,0.991125,0.990589,0.995905,0.996144,0.984340,0.993303,0.321757,0.997368,0.989522,0.985771,0.985567,0.995891,0.982030,0.995783,0.994556,0.997991,0.997158,0.997098,0.998098,0.997833,0.997866,0.997501,0.994254,0.993700,0.995798,0.995499,0.995301,0.995929,0.994380,0.993687,0.991334,0.988545,0.973630,0.977853,0.984965,0.978608,0.984377,0.993700,0.995168,0.993004,0.804768,0.964044
0.995778,0.990877,0.964419,0.995707,0.995581,0.997704,0.996714,0.998212,0.997894,1.000000,0.997557,0.996914,0.997797,0.997811,0.996561,0.995598,0.994298,0.996049,0.996543,0.996736,0.995230,0.995795,0.994992,0.995404,0.995163,0.994223,0.990650,0.989992,0.995194,0.995089,0.982936,0.992706,0.320303,0.996593,0.989091,0.985266,0.984132,0.995054,0.982114,0.995380,0.994072,0.997513,0.997045,0.997624,0.997983,0.997181,0.997373,0.997323,0.994096,0.993758,0.995698,0.995866,0.995441,0.995645,0.994245,0.993865,0.991404,0.988460,0.973783,0.978449,0.984882,0.978707,0.984945,0.993844,0.995035,0.992931,0.804652,0.964004
0.997111,0.992934,0.966772,0.996048,0.996535,0.997964,0.997157,0.998327,0.998050,0.997557,1.000000,0.997845,0.998551,0.999389,0.998287,0.996408,0.995539,0.997438,0.997531,0.998106,0.996649,0.996965,0.996562,0.996675,0.996665,0.995715,0.991787,0.991041,0.996356,0.996481,0.984435,0.994767,0.320075,0.997762,0.988005,0.984346,0.985646,0.995468,0.980608,0.994797,0.993760,0.997464,0.996821,0.996749,0.998704,0.998011,0.998261,0.998346,0.995416,0.993171,0.995166,0.995157,0.995143,0.996469,0.994436,0.993846,0.990727,0.988571,0.972698,0.976831,0.983671,0.977237,0.984120,0.993690,0.994748,0.992699,0.803988,0.962079
0.997105,0.992305,0.964461,0.997283,0.996845,0.997818,0.997435,0.998045,0.997670,0.996914,0.997845,1.000000,0.998443,0.998206,0.997117,0.995429,0.995119,0.996443,0.996997,0.997221,0.995675,0.996026,0.996006,0.995751,0.995712,0.995000,0.991590,0.990729,0.995845,0.996229,0.983814,0.993933,0.308841,0.997372,0.989076,0.985020,0.986038,0.996168,0.981783,0.994929,0.994221,0.997080,0.996121,0.996118,0.997635,0.997985,0.997578,0.997156,0.993521,0.992821,0.994889,0.994595,0.994386,0.994958,0.993475,0.992805,0.990371,0.987532,0.972141,0.976860,0.983720,0.977174,0.982870,0.992614,0.994696,0.992337,0.803423,0.964050
0.997443,0.992935,0.966641,0.996719,0.997152,0.998268,0.997879,0.999108,0.998268,0.997797,0.998551,0.998443,1.000000,0.998884,0.997974,0.995787,0.995163,0.997201,0.997170,0.997903,0.996141,0.996662,0.996123,0.996270,0.996272,0.995466,0.992261,0.991511,0.996655,0.996460,0.984029,0.994686,0.324873,0.997892,0.989918,0.985664,0.985483,0.996262,0.982303,0.996235,0.995123,0.998370,0.997590,0.997472,0.998622,0.998383,0.998628,0.998156,0.995080,0.993581,0.995950,0.995829,0.995847,0.996487,0.994974,0.994574,0.991723,0.989557,0.974382,0.977987,0.985096,0.978764,0.985169,0.994473,0.995585,0.993709,0.803112,0.964408
0.997440,0.993430,0.966765,0.996503,0.997053,0.998170,0.997556,0.998731,0.998424,0.997811,0.999389,0.998206,0.998884,1.000000,0.998789,0.996558,0.995855,0.997670,0.997682,0.998633,0.996907,0.997307,0.996909,0.997030,0.996793,0.996317,0.991960,0.991135,0.996622,0.996682,0.984335,0.994992,0.319917,0.998147,0.988362,0.984875,0.986282,0.995877,0.980874,0.995114,0.994091,0.997790,0.997024,0.996865,0.998946,0.998351,0.998601,0.998775,0.995663,0.993171,0.995429,0.995312,0.995410,0.996926,0.994721,0.993995,0.991013,0.988862,0.973192,0.976616,0.983533,0.977131,0.984326,0.993825,0.995142,0.992876,0.803157,0.962302
0.996121,0.992258,0.964945,0.995111,0.995630,0.997069,0.996142,0.997569,0.997139,0.996561,0.998287,0.997117,0.997974,0.998789,1.000000,0.995296,0.994609,0.997631,0.996616,0.998673,0.996795,0.996853,0.995994,0.996343,0.996061,0.995940,0.991575,0.990576,0.995781,0.995344,0.983838,0.994489,0.317030,0.996925,0.986880,0.983540,0.984096,0.994626,0.979449,0.994465,0.993153,0.996661,0.996391,0.996146,0.998235,0.997359,0.998075,0.998514,0.997044,0.992341,0.994941,0.994591,0.995175,0.997665,0.994253,0.993692,0.990910,0.988924,0.973765,0.976176,0.983064,0.976590,0.985489,0.993891,0.994662,0.992209,0.802157,0.960607
0.994476,0.990419,0.963574,0.993642,0.994657,0.995763,0.994708,0.995502,0.995831,0.995598,0.996408,0.995429,0.995787,0.996558,0.995296,1.000000,0.995801,0.994659,0.995608,0.995159,0.994023,0.994559,0.994309,0.994472,0.994242,0.993831,0.989742,0.988700,0.994778,0.995267,0.982429,0.991490,0.304088,0.995926,0.984806,0.981477,0.982895,0.992793,0.978004,0.991450,0.990564,0.994310,0.992976,0.993468,0.996148,0.995480,0.995468,0.995528,0.991632,0.990627,0.992459,0.991921,0.992055,0.993331,0.991016,0.990307,0.987285,0.985144,0.969526,0.973483,0.980608,0.974249,0.979880,0.989611,0.992438,0.989844,0.803855,0.959805
0.994581,0.990571,0.963173,0.993227,0.994145,0.995386,0.994255,0.994727,0.994649,0.994298,0.995539,0.995119,0.995163,0.995855,0.994609,0.995801,1.000000,0.994506,0.995837,0.994505,0.993199,0.993304,0.994092,0.993783,0.994760,0.993766,0.990694,0.988946,0.994748,0.994837,0.985611,0.992391,0.300476,0.995525,0.983670,0.980529,0.981781,0.991975,0.976658,0.990693,0.989738,0.993407,0.992307,0.992267,0.995198,0.994912,0.994523,0.994603,0.990517,0.989350,0.991219,0.990542,0.990847,0.992230,0.990317,0.989466,0.986290,0.984799,0.969023,0.971048,0.979185,0.972939,0.978892,0.988651,0.991316,0.988436,0.802156,0.958162
0.995389,0.991444,0.965087,0.994513,0.995107,0.996228,0.995766,0.996856,0.996678,0.996049,0.997438,0.996443,0.997201,0.997670,0.997631,0.994659,0.994506,1.000000,0.997034,0.997749,0.996560,0.996787,0.996220,0.996457,0.995710,0.994668,0.990408,0.989569,0.995334,0.995137,0.983824,0.994943,0.322755,0.996550,0.986549,0.982687,0.984126,0.993956,0.978838,0.993797,0.992736,0.995874,0.995853,0.995785,0.997120,0.996490,0.996746,0.997123,0.995139,0.991856,0.994101,0.994510,0.994910,0.996430,0.994231,0.993149,0.991301,0.988749,0.973909,0.976608,0.982835,0.976037,0.984954,0.993500,0.994214,0.991842,0.802152,0.959531
0.995799,0.991689,0.963062,0.994910,0.996175,0.996919,0.996309,0.996803,0.997118,0.996543,0.997531,0.996997,0.997170,0.997682,0.996616,0.995608,0.995837,0.997034,1.000000,0.996937,0.995276,0.995676,0.996595,0.995823,0.996065,0.995079,0.991128,0.990508,0.996295,0.996770,0.985326,0.994217,0.309238,0.996910,0.986037,0.982565,0.983904,0.993884,0.978989,0.993175,0.992288,0.995480,0.994982,0.994860,0.997238,0.996834,0.996548,0.996788,0.993051,0.991494,0.993414,0.993374,0.993272,0.994467,0.992372,0.991734,0.988762,0.986391,0.971131,0.974875,0.981557,0.975648,0.981999,0.991893,0.993383,0.991174,0.803393,0.960479
0.996131,0.992366,0.966043,0.995162,0.995749,0.997201,0.996298,0.997799,0.997314,0.996736,0.998106,0.997221,0.997903,0.998633,0.998673,0.995159,0.994505,0.997749,0.996937,1.000000,0.997097,0.997258,0.996314,0.996767,0.996078,0.995460,0.991123,0.990566,0.995833,0.995667,0.983569,0.994582,0.321804,0.997029,0.987195,0.983352,0.984776,0.994910,0.979636,0.994562,0.993380,0.996809,0.996658,0.996336,0.998017,0.997319,0.997830,0.998099,0.995933,0.992481,0.995049,0.995262,0.995576,0.997151,0.994548,0.993859,0.991353,0.989051,0.974250,0.976734,0.983260,0.976743,0.985945,0.994425,0.994974,0.992206,0.800530,0.960526
0.994111,0.990786,0.963228,0.994350,0.994685,0.995930,0.995091,0.996124,0.995808,0.995230,0.996649,0.995675,0.996141,0.996907,0.996795,0.994023,0.993199,0.996560,0.995276,0.997097,1.000000,0.998110,0.995512,0.997157,0.994987,0.994305,0.989565,0.988639,0.994444,0.994203,0.982250,0.992908,0.311258,0.995326,0.985941,0.982472,0.983181,0.993933,0.977749,0.992974,0.991682,0.995121,0.994866,0.994945,0.996254,0.996076,0.996007,0.996182,0.993843,0.991321,0.993715,0.993650,0.994057,0.995253,0.994014,0.992893,0.990073,0.988198,0.974269,0.975720,0.982388,0.975473,0.983739,0.992006,0.993185,0.991275,0.806755,0.959688
0.994937,0.991267,0.964898,0.994601,0.994926,0.995973,0.995568,0.996656,0.996041,0.995795,0.996965,0.996026,0.996662,0.997307,0.996853,0.994559,0.993304,0.996787,0.995676,0.997258,0.998110,1.000000,0.996019,0.998136,0.995476,0.994598,0.990311,0.988988,0.994661,0.994320,0.981532,0.993154,0.316837,0.995868,0.987503,0.983085,0.983149,0.994385,0.979510,0.993624,0.992776,0.995887,0.995382,0.995504,0.996631,0.996350,0.996523,0.996827,0.994477,0.991758,0.994362,0.994865,0.995077,0.995968,0.994969,0.994399,0.991327,0.989630,0.975270,0.977124,0.983703,0.976962,0.984983,0.992961,0.993537,0.992141,0.806524,0.961803
0.994724,0.991540,0.962123,0.994072,0.994840,0.995440,0.995020,0.995534,0.995758,0.994992,0.996562,0.996006,0.996123,0.996909,0.995994,0.994309,0.994092,0.996220,0.996595,0.996314,0.995512,0.996019,1.000000,0.996242,0.996606,0.994899,0.989992,0.989045,0.995360,0.995030,0.982923,0.993413,0.302596,0.995883,0.985473,0.981487,0.983157,0.993464,0.977780,0.991776,0.991113,0.994395,0.993915,0.993799,0.996053,0.995686,0.995844,0.995977,0.992882,0.990419,0.992766,0.992679,0.992860,0.994243,0.992422,0.991400,0.988969,0.986335,0.971489,0.974402,0.981413,0.974463,0.981642,0.990600,0.992043,0.990447,0.804631,0.960286
0.994972,0.991551,0.963804,0.993919,0.994849,0.995809,0.994783,0.995937,0.995617,0.995404,0.996675,0.995751,0.996270,0.997030,0.996343,0.994472,0.993783,0.996457,0.995823,0.996767,0.997157,0.998136,0.996242,1.000000,0.995420,0.995128,0.990370,0.988969,0.994785,0.994401,0.981764,0.993032,0.310634,0.995781,0.985995,0.981907,0.982503,0.993509,0.978250,0.992460,0.991632,0.994870,0.994470,0.994315,0.996182,0.995710,0.995620,0.996180,0.993524,0.990984,0.993250,0.993771,0.993808,0.994911,0.993748,0.992999,0.990393,0.988269,0.974334,0.975105,0.981626,0.974831,0.983036,0.991442,0.992870,0.990957,0.804451,0.960342
0.996144,0.991221,0.962953,0.993899,0.995232,0.995837,0.995285,0.995740,0.995814,0.995163,0.996665,0.995712,0.996272,0.996793,0.996061,0.994242,0.994760,0.995710,0.996065,0.996078,0.994987,0.995476,0.996606,0.995420,1.000000,0.996297,0.993559,0.991898,0.996951,0.995972,0.985365,0.994137,0.309497,0.996752,0.985387,0.981388,0.982902,0.993200,0.977404,0.991742,0.991116,0.994529,0.993747,0.993865,0.996152,0.996000,0.995888,0.995672,0.992638,0.990169,0.992878,0.992311,0.992408,0.993945,0.991933,0.991048,0.988240,0.986282,0.971006,0.974181,0.981361,0.974182,0.981419,0.990443,0.991654,0.989508,0.796859,0.959439
0.995349,0.990575,0.961452,0.993554,0.994307,0.994927,0.993930,0.994874,0.994860,0.994223,0.995715,0.995000,0.995466,0.996317,0.995940,0.993831,0.993766,0.994668,0.995079,0.995460,0.994305,0.994598,0.994899,0.995128,0.996297,1.000000,0.995061,0.992225,0.995820,0.995383,0.984134,0.993404,0.309144,0.996142,0.984108,0.980623,0.981368,0.992564,0.977330,0.991173,0.990059,0.993541,0.992511,0.992581,0.995594,0.995266,0.995221,0.995298,0.991952,0.989377,0.991629,0.990876,0.991082,0.993310,0.990151,0.989792,0.986779,0.984516,0.968772,0.971995,0.980013,0.973085,0.979039,0.989042,0.990979,0.988253,0.799841,0.959324
0.993656,0.987083,0.958121,0.990527,0.991100,0.991548,0.990988,0.991458,0.991125,0.990650,0.991787,0.991590,0.992261,0.991960,0.991575,0.989742,0.990694,0.990408,0.991128,0.991123,0.989565,0.990311,0.989992,0.990370,0.993559,0.995061,1.000000,0.994966,0.994003,0.993349,0.984793,0.991286,0.311804,0.993711,0.982114,0.977664,0.975964,0.989745,0.975124,0.987986,0.987260,0.990258,0.989086,0.989451,0.991696,0.991953,0.991332,0.991200,0.988010,0.986422,0.988403,0.987654,0.987557,0.989156,0.986551,0.986484,0.983459,0.981606,0.967138,0.969487,0.977770,0.970884,0.976810,0.985897,0.987044,0.985623,0.797487,0.957745
0.993025,0.986261,0.956944,0.989600,0.990449,0.990736,0.990320,0.990767,0.990589,0.989992,0.991041,0.990729,0.991511,0.991135,0.990576,0.988700,0.988946,0.989569,0.990508,0.990566,0.988639,0.988988,0.989045,0.988969,0.991898,0.992225,0.994966,1.000000,0.992961,0.992537,0.983134,0.990735,0.314181,0.993005,0.980807,0.976221,0.975448,0.988613,0.973637,0.987503,0.986749,0.989734,0.988561,0.989188,0.991157,0.990891,0.990591,0.990378,0.986925,0.986068,0.988504,0.986574,0.987061,0.988139,0.985894,0.985575,0.983142,0.980497,0.966072,0.969075,0.976648,0.969791,0.976236,0.985965,0.986747,0.984442,0.799717,0.956629
0.996492,0.991276,0.962925,0.994289,0.995497,0.996064,0.995369,0.996090,0.995905,0.995194,0.996356,0.995845,0.996655,0.996622,0.995781,0.994778,0.994748,0.995334,0.996295,0.995833,0.994444,0.994661,0.995360,0.994785,0.996951,0.995820,0.994003,0.992961,1.000000,0.997311,0.986347,0.994253,0.317212,0.997054,0.985211,0.980956,0.982495,0.993736,0.977714,0.992272,0.991361,0.994683,0.993840,0.994149,0.996140,0.996264,0.995945,0.995555,0.992222,0.990196,0.992776,0.992060,0.992101,0.993781,0.991764,0.991019,0.987980,0.986238,0.970500,0.974472,0.981599,0.974829,0.980346,0.990379,0.992009,0.989833,0.798338,0.959010
0.996541,0.991132,0.961883,0.994599,0.995962,0.996130,0.995356,0.995932,0.996144,0.995089,0.996481,0.996229,0.996460,0.996682,0.995344,0.995267,0.994837,0.995137,0.996770,0.995667,0.994203,0.994320,0.995030,0.994401,0.995972,0.995383,0.993349,0.992537,0.997311,1.000000,0.987595,0.994526,0.312422,0.997135,0.985213,0.981150,0.983049,0.993614,0.977890,0.991835,0.991253,0.994665,0.993410,0.993747,0.996178,0.996096,0.995756,0.995438,0.991510,0.990800,0.992855,0.991563,0.991651,0.993134,0.990819,0.989895,0.987217,0.984790,0.970359,0.973877,0.981279,0.975293,0.979937,0.990012,0.991963,0.989806,0.800780,0.959441
0.985072,0.979180,0.949329,0.982754,0.982708,0.984242,0.983669,0.983892,0.984340,0.982936,0.984435,0.983814,0.984029,0.984335,0.983838,0.982429,0.985611,0.983824,0.985326,0.983569,0.982250,0.981532,0.982923,0.981764,0.985365,0.984134,0.984793,0.983134,0.986347,0.987595,1.000000,0.985695,0.311168,0.985780,0.972250,0.969471,0.970857,0.981689,0.964880,0.979482,0.978613,0.982149,0.981607,0.982334,0.984135,0.984299,0.983990,0.983062,0.980054,0.978676,0.981178,0.980307,0.980895,0.981622,0.979303,0.978311,0.978103,0.973708,0.963038,0.961756,0.969938,0.964174,0.970071,0.978960,0.979698,0.978649,0.791141,0.945988
0.995068,0.989730,0.962920,0.991955,0.993938,0.993424,0.993245,0.994016,0.993303,0.992706,0.994767,0.993933,0.994686,0.994992,0.994489,0.991490,0.992391,0.994943,0.994217,0.994582,0.992908,0.993154,0.993413,0.993032,0.994137,0.993404,0.991286,0.990735,0.994253,0.994526,0.985695,1.000000,0.332981,0.995635,0.983338,0.979094,0.980712,0.991343,0.975328,0.989863,0.989324,0.992628,0.991934,0.992068,0.994241,0.994209,0.994079,0.994055,0.991085,0.988017,0.990899,0.990374,0.990464,0.992490,0.990144,0.989318,0.987313,0.984356,0.970081,0.970843,0.978371,0.972386,0.979566,0.988953,0.989565,0.987916,0.797166,0.957445
0.323429,0.315940,0.357635,0.314413,0.318065,0.317097,0.319156,0.330035,0.321757,0.320303,0.320075,0.308841,0.324873,0.319917,0.317030,0.304088,0.300476,0.322755,0.309238,0.321804,0.311258,0.316837,0.302596,0.310634,0.309497,0.309144,0.311804,0.314181,0.317212,0.312422,0.311168,0.332981,1.000000,0.319698,0.321324,0.319645,0.331077,0.320383,0.316414,0.323387,0.326042,0.331939,0.327358,0.327364,0.320849,0.319289,0.324761,0.321764,0.321922,0.316753,0.319319,0.323398,0.324560,0.325407,0.324799,0.327075,0.327707,0.329388,0.311627,0.308159,0.305665,0.302238,0.326465,0.329786,0.316530,0.317293,0.199457,0.301683
0.998140,0.992648,0.965626,0.995763,0.997292,0.997415,0.996898,0.997530,0.997368,0.996593,0.997762,0.997372,0.997892,0.998147,0.996925,0.995926,0.995525,0.996550,0.996910,0.997029,0.995326,0.995868,0.995883,0.995781,0.996752,0.996142,0.993711,0.993005,0.997054,0.997135,0.985780,0.995635,0.319698,1.000000,0.987140,0.982921,0.984604,0.995107,0.979577,0.993698,0.992929,0.996410,0.995343,0.995387,0.997530,0.997220,0.997395,0.996944,0.993391,0.991414,0.993860,0.993625,0.993595,0.994952,0.992625,0.992169,0.989657,0.986673,0.971280,0.974680,0.982354,0.975978,0.982010,0.991919,0.993561,0.991497,0.803275,0.961190
0.987264,0.983176,0.958118,0.990205,0.987026,0.989033,0.990552,0.991028,0.989522,0.989091,0.988005,0.989076,0.989918,0.988362,0.986880,0.984806,0.983670,0.986549,0.986037,0.987195,0.985941,0.987503,0.985473,0.985995,0.985387,0.984108,0.982114,0.980807,0.985211,0.985213,0.972250,0.983338,0.321324,0.987140,1.000000,0.992418,0.974968,0.991323,0.993498,0.993787,0.994723,0.992615,0.990559,0.991169,0.988753,0.990024,0.989457,0.989028,0.986604,0.990744,0.992225,0.991185,0.988481,0.988068,0.989952,0.991194,0.986530,0.987192,0.970909,0.982160,0.988600,0.985535,0.976812,0.987051,0.988918,0.992144,0.809567,0.985866
0.983361,0.979393,0.954363,0.986672,0.983107,0.985824,0.986525,0.987297,0.985771,0.985266,0.984346,0.985020,0.985664,0.984875,0.983540,0.981477,0.980529,0.982687,0.982565,0.983352,0.982472,0.983085,0.981487,0.981907,0.981388,0.980623,0.977664,0.976221,0.980956,0.981150,0.969471,0.979094,0.319645,0.982921,0.992418,1.000000,0.973153,0.986853,0.987765,0.989111,0.990691,0.988613,0.986979,0.986576,0.985235,0.986287,0.985769,0.985079,0.982629,0.986336,0.987831,0.986672,0.984143,0.984537,0.985596,0.985916,0.981792,0.981504,0.963333,0.974975,0.982205,0.977914,0.971040,0.982319,0.984261,0.987536,0.808757,0.977256
0.984841,0.981770,0.969477,0.986773,0.984733,0.986107,0.984529,0.985763,0.985567,0.984132,0.985646,0.986038,0.985483,0.986282,0.984096,0.982895,0.981781,0.984126,0.983904,0.984776,0.983181,0.983149,0.983157,0.982503,0.982902,0.981368,0.975964,0.975448,0.982495,0.983049,0.970857,0.980712,0.331077,0.984604,0.974968,0.973153,1.000000,0.985734,0.965789,0.981660,0.981438,0.985106,0.983250,0.983606,0.985331,0.985450,0.985117,0.984420,0.980922,0.978692,0.981428,0.982207,0.981788,0.982636,0.980889,0.979739,0.976561,0.975273,0.956448,0.964120,0.968916,0.962297,0.971744,0.980056,0.981390,0.978498,0.785434,0.947671
0.995210,0.990839,0.966685,0.998196,0.994211,0.995634,0.995816,0.996648,0.995891,0.995054,0.995468,0.996168,0.996262,0.995877,0.994626,0.992793,0.991975,0.993956,0.993884,0.994910,0.993933,0.994385,0.993464,0.993509,0.993200,0.992564,0.989745,0.988613,0.993736,0.993614,0.981689,0.991343,0.320383,0.995107,0.991323,0.986853,0.985734,1.000000,0.983889,0.994405,0.994843,0.996538,0.995326,0.995469,0.995733,0.997229,0.996166,0.995570,0.992538,0.992755,0.994291,0.994278,0.993356,0.994042,0.993512,0.993257,0.989399,0.988020,0.971668,0.979347,0.985923,0.979918,0.981597,0.991424,0.993491,0.992970,0.805697,0.967505
0.979906,0.975470,0.951187,0.983315,0.979752,0.981911,0.983379,0.983773,0.982030,0.982114,0.980608,0.981783,0.982303,0.980874,0.979449,0.978004,0.976658,0.978838,0.978989,0.979636,0.977749,0.979510,0.977780,0.978250,0.977404,0.977330,0.975124,0.973637,0.977714,0.977890,0.964880,0.975328,0.316414,0.979577,0.993498,0.987765,0.965789,0.983889,1.000000,0.988284,0.989366,0.985610,0.982714,0.983981,0.981209,0.982625,0.981878,0.981772,0.978948,0.985056,0.985540,0.983500,0.979424,0.980565,0.982330,0.983960,0.977245,0.979602,0.961153,0.975741,0.982598,0.980949,0.965628,0.978094,0.981714,0.985494,0.810221,0.990664
0.993234,0.989500,0.964306,0.994481,0.993182,0.995449,0.995655,0.996830,0.995783,0.995380,0.994797,0.994929,0.996235,0.995114,0.994465,0.991450,0.990693,0.993797,0.993175,0.994562,0.992974,0.993624,0.991776,0.992460,0.991742,0.991173,0.987986,0.987503,0.992272,0.991835,0.979482,0.989863,0.323387,0.993698,0.993787,0.989111,0.981660,0.994405,0.988284,1.000000,0.996238,0.997769,0.997110,0.996744,0.995546,0.995570,0.995730,0.995477,0.993249,0.993775,0.996139,0.995568,0.994820,0.994473,0.994418,0.994606,0.991952,0.990251,0.975425,0.981113,0.988348,0.983129,0.985140,0.993814,0.994837,0.994564,0.806005,0.974063
0.992775,0.989088,0.965131,0.994765,0.992429,0.994309,0.995581,0.996123,0.994556,0.994072,0.993760,0.994221,0.995123,0.994091,0.993153,0.990564,0.989738,0.992736,0.992288,0.993380,0.991682,0.992776,0.991113,0.991632,0.991116,0.990059,0.987260,0.986749,0.991361,0.991253,0.978613,0.989324,0.326042,0.992929,0.994723,0.990691,0.981438,0.994843,0.989366,0.996238,1.000000,0.996620,0.995534,0.995458,0.994356,0.995059,0.994892,0.994302,0.991838,0.992946,0.995254,0.994678,0.993330,0.993451,0.993635,0.994103,0.990632,0.989117,0.973357,0.980971,0.987484,0.982276,0.982019,0.992090,0.993574,0.993719,0.805630,0.975095
0.995872,0.991828,0.967299,0.996397,0.995595,0.997565,0.997603,0.999193,0.997991,0.997513,0.997464,0.997080,0.998370,0.997790,0.996661,0.994310,0.993407,0.995874,0.995480,0.996809,0.995121,0.995887,0.994395,0.994870,0.994529,0.993541,0.990258,0.989734,0.994683,0.994665,0.982149,0.992628,0.331939,0.996410,0.992615,0.988613,0.985106,0.996538,0.985610,0.997769,0.996620,1.000000,0.998208,0.998215,0.997776,0.997695,0.998194,0.997635,0.994889,0.994719,0.996838,0.996896,0.996309,0.996368,0.995799,0.995763,0.992959,0.991019,0.975323,0.981005,0.987524,0.981524,0.985563,0.995028,0.995916,0.994866,0.805479,0.968882
0.994734,0.990678,0.965312,0.995173,0.994290,0.996598,0.996518,0.998008,0.997158,0.997045,0.996821,0.996121,0.997590,0.997024,0.996391,0.992976,0.992307,0.995853,0.994982,0.996658,0.994866,0.995382,0.993915,0.994470,0.993747,0.992511,0.989086,0.988561,0.993840,0.993410,0.981607,0.991934,0.327358,0.995343,0.990559,0.986979,0.983250,0.995326,0.982714,0.997110,0.995534,0.998208,1.000000,0.998362,0.997397,0.996717,0.997282,0.997307,0.995236,0.993919,0.996956,0.997151,0.997074,0.996469,0.995978,0.995806,0.993860,0.991236,0.977297,0.980778,0.987125,0.980477,0.988691,0.996359,0.996165,0.994413,0.805882,0.965260
0.994745,0.990293,0.965796,0.995404,0.994295,0.996630,0.996297,0.998005,0.997098,0.997624,0.996749,0.996118,0.997472,0.996865,0.996146,0.993468,0.992267,0.995785,0.994860,0.996336,0.994945,0.995504,0.993799,0.994315,0.993865,0.992581,0.989451,0.989188,0.994149,0.993747,0.982334,0.992068,0.327364,0.995387,0.991169,0.986576,0.983606,0.995469,0.983981,0.996744,0.995458,0.998215,0.998362,1.000000,0.997402,0.996747,0.997271,0.997193,0.994802,0.995224,0.996941,0.997111,0.996806,0.996172,0.995714,0.995695,0.993375,0.990877,0.976390,0.981737,0.987991,0.981826,0.987582,0.996047,0.995847,0.994638,0.807077,0.967037
0.996708,0.992278,0.965701,0.996337,0.996323,0.997907,0.997124,0.998520,0.998098,0.997983,0.998704,0.997635,0.998622,0.998946,0.998235,0.996148,0.995198,0.997120,0.997238,0.998017,0.996254,0.996631,0.996053,0.996182,0.996152,0.995594,0.991696,0.991157,0.996140,0.996178,0.984135,0.994241,0.320849,0.997530,0.988753,0.985235,0.985331,0.995733,0.981209,0.995546,0.994356,0.997776,0.997397,0.997402,1.000000,0.998040,0.998588,0.999125,0.996273,0.993994,0.995661,0.995644,0.995687,0.997301,0.994975,0.994624,0.991501,0.989425,0.974115,0.977660,0.984801,0.978316,0.984896,0.994246,0.995326,0.993515,0.803588,0.963104
0.996946,0.992369,0.964911,0.997389,0.996474,0.997664,0.997549,0.998379,0.997833,0.997181,0.998011,0.997985,0.998383,0.998351,0.997359,0.995480,0.994912,0.996490,0.996834,0.997319,0.996076,0.996350,0.995686,0.995710,0.996000,0.995266,0.991953,0.990891,0.996264,0.996096,0.984299,0.994209,0.319289,0.997220,0.990024,0.986287,0.985450,0.997229,0.982625,0.995570,0.995059,0.997695,0.996717,0.996747,0.998040,1.000000,0.998466,0.997789,0.994767,0.993620,0.995739,0.995017,0.995152,0.996191,0.994786,0.994229,0.991010,0.988888,0.973319,0.978346,0.985195,0.978709,0.983699,0.993435,0.995192,0.993307,0.801352,0.964875
0.996707,0.992297,0.965834,0.996386,0.996147,0.997581,0.997313,0.998607,0.997866,0.997373,0.998261,0.997578,0.998628,0.998601,0.998075,0.995468,0.994523,0.996746,0.996548,0.997830,0.996007,0.996523,0.995844,0.995620,0.995888,0.995221,0.991332,0.990591,0.995945,0.995756,0.983990,0.994079,0.324761,0.997395,0.989457,0.985769,0.985117,0.996166,0.981878,0.995730,0.994892,0.998194,0.997282,0.997271,0.998588,0.998466,1.000000,0.998618,0.996254,0.993657,0.995986,0.995798,0.995764,0.997390,0.994934,0.994763,0.991902,0.989620,0.974048,0.978225,0.985157,0.978715,0.984945,0.994517,0.995347,0.993898,0.802321,0.963661
0.996040,0.992052,0.965778,0.995809,0.995570,0.997344,0.996620,0.998192,0.997501,0.997323,0.998346,0.997156,0.998156,0.998775,0.998514,0.995528,0.994603,0.997123,0.996788,0.998099,0.996182,0.996827,0.995977,0.996180,0.995672,0.995298,0.991200,0.990378,0.995555,0.995438,0.983062,0.994055,0.321764,0.996944,0.989028,0.985079,0.984420,0.995570,0.981772,0.995477,0.994302,0.997635,0.997307,0.997193,0.999125,0.997789,0.998618,1.000000,0.997434,0.993846,0.995798,0.995938,0.995801,0.998324,0.995487,0.995179,0.991818,0.990347,0.975378,0.977933,0.984874,0.978633,0.985876,0.994658,0.995367,0.993702,0.803797,0.963714
0.992319,0.988559,0.962885,0.992049,0.991664,0.993853,0.993320,0.995062,0.994254,0.994096,0.995416,0.993521,0.995080,0.995663,0.997044,0.991632,0.990517,0.995139,0.993051,0.995933,0.993843,0.994477,0.992882,0.993524,0.992638,0.991952,0.988010,0.986925,0.992222,0.991510,0.980054,0.991085,0.321922,0.993391,0.986604,0.982629,0.980922,0.992538,0.978948,0.993249,0.991838,0.994889,0.995236,0.994802,0.996273,0.994767,0.996254,0.997434,1.000000,0.991069,0.993784,0.994197,0.994386,0.998172,0.994182,0.993903,0.990623,0.990265,0.975038,0.978536,0.984263,0.978110,0.985946,0.993518,0.993185,0.992021,0.802332,0.961293
0.991216,0.986326,0.960887,0.992780,0.990828,0.993038,0.992902,0.994320,0.993700,0.993758,0.993171,0.992821,0.993581,0.993171,0.992341,0.990627,0.989350,0.991856,0.991494,0.992481,0.991321,0.991758,0.990419,0.990984,0.990169,0.989377,0.986422,0.986068,0.990196,0.990800,0.978676,0.988017,0.316753,0.991414,0.990744,0.986336,0.978692,0.992755,0.985056,0.993775,0.992946,0.994719,0.993919,0.995224,0.993994,0.993620,0.993657,0.993846,0.991069,1.000000,0.995033,0.993309,0.992416,0.992445,0.992662,0.993032,0.989400,0.988152,0.972923,0.979387,0.985950,0.980647,0.981980,0.991672,0.992645,0.992877,0.812020,0.970713
0.993555,0.988876,0.962151,0.994337,0.993037,0.995220,0.995332,0.996461,0.995798,0.995698,0.995166,0.994889,0.995950,0.995429,0.994941,0.992459,0.991219,0.994101,0.993414,0.995049,0.993715,0.994362,0.992766,0.993250,0.992878,0.991629,0.988403,0.988504,0.992776,0.992855,0.981178,0.990899,0.319319,0.993860,0.992225,0.987831,0.981428,0.994291,0.985540,0.996139,0.995254,0.996838,0.996956,0.996941,0.995661,0.995739,0.995986,0.995798,0.993784,0.995033,1.000000,0.996499,0.996182,0.995115,0.994863,0.994999,0.992967,0.990639,0.976927,0.982315,0.988808,0.982742,0.986820,0.995352,0.996011,0.995390,0.808799,0.970358
0.992985,0.989231,0.964704,0.993882,0.992613,0.994859,0.994945,0.996423,0.995499,0.995866,0.995157,0.994595,0.995829,0.995312,0.994591,0.991921,0.990542,0.994510,0.993374,0.995262,0.993650,0.994865,0.992679,0.993771,0.992311,0.990876,0.987654,0.986574,0.992060,0.991563,0.980307,0.990374,0.323398,0.993625,0.991185,0.986672,0.982207,0.994278,0.983500,0.995568,0.994678,0.996896,0.997151,0.997111,0.995644,0.995017,0.995798,0.995938,0.994197,0.993309,0.996499,1.000000,0.997409,0.995658,0.996199,0.996423,0.995260,0.992256,0.978483,0.982110,0.987550,0.981074,0.988673,0.995728,0.995302,0.995172,0.814450,0.967634
0.992984,0.989584,0.963170,0.993148,0.992266,0.994809,0.994621,0.996162,0.995301,0.995441,0.995143,0.994386,0.995847,0.995410,0.995175,0.992055,0.990847,0.994910,0.993272,0.995576,0.994057,0.995077,0.992860,0.993808,0.992408,0.991082,0.987557,0.987061,0.992101,0.991651,0.980895,0.990464,0.324560,0.993595,0.988481,0.984143,0.981788,0.993356,0.979424,0.994820,0.993330,0.996309,0.997074,0.996806,0.995687,0.995152,0.995764,0.995801,0.994386,0.992416,0.996182,0.997409,1.000000,0.995388,0.995234,0.995131,0.995814,0.991454,0.980302,0.979742,0.986206,0.979203,0.991038,0.997298,0.996127,0.994214,0.804809,0.961155
0.994052,0.990032,0.964869,0.993889,0.993294,0.995531,0.994897,0.996590,0.995929,0.995645,0.996469,0.994958,0.996487,0.996926,0.997665,0.993331,0.992230,0.996430,0.994467,0.997151,0.995253,0.995968,0.994243,0.994911,0.993945,0.993310,0.989156,0.988139,0.993781,0.993134,0.981622,0.992490,0.325407,0.994952,0.988068,0.984537,0.982636,0.994042,0.980565,0.994473,0.993451,0.996368,0.996469,0.996172,0.997301,0.996191,0.997390,0.998324,0.998172,0.992445,0.995115,0.995658,0.995388,1.000000,0.995502,0.995275,0.991793,0.991019,0.975617,0.979304,0.985742,0.978983,0.986287,0.994535,0.994420,0.993168,0.803515,0.962319
0.992049,0.988614,0.963388,0.992978,0.991840,0.993935,0.994033,0.995467,0.994380,0.994245,0.994436,0.993475,0.994974,0.994721,0.994253,0.991016,0.990317,0.994231,0.992372,0.994548,0.994014,0.994969,0.992422,0.993748,0.991933,0.990151,0.986551,0.985894,0.991764,0.990819,0.979303,0.990144,0.324799,0.992625,0.989952,0.985596,0.980889,0.993512,0.982330,0.994418,0.993635,0.995799,0.995978,0.995714,0.994975,0.994786,0.994934,0.995487,0.994182,0.992662,0.994863,0.996199,0.995234,0.995502,1.000000,0.998335,0.992769,0.994516,0.978192,0.982232,0.987205,0.980955,0.986765,0.994134,0.993316,0.993622,0.804749,0.966910
0.991581,0.988231,0.963209,0.992674,0.991131,0.993515,0.993621,0.995241,0.993687,0.993865,0.993846,0.992805,0.994574,0.993995,0.993692,0.990307,0.989466,0.993149,0.991734,0.993859,0.992893,0.994399,0.991400,0.992999,0.991048,0.989792,0.986484,0.985575,0.991019,0.989895,0.978311,0.989318,0.327075,0.992169,0.991194,0.985916,0.979739,0.993257,0.983960,0.994606,0.994103,0.995763,0.995806,0.995695,0.994624,0.994229,0.994763,0.995179,0.993903,0.993032,0.994999,0.996423,0.995131,0.995275,0.998335,1.000000,0.993215,0.995583,0.978842,0.982990,0.988307,0.982700,0.987309,0.994404,0.993368,0.993887,0.804813,0.969329
0.988544,0.984271,0.959258,0.988772,0.988451,0.990697,0.990565,0.992130,0.991334,0.991404,0.990727,0.990371,0.991723,0.991013,0.990910,0.987285,0.986290,0.991301,0.988762,0.991353,0.990073,0.991327,0.988969,0.990393,0.988240,0.986779,0.983459,0.983142,0.987980,0.987217,0.978103,0.987313,0.327707,0.989657,0.986530,0.981792,0.976561,0.989399,0.977245,0.991952,0.990632,0.992959,0.993860,0.993375,0.991501,0.991010,0.991902,0.991818,0.990623,0.989400,0.992967,0.995260,0.995814,0.991793,0.992769,0.993215,1.000000,0.989925,0.982682,0.977870,0.983964,0.976705,0.989347,0.993902,0.992022,0.991965,0.804126,0.960980
0.986443,0.983122,0.958858,0.987336,0.985589,0.988074,0.988132,0.989940,0.988545,0.988460,0.988571,0.987532,0.989557,0.988862,0.988924,0.985144,0.984799,0.988749,0.986391,0.989051,0.988198,0.989630,0.986335,0.988269,0.986282,0.984516,0.981606,0.980497,0.986238,0.984790,0.973708,0.984356,0.329388,0.986673,0.987192,0.981504,0.975273,0.988020,0.979602,0.990251,0.989117,0.991019,0.991236,0.990877,0.989425,0.988888,0.989620,0.990347,0.990265,0.988152,0.990639,0.992256,0.991454,0.991019,0.994516,0.995583,0.989925,1.000000,0.981709,0.982224,0.986510,0.981153,0.986358,0.990765,0.989466,0.989410,0.794814,0.965360
0.971147,0.968608,0.939104,0.971285,0.970198,0.973438,0.972942,0.974401,0.973630,0.973783,0.972698,0.972141,0.974382,0.973192,0.973765,0.969526,0.969023,0.973909,0.971131,0.974250,0.974269,0.975270,0.971489,0.974334,0.971006,0.968772,0.967138,0.966072,0.970500,0.970359,0.963038,0.970081,0.311627,0.971280,0.970909,0.963333,0.956448,0.971668,0.961153,0.975425,0.973357,0.975323,0.977297,0.976390,0.974115,0.973319,0.974048,0.975378,0.975038,0.972923,0.976927,0.978483,0.980302,0.975617,0.978192,0.978842,0.982682,0.981709,1.000000,0.965188,0.971426,0.968898,0.982914,0.978496,0.976254,0.975985,0.776766,0.948189
0.974112,0.968161,0.945124,0.977754,0.974412,0.976793,0.977536,0.979374,0.977853,0.978449,0.976831,0.976860,0.977987,0.976616,0.976176,0.973483,0.971048,0.976608,0.974875,0.976734,0.975720,0.977124,0.974402,0.975105,0.974181,0.971995,0.969487,0.969075,0.974472,0.973877,0.961756,0.970843,0.308159,0.974680,0.982160,0.974975,0.964120,0.979347,0.975741,0.981113,0.980971,0.981005,0.980778,0.981737,0.977660,0.978346,0.978225,0.977933,0.978536,0.979387,0.982315,0.982110,0.979742,0.979304,0.982232,0.982990,0.977870,0.982224,0.965188,1.000000,0.991452,0.986060,0.973967,0.980383,0.980095,0.980735,0.789766,0.966318
0.981925,0.976156,0.949759,0.984847,0.981323,0.984189,0.984656,0.986136,0.984965,0.984882,0.983671,0.983720,0.985096,0.983533,0.983064,0.980608,0.979185,0.982835,0.981557,0.983260,0.982388,0.983703,0.981413,0.981626,0.981361,0.980013,0.977770,0.976648,0.981599,0.981279,0.969938,0.978371,0.305665,0.982354,0.988600,0.982205,0.968916,0.985923,0.982598,0.988348,0.987484,0.987524,0.987125,0.987991,0.984801,0.985195,0.985157,0.984874,0.984263,0.985950,0.988808,0.987550,0.986206,0.985742,0.987205,0.988307,0.983964,0.986510,0.971426,0.991452,1.000000,0.994885,0.979139,0.986253,0.985549,0.987676,0.797492,0.971587
0.975423,0.969498,0.945971,0.978438,0.975263,0.978162,0.978614,0.979989,0.978608,0.978707,0.977237,0.977174,0.978764,0.977131,0.976590,0.974249,0.972939,0.976037,0.975648,0.976743,0.975473,0.976962,0.974463,0.974831,0.974182,0.973085,0.970884,0.969791,0.974829,0.975293,0.964174,0.972386,0.302238,0.975978,0.985535,0.977914,0.962297,0.979918,0.980949,0.983129,0.982276,0.981524,0.980477,0.981826,0.978316,0.978709,0.978715,0.978633,0.978110,0.980647,0.982742,0.981074,0.979203,0.978983,0.980955,0.982700,0.976705,0.981153,0.968898,0.986060,0.994885,1.000000,0.973269,0.979572,0.979473,0.982245,0.790797,0.974380
0.981381,0.978393,0.951460,0.981600,0.980755,0.983409,0.982965,0.985135,0.984377,0.984945,0.984120,0.982870,0.985169,0.984326,0.985489,0.979880,0.978892,0.984954,0.981999,0.985945,0.983739,0.984983,0.981642,0.983036,0.981419,0.979039,0.976810,0.976236,0.980346,0.979937,0.970071,0.979566,0.326465,0.982010,0.976812,0.971040,0.971744,0.981597,0.965628,0.985140,0.982019,0.985563,0.988691,0.987582,0.984896,0.983699,0.984945,0.985876,0.985946,0.981980,0.986820,0.988673,0.991038,0.986287,0.986765,0.987309,0.989347,0.986358,0.982914,0.973967,0.979139,0.973269,1.000000,0.992963,0.986575,0.983752,0.789421,0.946601
0.991004,0.987258,0.960902,0.991253,0.990334,0.993076,0.992550,0.994729,0.993700,0.993844,0.993690,0.992614,0.994473,0.993825,0.993891,0.989611,0.988651,0.993500,0.991893,0.994425,0.992006,0.992961,0.990600,0.991442,0.990443,0.989042,0.985897,0.985965,0.990379,0.990012,0.978960,0.988953,0.329786,0.991919,0.987051,0.982319,0.980056,0.991424,0.978094,0.993814,0.992090,0.995028,0.996359,0.996047,0.994246,0.993435,0.994517,0.994658,0.993518,0.991672,0.995352,0.995728,0.997298,0.994535,0.994134,0.994404,0.993902,0.990765,0.978496,0.980383,0.986253,0.979572,0.992963,1.000000,0.995446,0.992718,0.799251,0.959698
0.992619,0.988444,0.962067,0.993607,0.992621,0.994631,0.994807,0.995833,0.995168,0.995035,0.994748,0.994696,0.995585,0.995142,0.994662,0.992438,0.991316,0.994214,0.993383,0.994974,0.993185,0.993537,0.992043,0.992870,0.991654,0.990979,0.987044,0.986747,0.992009,0.991963,0.979698,0.989565,0.316530,0.993561,0.988918,0.984261,0.981390,0.993491,0.981714,0.994837,0.993574,0.995916,0.996165,0.995847,0.995326,0.995192,0.995347,0.995367,0.993185,0.992645,0.996011,0.995302,0.996127,0.994420,0.993316,0.993368,0.992022,0.989466,0.976254,0.980095,0.985549,0.979473,0.986575,0.995446,1.000000,0.994083,0.806452,0.963922
