1.000000,0.319311,-0.047447,-0.045231,0.104419,0.045684,0.023047,0.002881,0.007609,0.050890,0.075136,-0.001237,0.009526,0.066738,0.086362,0.091288,0.173230,0.098581,0.074441,0.087442,0.085592,0.099686,0.077523,0.084730,0.034822,0.121224,0.093287,0.188071,0.069683,0.098958,0.074891,0.173496,-0.009741,0.413128,0.001364,-0.001980,-0.024937,-0.039875,0.062636,0.018268,0.018817,0.000626,0.031847,0.046848,0.068193,0.001045,0.002313,0.065021,0.089545,0.091276,0.038623,0.086974,0.073787,0.088679,0.113661,0.097230,0.086104,0.113298,-0.000951,-0.005178,0.033126,-0.026619,-0.022082,0.028201,-0.018264,0.024481,-0.019821,0.003607
0.319311,1.000000,0.085108,-0.027906,0.105669,0.124560,0.120052,0.052385,0.078996,0.094463,0.113289,0.061760,0.049285,0.118826,0.047415,0.092109,0.057055,0.078057,0.043069,0.052837,0.027943,0.051414,0.028608,0.095827,0.135222,0.042873,0.037209,0.030732,0.138358,0.058122,0.084658,0.082551,0.052564,0.198982,0.026079,0.176650,0.053354,-0.032804,0.142246,0.171496,0.120282,0.048870,0.102894,0.088386,0.108047,0.017630,0.044978,0.118145,0.048158,0.125305,0.075247,0.067413,0.069663,0.054344,0.062868,0.043724,-0.010580,0.084920,0.038080,0.029458,0.045133,-0.072960,0.020491,0.081793,0.088185,0.088791,0.036630,0.012617
-0.047447,0.085108,1.000000,0.514703,-0.035860,0.144221,-0.053425,0.103420,0.187496,0.153758,0.083734,0.420525,0.210589,0.115198,-0.058371,0.027186,0.019371,-0.033284,0.038825,-0.031223,-0.048499,-0.055963,-0.084343,-0.014537,0.015406,-0.032809,-0.041119,-0.035038,0.035731,0.013516,0.026511,-0.045981,0.005669,0.013256,0.020093,0.148748,0.729349,0.476142,0.004815,0.109595,-0.008569,0.132018,0.158118,0.149664,0.095313,0.395592,0.246548,0.118913,-0.059825,0.007842,-0.000729,-0.024942,-0.011330,-0.010437,-0.060704,-0.047550,-0.084412,-0.053328,-0.019368,-0.019564,0.013493,-0.023066,0.049541,0.065536,0.017913,-0.003960,-0.014933,0.057431
-0.045231,-0.027906,0.514703,1.000000,-0.026428,0.184985,-0.071455,0.386877,0.408939,0.344394,0.190322,0.584702,0.484110,0.199605,-0.100821,0.006545,0.002751,-0.079511,0.001646,-0.070463,-0.035055,-0.078053,-0.067849,-0.048870,0.015153,-0.020625,-0.045976,-0.026388,-0.002874,-0.000503,0.007643,-0.035951,-0.012540,-0.021519,0.046038,0.044106,0.569960,0.967850,-0.053770,0.052248,-0.016182,0.424747,0.330608,0.356142,0.198166,0.587470,0.499247,0.207038,-0.101126,-0.018056,-0.015319,-0.079670,-0.068054,-0.054040,-0.087838,-0.074440,-0.073047,-0.076949,-0.042207,-0.026779,-0.009692,0.002318,-0.017896,-0.027655,-0.032452,-0.055486,-0.024991,0.032449
0.104419,0.105669,-0.035860,-0.026428,1.000000,0.183885,0.141069,0.007577,0.056047,0.050771,0.072521,-0.037389,0.002216,0.033425,0.024313,0.037959,0.087111,0.013561,0.106999,-0.002822,-0.027692,0.018436,0.127518,0.001756,0.078727,0.001409,0.067794,0.119746,0.130372,0.081968,0.028453,0.186353,0.095141,0.464380,-0.039766,0.003097,-0.022423,-0.022015,0.079156,0.081995,0.110452,-0.001244,0.069869,0.056943,0.049343,-0.035426,0.011963,0.035039,0.031104,0.031966,-0.006513,-0.002706,0.021385,-0.007186,0.034512,0.010698,0.062287,0.042157,0.005473,0.035801,0.020915,-0.037348,-0.061774,-0.011750,-0.028502,-0.010084,0.036634,-0.016495
0.045684,0.124560,0.144221,0.184985,0.183885,1.000000,0.210223,0.369458,0.513969,0.427398,0.359789,0.106485,0.401400,0.325763,-0.113339,-0.012842,0.065654,-0.124001,0.114456,-0.140546,-0.063182,-0.075124,0.026579,-0.020720,0.097305,0.014677,0.017875,0.055983,0.087397,0.127359,0.044550,0.088132,0.039249,0.149626,0.036443,0.051461,0.124715,0.150864,0.113769,0.279937,0.251861,0.377009,0.487553,0.439782,0.339578,0.082507,0.389765,0.329359,-0.110134,0.029604,0.068783,-0.139499,-0.069024,-0.129931,-0.081810,-0.080365,-0.034765,-0.027009,0.006148,0.001106,-0.022593,-0.052709,-0.012555,0.006578,-0.011579,0.022464,0.007168,0.050046
0.023047,0.120052,-0.053425,-0.071455,0.141069,0.210223,1.000000,0.392128,0.257558,0.099059,0.062686,-0.014398,0.207536,0.052913,0.043639,0.049131,0.094629,0.075845,0.058442,0.054139,0.067807,0.072804,0.059510,0.012841,0.033273,-0.048101,0.036638,-0.012520,-0.032528,0.016829,0.014148,0.034722,0.045807,0.018404,0.072954,0.081005,-0.067928,-0.070386,0.117140,0.158000,0.936295,0.358853,0.325966,0.114764,0.056253,-0.028396,0.130828,0.066780,0.043961,0.047731,0.006475,0.065889,0.011043,0.049700,0.045811,0.059808,0.056536,0.078482,0.037131,0.031910,0.059351,0.013096,-0.001492,-0.012385,-0.026236,0.050422,0.058553,0.091623
0.002881,0.052385,0.103420,0.386877,0.007577,0.369458,0.392128,1.000000,0.713966,0.632090,0.392356,0.224638,0.889735,0.394540,-0.164872,-0.029106,0.023965,-0.156897,0.013096,-0.160374,-0.089719,-0.131502,-0.046245,-0.072965,0.052931,0.005520,0.019958,-0.016680,0.005321,-0.007063,0.018527,0.001902,0.004037,-0.006681,0.097962,0.065711,0.072972,0.392982,0.058158,0.140176,0.481882,0.988541,0.722639,0.673276,0.401539,0.193542,0.784611,0.403697,-0.162016,-0.037835,-0.037867,-0.171463,-0.092244,-0.144973,-0.147069,-0.130912,-0.063090,-0.097392,-0.010379,-0.030264,0.020298,0.034849,-0.031977,-0.030417,-0.040617,0.017697,0.044288,0.098944
0.007609,0.078996,0.187496,0.408939,0.056047,0.513969,0.257558,0.713966,1.000000,0.643973,0.445137,0.237284,0.717829,0.399639,-0.159891,-0.035685,0.024279,-0.154792,0.079660,-0.167059,-0.064959,-0.106395,-0.026970,-0.023309,0.078919,0.041530,0.002320,-0.022580,0.067358,0.050481,0.039968,0.012727,0.021994,0.036220,0.054077,0.022728,0.156829,0.377568,0.056605,0.237242,0.324666,0.737465,0.891655,0.670305,0.432646,0.158089,0.672187,0.404848,-0.158691,-0.002505,0.020700,-0.176539,-0.067794,-0.150516,-0.123186,-0.110569,-0.055455,-0.058711,0.002092,-0.019269,0.033634,0.018771,-0.023164,0.008605,-0.023049,0.006288,0.034556,0.041764
0.050890,0.094463,0.153758,0.344394,0.050771,0.427398,0.099059,0.632090,0.643973,1.000000,0.862765,0.158589,0.758910,0.811715,-0.295193,-0.012983,-0.007534,-0.295911,0.041924,-0.310687,-0.156801,-0.207743,-0.035920,-0.044130,0.099680,0.054332,0.017109,-0.012447,0.086142,0.028915,0.040467,0.039630,0.026415,0.083499,0.083331,0.081279,0.129296,0.338302,0.082523,0.197132,0.153881,0.651620,0.619332,0.981967,0.864565,0.129402,0.763079,0.809516,-0.291204,0.058365,0.019358,-0.325694,-0.098750,-0.280048,-0.223183,-0.199958,-0.065729,-0.127441,-0.001923,0.010585,0.042265,-0.008073,0.005972,0.018305,-0.029594,0.034829,0.012174,0.065207
0.075136,0.113289,0.083734,0.190322,0.072521,0.359789,0.062686,0.392356,0.445137,0.862765,1.000000,0.027390,0.527626,0.925449,-0.240848,0.081177,0.021458,-0.220756,0.080023,-0.256360,-0.096070,-0.139425,0.033456,0.032327,0.136868,0.083796,0.024007,0.002641,0.091477,0.044292,0.031763,0.085469,0.023258,0.106573,0.085946,0.093380,0.058930,0.175317,0.118064,0.215566,0.095222,0.405122,0.436915,0.843326,0.976231,0.008697,0.558963,0.915233,-0.239152,0.186141,0.066190,-0.251531,-0.043208,-0.225752,-0.157860,-0.129461,0.010300,-0.043907,0.046294,0.060129,0.025162,-0.047899,0.022968,0.053145,-0.017821,0.070869,0.029577,0.057904
-0.001237,0.061760,0.420525,0.584702,-0.037389,0.106485,-0.014398,0.224638,0.237284,0.158589,0.027390,1.000000,0.346370,0.091883,-0.055801,0.061372,0.036983,-0.028578,0.001858,-0.011480,-0.067357,-0.102401,-0.142844,-0.064181,-0.015428,-0.046237,-0.033882,-0.044599,0.046677,0.004164,0.021749,-0.039384,-0.056676,-0.046311,0.059761,0.107606,0.464129,0.577541,0.002783,0.049266,0.022100,0.263262,0.185485,0.165587,0.049960,0.702166,0.369300,0.108431,-0.057442,-0.016710,-0.022098,-0.002956,-0.089090,0.002534,-0.088422,-0.098425,-0.149271,-0.110447,-0.079733,-0.101534,-0.024120,-0.000802,0.012057,-0.000579,-0.019422,-0.054807,-0.030721,0.076341
0.009526,0.049285,0.210589,0.484110,0.002216,0.401400,0.207536,0.889735,0.717829,0.758910,0.527626,0.346370,1.000000,0.571552,-0.261671,-0.052768,0.006335,-0.242741,0.013908,-0.241351,-0.144226,-0.213310,-0.106838,-0.095357,0.067073,0.015646,0.009517,-0.001781,0.028601,0.014200,0.043603,-0.018126,-0.001792,0.004056,0.070175,0.076884,0.185430,0.484942,0.034116,0.154212,0.287834,0.915399,0.681185,0.788078,0.554855,0.304460,0.953472,0.581344,-0.260070,-0.073160,-0.031328,-0.254465,-0.143472,-0.213442,-0.225402,-0.208306,-0.125709,-0.161634,-0.019446,-0.030476,0.013120,0.011054,-0.013256,-0.018393,-0.035965,-0.010061,0.033277,0.065911
0.066738,0.118826,0.115198,0.199605,0.033425,0.325763,0.052913,0.394540,0.399639,0.811715,0.925449,0.091883,0.571552,1.000000,-0.255459,0.098039,-0.009049,-0.213592,0.042930,-0.243446,-0.116735,-0.177621,-0.041165,0.000829,0.126915,0.064960,0.029111,0.010224,0.068660,0.029239,0.034202,0.036361,0.022176,0.061646,0.071037,0.121658,0.110120,0.184597,0.079212,0.170747,0.086784,0.417724,0.373458,0.786852,0.965940,0.072616,0.615428,0.990953,-0.253110,0.126769,0.033185,-0.232617,-0.098182,-0.202011,-0.196979,-0.163742,-0.049354,-0.097143,0.044987,0.042514,0.017985,-0.059503,0.021959,0.022633,0.006114,0.037511,0.034960,0.024163
0.086362,0.047415,-0.058371,-0.100821,0.024313,-0.113339,0.043639,-0.164872,-0.159891,-0.295193,-0.240848,-0.055801,-0.261671,-0.255459,1.000000,0.489281,0.255862,0.899359,0.169457,0.921131,0.673363,0.871639,0.268707,0.559609,0.122930,0.195289,0.010828,0.011603,-0.023851,0.043597,0.041683,0.252512,0.086957,0.082797,-0.025814,-0.000151,-0.052111,-0.087666,-0.046320,-0.057683,0.029903,-0.179465,-0.121743,-0.299057,-0.265031,0.002810,-0.302096,-0.252255,0.997233,0.261334,0.043502,0.885213,0.315057,0.906199,0.916003,0.891621,0.316982,0.810628,0.180724,0.344115,0.193962,0.046935,-0.040495,-0.015289,0.070225,0.060986,0.020626,-0.026043
0.091288,0.092109,0.027186,0.006545,0.037959,-0.012842,0.049131,-0.029106,-0.035685,-0.012983,0.081177,0.061372,-0.052768,0.098039,0.489281,1.000000,0.416774,0.537226,0.221342,0.516908,0.276001,0.406477,0.038993,0.359352,0.123280,0.197413,0.025306,-0.046823,0.070155,0.040552,0.080823,0.132329,0.048176,0.120825,-0.077193,0.068029,0.068876,0.012686,0.039700,0.017936,0.058250,-0.033942,-0.022447,-0.030553,0.092473,0.086769,-0.065102,0.100396,0.492911,0.567187,0.127572,0.555295,0.124604,0.547519,0.428885,0.440218,0.039319,0.395677,0.048977,0.102156,0.073651,-0.031077,0.025702,-0.003223,0.101794,0.002042,-0.011559,-0.022460
0.173230,0.057055,0.019371,0.002751,0.087111,0.065654,0.094629,0.023965,0.024279,-0.007534,0.021458,0.036983,0.006335,-0.009049,0.255862,0.416774,1.000000,0.283867,0.463684,0.219664,0.191323,0.282218,0.150063,0.406876,0.347848,0.294550,-0.003862,-0.003344,0.139590,0.270173,0.116905,0.149077,0.035777,0.200105,-0.063640,-0.028163,0.037753,0.011348,-0.006038,0.039618,0.089034,0.018012,0.041642,-0.005429,0.010548,0.052896,-0.014074,-0.011154,0.254653,0.084011,0.064882,0.215309,0.049706,0.258724,0.259941,0.301715,0.072694,0.352169,0.131643,0.053611,0.120636,0.012437,0.040731,-0.004437,0.096028,-0.055675,0.025979,-0.084813
0.098581,0.078057,-0.033284,-0.079511,0.013561,-0.124001,0.075845,-0.156897,-0.154792,-0.295911,-0.220756,-0.028578,-0.242741,-0.213592,0.899359,0.537226,0.283867,1.000000,0.237487,0.939418,0.685135,0.815441,0.205767,0.574551,0.170338,0.174121,0.049731,0.013970,-0.009521,0.072467,0.058788,0.273858,0.048638,0.087543,-0.081326,0.015325,-0.014612,-0.066890,-0.061867,-0.026341,0.055733,-0.169969,-0.123330,-0.302384,-0.237144,0.035264,-0.277812,-0.209447,0.892829,0.317330,0.119621,0.949531,0.354128,0.944280,0.839068,0.839647,0.276614,0.755663,0.203307,0.261822,0.111626,-0.009229,0.025454,0.025008,0.149066,0.055278,0.023302,-0.055859
0.074441,0.043069,0.038825,0.001646,0.106999,0.114456,0.058442,0.013096,0.079660,0.041924,0.080023,0.001858,0.013908,0.042930,0.169457,0.221342,0.463684,0.237487,1.000000,0.129532,0.166790,0.197115,0.246660,0.266920,0.354326,0.185260,0.052601,-0.001687,0.365055,0.533922,0.196575,0.269043,0.027694,0.173341,-0.010216,0.039665,0.034931,0.004613,-0.014324,0.044559,0.054771,0.008882,0.078300,0.045934,0.058164,0.020568,0.004499,0.041700,0.171329,0.101432,0.088847,0.125214,0.068752,0.171627,0.162636,0.200401,0.151668,0.244774,0.098946,0.074091,0.010092,0.012316,0.008544,-0.000627,0.023358,0.000945,0.025283,-0.019641
0.087442,0.052837,-0.031223,-0.070463,-0.002822,-0.140546,0.054139,-0.160374,-0.167059,-0.310687,-0.256360,-0.011480,-0.241351,-0.243446,0.921131,0.516908,0.219664,0.939418,0.129532,1.000000,0.677776,0.829772,0.193402,0.541063,0.106223,0.159604,0.011114,0.009183,-0.046451,0.027485,0.057243,0.208264,0.057115,0.047822,-0.057556,0.007390,-0.014435,-0.058946,-0.052463,-0.047628,0.040713,-0.170835,-0.135231,-0.314224,-0.270865,0.043433,-0.273902,-0.235833,0.912392,0.300104,0.100394,0.952583,0.336521,0.969775,0.858602,0.851532,0.283790,0.747781,0.186672,0.283318,0.126586,0.002032,0.002690,0.018242,0.123801,0.062312,0.018776,-0.033862
0.085592,0.027943,-0.048499,-0.035055,-0.027692,-0.063182,0.067807,-0.089719,-0.064959,-0.156801,-0.096070,-0.067357,-0.144226,-0.116735,0.673363,0.276001,0.191323,0.685135,0.166790,0.677776,1.000000,0.815468,0.458400,0.544887,0.243910,0.203744,0.031129,-0.010149,-0.013354,0.047304,-0.008227,0.201941,0.056886,0.055872,-0.002552,0.005494,-0.050900,-0.024068,-0.083424,-0.037716,0.055737,-0.099829,-0.046273,-0.158969,-0.121911,-0.008190,-0.165953,-0.122313,0.666101,0.160788,0.102816,0.639466,0.346126,0.660720,0.747357,0.796015,0.521987,0.740252,0.219061,0.284711,0.132689,-0.007282,-0.004676,0.015270,0.107740,0.076387,0.001144,-0.034426
0.099686,0.051414,-0.055963,-0.078053,0.018436,-0.075124,0.072804,-0.131502,-0.106395,-0.207743,-0.139425,-0.102401,-0.213310,-0.177621,0.871639,0.406477,0.282218,0.815441,0.197115,0.829772,0.815468,1.000000,0.456157,0.686542,0.220406,0.257529,0.050131,0.023214,-0.042735,0.061109,0.022131,0.223875,0.087426,0.093104,-0.015047,0.003363,-0.067802,-0.065931,-0.078903,-0.055314,0.059749,-0.147242,-0.070255,-0.209504,-0.173693,-0.032570,-0.245377,-0.183944,0.866032,0.250032,0.083798,0.773095,0.345418,0.808979,0.936753,0.980153,0.491130,0.924879,0.229884,0.331892,0.222911,0.060631,-0.016726,0.005306,0.115767,0.093033,0.010593,-0.041433
0.077523,0.028608,-0.084343,-0.067849,0.127518,0.026579,0.059510,-0.046245,-0.026970,-0.035920,0.033456,-0.142844,-0.106838,-0.041165,0.268707,0.038993,0.150063,0.205767,0.246660,0.193402,0.458400,0.456157,1.000000,0.358188,0.307849,0.208952,0.056840,0.010058,0.109285,0.099068,0.030600,0.247767,0.033659,0.149241,0.058330,0.010021,-0.113570,-0.055675,-0.001999,0.007864,0.041732,-0.066309,-0.006133,-0.036796,-0.009673,-0.093614,-0.126891,-0.045474,0.271963,0.079059,0.021695,0.138793,0.303706,0.158373,0.356713,0.406043,0.848832,0.422914,0.112366,0.105723,0.080287,0.014392,-0.061315,0.004759,-0.013513,0.164981,0.069678,0.059223
0.084730,0.095827,-0.014537,-0.048870,0.001756,-0.020720,0.012841,-0.072965,-0.023309,-0.044130,0.032327,-0.064181,-0.095357,0.000829,0.559609,0.359352,0.406876,0.574551,0.266920,0.541063,0.544887,0.686542,0.358188,1.000000,0.461730,0.523329,0.067869,0.000079,0.004769,0.053287,0.101907,0.166294,0.097581,0.102768,-0.029357,0.007633,-0.027552,-0.044070,-0.051011,-0.004293,0.004043,-0.081620,-0.007745,-0.048861,0.007538,-0.037503,-0.111172,-0.009770,0.551101,0.180559,0.114859,0.500413,0.219671,0.560523,0.604988,0.712016,0.322425,0.773962,0.170685,0.182784,0.203118,0.014305,-0.041311,0.001381,0.134101,0.073211,0.033451,-0.064106
0.034822,0.135222,0.015406,0.015153,0.078727,0.097305,0.033273,0.052931,0.078919,0.099680,0.136868,-0.015428,0.067073,0.126915,0.122930,0.123280,0.347848,0.170338,0.354326,0.106223,0.243910,0.220406,0.307849,0.461730,1.000000,0.409730,0.094840,0.009670,0.201415,0.197722,0.039316,0.080941,-0.025219,0.048709,-0.043968,-0.009628,0.010415,0.027732,-0.049921,0.146240,0.038893,0.055089,0.086114,0.093592,0.124333,0.013886,0.053637,0.125097,0.115332,-0.005418,0.022095,0.104637,0.088348,0.134109,0.154369,0.231614,0.180438,0.315457,0.119255,0.065052,0.084277,0.009685,-0.033547,0.024830,0.073760,0.039057,0.057611,-0.045319
0.121224,0.042873,-0.032809,-0.020625,0.001409,0.014677,-0.048101,0.005520,0.041530,0.054332,0.083796,-0.046237,0.015646,0.064960,0.195289,0.197413,0.294550,0.174121,0.185260,0.159604,0.203744,0.257529,0.208952,0.523329,0.409730,1.000000,0.213596,0.107959,0.055729,0.138469,0.126761,0.109854,0.095440,0.172535,-0.104975,-0.069756,-0.033947,-0.016629,-0.086298,-0.085003,-0.030765,0.006393,0.054991,0.047844,0.075378,-0.033264,0.000649,0.057994,0.188005,0.061954,0.044900,0.114555,0.033590,0.182983,0.204577,0.276808,0.132438,0.346496,0.041342,0.112175,0.175194,0.016521,-0.063741,-0.037780,0.025296,0.052974,0.003551,-0.168678
0.093287,0.037209,-0.041119,-0.045976,0.067794,0.017875,0.036638,0.019958,0.002320,0.017109,0.024007,-0.033882,0.009517,0.029111,0.010828,0.025306,-0.003862,0.049731,0.052601,0.011114,0.031129,0.050131,0.056840,0.067869,0.094840,0.213596,1.000000,0.530345,0.074720,0.001982,0.038030,0.084843,-0.043553,0.137092,0.011934,0.057757,-0.070888,-0.037852,0.001676,0.008638,0.019612,0.018644,0.006586,0.014050,0.023376,-0.035756,-0.002506,0.023891,0.009715,0.046798,0.042336,0.034250,0.053243,0.026111,0.025921,0.055680,0.036884,0.055042,-0.042691,0.003326,-0.045807,-0.012621,0.010743,0.009207,0.009771,-0.002114,-0.054016,-0.025366
0.188071,0.030732,-0.035038,-0.026388,0.119746,0.055983,-0.012520,-0.016680,-0.022580,-0.012447,0.002641,-0.044599,-0.001781,0.010224,0.011603,-0.046823,-0.003344,0.013970,-0.001687,0.009183,-0.010149,0.023214,0.010058,0.000079,0.009670,0.107959,0.530345,1.000000,0.122801,0.037164,0.027027,0.111758,0.037823,0.352141,0.004762,0.000724,-0.046024,-0.030575,0.006991,-0.020107,-0.021552,-0.016240,-0.026162,-0.008000,0.002131,-0.016358,0.002352,0.002858,0.010979,-0.025625,-0.009233,0.010981,-0.047139,0.009108,0.046514,0.026461,0.000605,0.012530,-0.016838,0.049963,0.011735,0.027181,0.026255,-0.008050,-0.047320,-0.098414,0.000526,-0.026168
0.069683,0.138358,0.035731,-0.002874,0.130372,0.087397,-0.032528,0.005321,0.067358,0.086142,0.091477,0.046677,0.028601,0.068660,-0.023851,0.070155,0.139590,-0.009521,0.365055,-0.046451,-0.013354,-0.042735,0.109285,0.004769,0.201415,0.055729,0.074720,0.122801,1.000000,0.447375,0.147280,0.197246,0.038662,0.152317,0.005436,0.032242,0.026435,0.003807,0.102926,0.118615,-0.031317,0.003718,0.052304,0.083841,0.084972,0.012507,0.035119,0.058207,-0.027263,0.040704,-0.000599,-0.044372,-0.015296,-0.042024,-0.037545,-0.049755,0.023113,-0.019750,-0.049740,-0.034944,-0.056732,-0.024107,0.012004,0.037377,-0.055069,-0.007556,-0.001232,0.020425
0.098958,0.058122,0.013516,-0.000503,0.081968,0.127359,0.016829,-0.007063,0.050481,0.028915,0.044292,0.004164,0.014200,0.029239,0.043597,0.040552,0.270173,0.072467,0.533922,0.027485,0.047304,0.061109,0.099068,0.053287,0.197722,0.138469,0.001982,0.037164,0.447375,1.000000,0.224750,0.210971,0.051601,0.116337,0.019718,0.014762,0.017121,0.001434,0.060015,0.119319,-0.010698,-0.005755,0.041220,0.032952,0.033677,0.046863,0.020750,0.028463,0.045470,-0.007864,0.020354,0.014178,-0.011517,0.057851,0.055972,0.054757,0.040910,0.095162,0.028803,-0.006831,0.012372,0.015444,0.044610,0.023315,0.002559,0.013191,0.002178,-0.019178
0.074891,0.084658,0.026511,0.007643,0.028453,0.044550,0.014148,0.018527,0.039968,0.040467,0.031763,0.021749,0.043603,0.034202,0.041683,0.080823,0.116905,0.058788,0.196575,0.057243,-0.008227,0.022131,0.030600,0.101907,0.039316,0.126761,0.038030,0.027027,0.147280,0.224750,1.000000,0.209437,-0.005714,0.096376,-0.067960,-0.007770,0.011402,0.005931,-0.010179,0.021666,0.004753,0.014062,0.023924,0.041770,0.034271,0.012495,0.037103,0.038707,0.044570,0.025135,0.057045,0.037598,-0.065089,0.067943,0.047845,0.040429,-0.021242,0.067413,0.009087,-0.073283,0.043463,0.005822,0.020141,0.002025,0.105585,0.037143,0.027517,-0.047448
0.173496,0.082551,-0.045981,-0.035951,0.186353,0.088132,0.034722,0.001902,0.012727,0.039630,0.085469,-0.039384,-0.018126,0.036361,0.252512,0.132329,0.149077,0.273858,0.269043,0.208264,0.201941,0.223875,0.247767,0.166294,0.080941,0.109854,0.084843,0.111758,0.197246,0.210971,0.209437,1.000000,0.088715,0.317663,-0.044513,-0.057116,-0.080233,-0.026160,0.080367,0.029188,0.029531,-0.007689,0.020578,0.029610,0.061693,-0.046335,-0.032652,0.035500,0.253643,0.129218,0.112522,0.203424,0.135469,0.229375,0.242108,0.230340,0.174545,0.233762,0.070703,0.104667,0.021761,-0.089167,0.016349,0.081309,0.072139,0.035804,0.019370,-0.058533
-0.009741,0.052564,0.005669,-0.012540,0.095141,0.039249,0.045807,0.004037,0.021994,0.026415,0.023258,-0.056676,-0.001792,0.022176,0.086957,0.048176,0.035777,0.048638,0.027694,0.057115,0.056886,0.087426,0.033659,0.097581,-0.025219,0.095440,-0.043553,0.037823,0.038662,0.051601,-0.005714,0.088715,1.000000,0.107667,-0.064250,-0.048631,0.001557,-0.006385,0.021686,0.001531,0.037603,-0.003876,0.012180,0.022565,0.028461,0.001711,0.002435,0.022537,0.090042,-0.025169,-0.057982,0.048693,-0.000725,0.055657,0.114577,0.082972,0.033133,0.124623,0.025874,0.060936,0.054513,0.006117,-0.036662,0.015014,-0.067536,-0.006876,0.057948,-0.104353
0.413128,0.198982,0.013256,-0.021519,0.464380,0.149626,0.018404,-0.006681,0.036220,0.083499,0.106573,-0.046311,0.004056,0.061646,0.082797,0.120825,0.200105,0.087543,0.173341,0.047822,0.055872,0.093104,0.149241,0.102768,0.048709,0.172535,0.137092,0.352141,0.152317,0.116337,0.096376,0.317663,0.107667,1.000000,-0.009504,-0.016063,0.005214,-0.025641,0.022294,0.048385,0.010693,-0.010912,0.053021,0.082190,0.087886,-0.034060,0.011503,0.052230,0.087492,0.070071,0.077580,0.031941,0.014421,0.070216,0.103990,0.090483,0.086716,0.109462,0.044005,0.066536,0.076461,-0.047493,-0.018165,0.011750,-0.021937,-0.007106,-0.020727,-0.025218
0.001364,0.026079,0.020093,0.046038,-0.039766,0.036443,0.072954,0.097962,0.054077,0.083331,0.085946,0.059761,0.070175,0.071037,-0.025814,-0.077193,-0.063640,-0.081326,-0.010216,-0.057556,-0.002552,-0.015047,0.058330,-0.029357,-0.043968,-0.104975,0.011934,0.004762,0.005436,0.019718,-0.067960,-0.044513,-0.064250,-0.009504,1.000000,0.350489,-0.036029,0.016576,0.214009,0.120788,0.092540,0.090194,0.065988,0.094790,0.075435,0.000134,0.057523,0.065422,-0.023224,0.112867,0.006816,-0.063235,0.084246,-0.078945,-0.013765,-0.012806,0.064843,0.001507,0.046839,0.032583,0.004386,0.090178,0.006115,0.073486,-0.116622,0.216411,0.009283,0.583491
-0.001980,0.176650,0.148748,0.044106,0.003097,0.051461,0.081005,0.065711,0.022728,0.081279,0.093380,0.107606,0.076884,0.121658,-0.000151,0.068029,-0.028163,0.015325,0.039665,0.007390,0.005494,0.003363,0.010021,0.007633,-0.009628,-0.069756,0.057757,0.000724,0.032242,0.014762,-0.007770,-0.057116,-0.048631,-0.016063,0.350489,1.000000,0.037196,0.021984,0.325556,0.126243,0.100230,0.060510,0.061151,0.077332,0.102110,0.024594,0.076642,0.112396,0.001361,0.128109,0.049092,0.031406,0.143294,-0.010578,-0.000937,0.001130,0.051510,0.021966,0.069581,0.042069,0.022568,-0.021010,0.097834,0.133410,0.017589,0.209065,0.033818,0.401962
-0.024937,0.053354,0.729349,0.569960,-0.022423,0.124715,-0.067928,0.072972,0.156829,0.129296,0.058930,0.464129,0.185430,0.110120,-0.052111,0.068876,0.037753,-0.014612,0.034931,-0.014435,-0.050900,-0.067802,-0.113570,-0.027552,0.010415,-0.033947,-0.070888,-0.046024,0.026435,0.017121,0.011402,-0.080233,0.001557,0.005214,-0.036029,0.037196,1.000000,0.519388,-0.081992,0.046264,-0.045932,0.105689,0.101770,0.128477,0.079696,0.432962,0.226130,0.115559,-0.054853,-0.005218,-0.020892,-0.005059,-0.075700,0.018638,-0.069564,-0.056224,-0.121396,-0.065851,-0.033685,-0.030040,-0.009278,-0.013102,-0.003230,-0.017748,0.001117,-0.066671,-0.009897,-0.033076
-0.039875,-0.032804,0.476142,0.967850,-0.022015,0.150864,-0.070386,0.392982,0.377568,0.338302,0.175317,0.577541,0.484942,0.184597,-0.087666,0.012686,0.011348,-0.066890,0.004613,-0.058946,-0.024068,-0.065931,-0.055675,-0.044070,0.027732,-0.016629,-0.037852,-0.030575,0.003807,0.001434,0.005931,-0.026160,-0.006385,-0.025641,0.016576,0.021984,0.519388,1.000000,-0.050135,0.040021,-0.026663,0.427798,0.301050,0.349768,0.184958,0.601373,0.493521,0.193386,-0.087939,-0.023172,-0.023351,-0.069833,-0.061511,-0.040975,-0.074568,-0.061765,-0.061898,-0.070353,-0.041647,-0.036452,-0.020247,-0.002361,-0.018717,-0.030888,-0.030659,-0.057072,-0.022340,0.018808
0.062636,0.142246,0.004815,-0.053770,0.079156,0.113769,0.117140,0.058158,0.056605,0.082523,0.118064,0.002783,0.034116,0.079212,-0.046320,0.039700,-0.006038,-0.061867,-0.014324,-0.052463,-0.083424,-0.078903,-0.001999,-0.051011,-0.049921,-0.086298,0.001676,0.006991,0.102926,0.060015,-0.010179,0.080367,0.021686,0.022294,0.214009,0.325556,-0.081992,-0.050135,1.000000,0.273822,0.113741,0.043768,0.081364,0.080548,0.097219,-0.030820,0.026770,0.071734,-0.044701,0.166757,0.191248,-0.030060,0.110205,-0.075392,-0.061932,-0.073806,0.013989,-0.042986,-0.016925,0.008089,-0.051046,-0.077979,0.105351,0.156736,0.039638,0.192296,0.062105,0.394941
0.018268,0.171496,0.109595,0.052248,0.081995,0.279937,0.158000,0.140176,0.237242,0.197132,0.215566,0.049266,0.154212,0.170747,-0.057683,0.017936,0.039618,-0.026341,0.044559,-0.047628,-0.037716,-0.055314,0.007864,-0.004293,0.146240,-0.085003,0.008638,-0.020107,0.118615,0.119319,0.021666,0.029188,0.001531,0.048385,0.120788,0.126243,0.046264,0.040021,0.273822,1.000000,0.154995,0.146370,0.274183,0.209736,0.181329,0.031486,0.150661,0.159004,-0.056364,0.117635,0.167462,-0.012025,0.173743,-0.053489,-0.064404,-0.048839,0.022946,-0.024307,0.152116,0.052255,-0.049626,-0.088648,0.201905,0.241087,0.122930,0.181871,0.078653,0.199992
0.018817,0.120282,-0.008569,-0.016182,0.110452,0.251861,0.936295,0.481882,0.324666,0.153881,0.095222,0.022100,0.287834,0.086784,0.029903,0.058250,0.089034,0.055733,0.054771,0.040713,0.055737,0.059749,0.041732,0.004043,0.038893,-0.030765,0.019612,-0.021552,-0.031317,-0.010698,0.004753,0.029531,0.037603,0.010693,0.092540,0.100230,-0.045932,-0.026663,0.113741,0.154995,1.000000,0.443153,0.389080,0.175920,0.089447,-0.014772,0.204643,0.100165,0.030204,0.054877,0.013906,0.050134,-0.006320,0.034508,0.028093,0.047819,0.042382,0.060651,0.011618,0.026103,0.067754,0.026335,-0.028022,-0.012561,-0.028474,0.052938,0.067270,0.087993
0.000626,0.048870,0.132018,0.424747,-0.001244,0.377009,0.358853,0.988541,0.737465,0.651620,0.405122,0.263262,0.915399,0.417724,-0.179465,-0.033942,0.018012,-0.169969,0.008882,-0.170835,-0.099829,-0.147242,-0.066309,-0.081620,0.055089,0.006393,0.018644,-0.016240,0.003718,-0.005755,0.014062,-0.007689,-0.003876,-0.010912,0.090194,0.060510,0.105689,0.427798,0.043768,0.146370,0.443153,1.000000,0.730438,0.691361,0.418379,0.224392,0.818502,0.428184,-0.177102,-0.052961,-0.042325,-0.184808,-0.107433,-0.151262,-0.163718,-0.145916,-0.084571,-0.111863,-0.014378,-0.039498,0.015025,0.035956,-0.028897,-0.032797,-0.040886,0.005313,0.044929,0.085976
0.031847,0.102894,0.158118,0.330608,0.069869,0.487553,0.325966,0.722639,0.891655,0.619332,0.436915,0.185485,0.681185,0.373458,-0.121743,-0.022447,0.041642,-0.123330,0.078300,-0.135231,-0.046273,-0.070255,-0.006133,-0.007745,0.086114,0.054991,0.006586,-0.026162,0.052304,0.041220,0.023924,0.020578,0.012180,0.053021,0.065988,0.061151,0.101770,0.301050,0.081364,0.274183,0.389080,0.730438,1.000000,0.650123,0.418710,0.110452,0.625793,0.378805,-0.119454,0.031494,0.041907,-0.143314,-0.020084,-0.129701,-0.089563,-0.079901,-0.015985,-0.021761,0.029667,0.004986,0.046038,-0.006993,0.011184,0.051753,0.003252,0.043749,0.031167,0.051987
0.046848,0.088386,0.149664,0.356142,0.056943,0.439782,0.114764,0.673276,0.670305,0.981967,0.843326,0.165587,0.788078,0.786852,-0.299057,-0.030553,-0.005429,-0.302384,0.045934,-0.314224,-0.158969,-0.209504,-0.036796,-0.048861,0.093592,0.047844,0.014050,-0.008000,0.083841,0.032952,0.041770,0.029610,0.022565,0.082190,0.094790,0.077332,0.128477,0.349768,0.080548,0.209736,0.175920,0.691361,0.650123,1.000000,0.835716,0.137471,0.785732,0.785121,-0.295184,0.058367,0.021100,-0.328016,-0.094247,-0.288388,-0.227767,-0.203590,-0.065410,-0.125088,-0.000771,0.006627,0.046353,-0.000162,-0.000345,0.017841,-0.042713,0.049197,0.021865,0.091532
0.068193,0.108047,0.095313,0.198166,0.049343,0.339578,0.056253,0.401539,0.432646,0.864565,0.976231,0.049960,0.554855,0.965940,-0.265031,0.092473,0.010548,-0.237144,0.058164,-0.270865,-0.121911,-0.173693,-0.009673,0.007538,0.124333,0.075378,0.023376,0.002131,0.084972,0.033677,0.034271,0.061693,0.028461,0.087886,0.075435,0.102110,0.079696,0.184958,0.097219,0.181329,0.089447,0.418379,0.418710,0.835716,1.000000,0.032590,0.592238,0.957089,-0.262164,0.144402,0.044945,-0.264390,-0.074305,-0.234024,-0.189442,-0.162376,-0.029157,-0.084436,0.033957,0.038653,0.007822,-0.053804,0.017171,0.037270,-0.009428,0.048992,0.029764,0.032025
0.001045,0.017630,0.395592,0.587470,-0.035426,0.082507,-0.028396,0.193542,0.158089,0.129402,0.008697,0.702166,0.304460,0.072616,0.002810,0.086769,0.052896,0.035264,0.020568,0.043433,-0.008190,-0.032570,-0.093614,-0.037503,0.013886,-0.033264,-0.035756,-0.016358,0.012507,0.046863,0.012495,-0.046335,0.001711,-0.034060,0.000134,0.024594,0.432962,0.601373,-0.030820,0.031486,-0.014772,0.224392,0.110452,0.137471,0.032590,1.000000,0.339885,0.087212,0.001582,-0.012670,-0.016880,0.050349,-0.071139,0.058297,-0.020197,-0.024754,-0.093410,-0.042717,-0.031742,-0.013399,-0.010383,-0.004322,0.031307,-0.031707,-0.036552,-0.054561,-0.020957,0.013926
0.002313,0.044978,0.246548,0.499247,0.011963,0.389765,0.130828,0.784611,0.672187,0.763079,0.558963,0.369300,0.953472,0.615428,-0.302096,-0.065102,-0.014074,-0.277812,0.004499,-0.273902,-0.165953,-0.245377,-0.126891,-0.111172,0.053637,0.000649,-0.002506,0.002352,0.035119,0.020750,0.037103,-0.032652,0.002435,0.011503,0.057523,0.076642,0.226130,0.493521,0.026770,0.150661,0.204643,0.818502,0.625793,0.785732,0.592238,0.339885,1.000000,0.624886,-0.300573,-0.076828,-0.025647,-0.287043,-0.156584,-0.244622,-0.257507,-0.239943,-0.139145,-0.193355,-0.031669,-0.038473,0.008657,-0.002406,-0.007296,-0.009371,-0.035725,-0.015774,0.003400,0.041800
0.065021,0.118145,0.118913,0.207038,0.035039,0.329359,0.066780,0.403697,0.404848,0.809516,0.915233,0.108431,0.581344,0.990953,-0.252255,0.100396,-0.011154,-0.209447,0.041700,-0.235833,-0.122313,-0.183944,-0.045474,-0.009770,0.125097,0.057994,0.023891,0.002858,0.058207,0.028463,0.038707,0.035500,0.022537,0.052230,0.065422,0.112396,0.115559,0.193386,0.071734,0.159004,0.100165,0.428184,0.378805,0.785121,0.957089,0.087212,0.624886,1.000000,-0.250090,0.120470,0.024812,-0.227497,-0.102723,-0.193745,-0.197781,-0.168594,-0.055136,-0.104295,0.033700,0.035486,0.017707,-0.066529,0.008333,0.015459,-0.000435,0.030616,0.038531,0.019942
0.089545,0.048158,-0.059825,-0.101126,0.031104,-0.110134,0.043961,-0.162016,-0.158691,-0.291204,-0.239152,-0.057442,-0.260070,-0.253110,0.997233,0.492911,0.254653,0.892829,0.171329,0.912392,0.666101,0.866032,0.271963,0.551101,0.115332,0.188005,0.009715,0.010979,-0.027263,0.045470,0.044570,0.253643,0.090042,0.087492,-0.023224,0.001361,-0.054853,-0.087939,-0.044701,-0.056364,0.030204,-0.177102,-0.119454,-0.295184,-0.262164,0.001582,-0.300573,-0.250090,1.000000,0.265275,0.039076,0.878683,0.314866,0.895807,0.911708,0.885869,0.319623,0.804155,0.174495,0.334445,0.191319,0.049291,-0.045763,-0.018592,0.065026,0.062269,0.020854,-0.022497
0.091276,0.125305,0.007842,-0.018056,0.031966,0.029604,0.047731,-0.037835,-0.002505,0.058365,0.186141,-0.016710,-0.073160,0.126769,0.261334,0.567187,0.084011,0.317330,0.101432,0.300104,0.160788,0.250032,0.079059,0.180559,-0.005418,0.061954,0.046798,-0.025625,0.040704,-0.007864,0.025135,0.129218,-0.025169,0.070071,0.112867,0.128109,-0.005218,-0.023172,0.166757,0.117635,0.054877,-0.052961,0.031494,0.058367,0.144402,-0.012670,-0.076828,0.120470,0.265275,1.000000,0.294226,0.342117,0.276368,0.291440,0.256539,0.272235,0.125947,0.229618,0.049247,0.086760,0.020718,-0.084055,0.080619,0.131499,0.031686,0.192647,-0.010601,0.222684
0.038623,0.075247,-0.000729,-0.015319,-0.006513,0.068783,0.006475,-0.037867,0.020700,0.019358,0.066190,-0.022098,-0.031328,0.033185,0.043502,0.127572,0.064882,0.119621,0.088847,0.100394,0.102816,0.083798,0.021695,0.114859,0.022095,0.044900,0.042336,-0.009233,-0.000599,0.020354,0.057045,0.112522,-0.057982,0.077580,0.006816,0.049092,-0.020892,-0.023351,0.191248,0.167462,0.013906,-0.042325,0.041907,0.021100,0.044945,-0.016880,-0.025647,0.024812,0.039076,0.294226,1.000000,0.137256,0.299393,0.097350,0.066729,0.095060,0.056870,0.098257,0.164019,0.022598,-0.018286,-0.144144,0.261118,0.397646,0.358151,0.164509,0.053661,0.083667
0.086974,0.067413,-0.024942,-0.079670,-0.002706,-0.139499,0.065889,-0.171463,-0.176539,-0.325694,-0.251531,-0.002956,-0.254465,-0.232617,0.885213,0.555295,0.215309,0.949531,0.125214,0.952583,0.639466,0.773095,0.138793,0.500413,0.104637,0.114555,0.034250,0.010981,-0.044372,0.014178,0.037598,0.203424,0.048693,0.031941,-0.063235,0.031406,-0.005059,-0.069833,-0.030060,-0.012025,0.050134,-0.184808,-0.143314,-0.328016,-0.264390,0.050349,-0.287043,-0.227497,0.878683,0.342117,0.137256,1.000000,0.388476,0.918706,0.816360,0.795505,0.228764,0.704247,0.189419,0.265727,0.105603,-0.021002,0.035632,0.064220,0.129094,0.073136,-0.002690,-0.021361
0.073787,0.069663,-0.011330,-0.068054,0.021385,-0.069024,0.011043,-0.092244,-0.067794,-0.098750,-0.043208,-0.089090,-0.143472,-0.098182,0.315057,0.124604,0.049706,0.354128,0.068752,0.336521,0.346126,0.345418,0.303706,0.219671,0.088348,0.033590,0.053243,-0.047139,-0.015296,-0.011517,-0.065089,0.135469,-0.000725,0.014421,0.084246,0.143294,-0.075700,-0.061511,0.110205,0.173743,-0.006320,-0.107433,-0.020084,-0.094247,-0.074305,-0.071139,-0.156584,-0.102723,0.314866,0.276368,0.299393,0.388476,1.000000,0.283989,0.331128,0.335596,0.474476,0.333332,0.285324,0.106987,0.047837,-0.096798,0.275069,0.437648,0.197943,0.336180,0.042996,0.217970
0.088679,0.054344,-0.010437,-0.054040,-0.007186,-0.129931,0.049700,-0.144973,-0.150516,-0.280048,-0.225752,0.002534,-0.213442,-0.202011,0.906199,0.547519,0.258724,0.944280,0.171627,0.969775,0.660720,0.808979,0.158373,0.560523,0.134109,0.182983,0.026111,0.009108,-0.042024,0.057851,0.067943,0.229375,0.055657,0.070216,-0.078945,-0.010578,0.018638,-0.040975,-0.075392,-0.053489,0.034508,-0.151262,-0.129701,-0.288388,-0.234024,0.058297,-0.244622,-0.193745,0.895807,0.291440,0.097350,0.918706,0.283989,1.000000,0.832191,0.841069,0.219817,0.736816,0.171744,0.263126,0.123199,0.003865,0.002286,-0.010391,0.145794,0.018012,0.014878,-0.071245
0.113661,0.062868,-0.060704,-0.087838,0.034512,-0.081810,0.045811,-0.147069,-0.123186,-0.223183,-0.157860,-0.088422,-0.225402,-0.196979,0.916003,0.428885,0.259941,0.839068,0.162636,0.858602,0.747357,0.936753,0.356713,0.604988,0.154369,0.204577,0.025921,0.046514,-0.037545,0.055972,0.047845,0.242108,0.114577,0.103990,-0.013765,-0.000937,-0.069564,-0.074568,-0.061932,-0.064404,0.028093,-0.163718,-0.089563,-0.227767,-0.189442,-0.020197,-0.257507,-0.197781,0.911708,0.256539,0.066729,0.816360,0.331128,0.832191,1.000000,0.943260,0.396042,0.880714,0.206411,0.395074,0.239899,0.065564,-0.017137,0.010100,0.088170,0.081266,0.026061,-0.035462
0.097230,0.043724,-0.047550,-0.074440,0.010698,-0.080365,0.059808,-0.130912,-0.110569,-0.199958,-0.129461,-0.098425,-0.208306,-0.163742,0.891621,0.440218,0.301715,0.839647,0.200401,0.851532,0.796015,0.980153,0.406043,0.712016,0.231614,0.276808,0.055680,0.026461,-0.049755,0.054757,0.040429,0.230340,0.082972,0.090483,-0.012806,0.001130,-0.056224,-0.061765,-0.073806,-0.048839,0.047819,-0.145916,-0.079901,-0.203590,-0.162376,-0.024754,-0.239943,-0.168594,0.885869,0.272235,0.095060,0.795505,0.335596,0.841069,0.943260,1.000000,0.438969,0.926424,0.221451,0.348111,0.238343,0.069133,-0.020829,0.004181,0.112227,0.083292,0.010824,-0.031906
0.086104,-0.010580,-0.084412,-0.073047,0.062287,-0.034765,0.056536,-0.063090,-0.055455,-0.065729,0.010300,-0.149271,-0.125709,-0.049354,0.316982,0.039319,0.072694,0.276614,0.151668,0.283790,0.521987,0.491130,0.848832,0.322425,0.180438,0.132438,0.036884,0.000605,0.023113,0.040910,-0.021242,0.174545,0.033133,0.086716,0.064843,0.051510,-0.121396,-0.061898,0.013989,0.022946,0.042382,-0.084571,-0.015985,-0.065410,-0.029157,-0.093410,-0.139145,-0.055136,0.319623,0.125947,0.056870,0.228764,0.474476,0.219817,0.396042,0.438969,1.000000,0.439663,0.210323,0.134231,0.083430,-0.031541,-0.004842,0.063362,0.033651,0.235985,0.074480,0.114943
0.113298,0.084920,-0.053328,-0.076949,0.042157,-0.027009,0.078482,-0.097392,-0.058711,-0.127441,-0.043907,-0.110447,-0.161634,-0.097143,0.810628,0.395677,0.352169,0.755663,0.244774,0.747781,0.740252,0.924879,0.422914,0.773962,0.315457,0.346496,0.055042,0.012530,-0.019750,0.095162,0.067413,0.233762,0.124623,0.109462,0.001507,0.021966,-0.065851,-0.070353,-0.042986,-0.024307,0.060651,-0.111863,-0.021761,-0.125088,-0.084436,-0.042717,-0.193355,-0.104295,0.804155,0.229618,0.098257,0.704247,0.333332,0.736816,0.880714,0.926424,0.439663,1.000000,0.269396,0.354115,0.246363,0.061062,-0.008653,0.015219,0.099712,0.104426,0.061228,-0.005028
-0.000951,0.038080,-0.019368,-0.042207,0.005473,0.006148,0.037131,-0.010379,0.002092,-0.001923,0.046294,-0.079733,-0.019446,0.044987,0.180724,0.048977,0.131643,0.203307,0.098946,0.186672,0.219061,0.229884,0.112366,0.170685,0.119255,0.041342,-0.042691,-0.016838,-0.049740,0.028803,0.009087,0.070703,0.025874,0.044005,0.046839,0.069581,-0.033685,-0.041647,-0.016925,0.152116,0.011618,-0.014378,0.029667,-0.000771,0.033957,-0.031742,-0.031669,0.033700,0.174495,0.049247,0.164019,0.189419,0.285324,0.171744,0.206411,0.221451,0.210323,0.269396,1.000000,0.282188,0.049674,-0.151496,0.291895,0.166668,0.213975,0.077663,0.162351,0.030026
-0.005178,0.029458,-0.019564,-0.026779,0.035801,0.001106,0.031910,-0.030264,-0.019269,0.010585,0.060129,-0.101534,-0.030476,0.042514,0.344115,0.102156,0.053611,0.261822,0.074091,0.283318,0.284711,0.331892,0.105723,0.182784,0.065052,0.112175,0.003326,0.049963,-0.034944,-0.006831,-0.073283,0.104667,0.060936,0.066536,0.032583,0.042069,-0.030040,-0.036452,0.008089,0.052255,0.026103,-0.039498,0.004986,0.006627,0.038653,-0.013399,-0.038473,0.035486,0.334445,0.086760,0.022598,0.265727,0.106987,0.263126,0.395074,0.348111,0.134231,0.354115,0.282188,1.000000,0.354682,0.017632,0.059307,0.027404,0.035061,0.030521,0.013764,0.027257
0.033126,0.045133,0.013493,-0.009692,0.020915,-0.022593,0.059351,0.020298,0.033634,0.042265,0.025162,-0.024120,0.013120,0.017985,0.193962,0.073651,0.120636,0.111626,0.010092,0.126586,0.132689,0.222911,0.080287,0.203118,0.084277,0.175194,-0.045807,0.011735,-0.056732,0.012372,0.043463,0.021761,0.054513,0.076461,0.004386,0.022568,-0.009278,-0.020247,-0.051046,-0.049626,0.067754,0.015025,0.046038,0.046353,0.007822,-0.010383,0.008657,0.017707,0.191319,0.020718,-0.018286,0.105603,0.047837,0.123199,0.239899,0.238343,0.083430,0.246363,0.049674,0.354682,1.000000,0.434099,-0.041096,-0.053859,-0.030407,0.004067,-0.024547,-0.072377
-0.026619,-0.072960,-0.023066,0.002318,-0.037348,-0.052709,0.013096,0.034849,0.018771,-0.008073,-0.047899,-0.000802,0.011054,-0.059503,0.046935,-0.031077,0.012437,-0.009229,0.012316,0.002032,-0.007282,0.060631,0.014392,0.014305,0.009685,0.016521,-0.012621,0.027181,-0.024107,0.015444,0.005822,-0.089167,0.006117,-0.047493,0.090178,-0.021010,-0.013102,-0.002361,-0.077979,-0.088648,0.026335,0.035956,-0.006993,-0.000162,-0.053804,-0.004322,-0.002406,-0.066529,0.049291,-0.084055,-0.144144,-0.021002,-0.096798,0.003865,0.065564,0.069133,-0.031541,0.061062,-0.151496,0.017632,0.434099,1.000000,-0.025846,-0.087757,-0.175250,-0.087023,-0.037474,0.068598
-0.022082,0.020491,0.049541,-0.017896,-0.061774,-0.012555,-0.001492,-0.031977,-0.023164,0.005972,0.022968,0.012057,-0.013256,0.021959,-0.040495,0.025702,0.040731,0.025454,0.008544,0.002690,-0.004676,-0.016726,-0.061315,-0.041311,-0.033547,-0.063741,0.010743,0.026255,0.012004,0.044610,0.020141,0.016349,-0.036662,-0.018165,0.006115,0.097834,-0.003230,-0.018717,0.105351,0.201905,-0.028022,-0.028897,0.011184,-0.000345,0.017171,0.031307,-0.007296,0.008333,-0.045763,0.080619,0.261118,0.035632,0.275069,0.002286,-0.017137,-0.020829,-0.004842,-0.008653,0.291895,0.059307,-0.041096,-0.025846,1.000000,0.592764,0.206596,0.025460,-0.064713,0.084706
