1.000000,0.059070,0.008888,0.011451,0.091730,-0.100772,-0.079286,-0.088059,-0.051882,-0.041404,-0.060228,0.050668,-0.077918,-0.030808,-0.001219,0.040242,-0.103642,-0.028340,0.072122,0.024555,-0.022827,0.010269,-0.087830,0.010379,0.016019,-0.105766,-0.063121,0.001972,0.044563,-0.010342,0.063066,0.020147,0.006362,0.099881,-0.011747,0.011586,0.026654,0.060219,-0.021242,-0.040696,-0.019181,-0.047526,-0.040485,-0.101302,0.009966,0.027707,-0.022040,-0.002865,-0.010290,-0.003605,-0.080022,-0.127699,0.041669,0.010865,0.013806,-0.058537,-0.040645,0.000901,-0.062159,-0.032931,0.043114,0.022804,0.012450,-0.079362,-0.023380,-0.001601,-0.020163,0.003918
0.059070,1.000000,0.028458,0.051381,0.029943,0.002489,0.003607,-0.024614,0.078249,-0.092097,-0.068685,-0.022226,-0.061253,0.015659,-0.083104,0.060845,0.016877,0.008089,-0.005065,-0.035807,-0.045121,-0.019966,0.086623,-0.066615,0.094705,-0.084000,0.046793,0.043943,-0.017271,-0.062975,0.043768,0.071285,-0.059820,0.023004,-0.046302,0.021029,-0.003019,0.057068,-0.100248,-0.020350,-0.061651,0.050315,-0.036241,-0.037465,-0.029084,0.068256,0.045342,-0.008413,0.027069,-0.011300,-0.125468,-0.143770,-0.091804,0.011988,0.040585,0.019861,-0.127426,0.089479,-0.060169,-0.008836,0.059056,-0.071620,0.110274,0.050409,-0.017101,0.024815,-0.029268,-0.118714
0.008888,0.028458,1.000000,0.028074,0.062414,-0.021364,0.075103,-0.006115,0.008599,0.051847,-0.005589,0.017579,0.023285,-0.010473,-0.057917,0.057675,-0.050487,-0.041970,-0.030332,-0.017981,0.040998,0.011431,-0.006140,0.023841,-0.050313,0.058193,0.034443,-0.082231,-0.045047,-0.041703,0.090630,-0.074838,-0.030846,0.070772,-0.032931,-0.055564,0.100532,-0.037607,-0.072609,-0.040819,0.050745,0.041801,0.061807,0.107957,-0.137506,0.007282,0.048141,-0.090326,0.069919,0.049266,0.046615,0.054421,-0.077743,-0.094476,-0.072164,-0.061165,-0.092952,0.024617,-0.029304,-0.030102,0.055374,-0.079237,0.003644,0.045196,0.006187,0.010006,0.044339,-0.010740
0.011451,0.051381,0.028074,1.000000,-0.025951,-0.078658,-0.001086,-0.032851,0.008749,0.000197,-0.017742,0.016219,-0.060505,-0.054543,0.025311,-0.018855,0.049457,0.005352,-0.085869,0.022236,0.023425,0.016551,0.042376,-0.065474,-0.034151,0.012484,0.121590,0.099814,0.005106,-0.126674,0.038791,-0.075232,0.048237,0.042174,0.066808,0.001132,0.066083,0.221002,-0.008358,0.005166,-0.039983,-0.048207,0.004349,-0.075736,-0.077821,-0.044639,-0.041152,-0.067643,0.011848,0.019997,0.039093,-0.063021,0.063048,0.031056,0.064508,-0.027655,-0.086974,0.065644,-0.062951,-0.015861,-0.055183,-0.015958,-0.082801,0.059655,0.031432,0.007356,0.025837,0.019046
0.091730,0.029943,0.062414,-0.025951,1.000000,0.032975,0.078247,-0.018216,-0.013795,-0.011574,-0.034662,0.008216,-0.000389,-0.032878,-0.060222,-0.010539,0.003191,-0.064479,0.017918,-0.014405,-0.073824,-0.036516,0.074881,0.053732,0.026821,-0.068170,-0.054437,-0.019556,-0.004902,0.028420,0.007067,0.046712,0.080122,0.151812,-0.007631,-0.094886,0.062726,0.077314,-0.043719,0.018018,0.032908,0.024467,-0.059256,0.018458,-0.076759,0.053215,0.028822,-0.049211,-0.012823,-0.054703,-0.013560,0.018002,-0.009248,-0.045302,0.002978,0.013224,0.019253,0.002938,0.014595,-0.046577,0.071672,-0.017768,-0.002928,-0.066030,-0.014853,-0.028891,0.074037,0.010681
-0.100772,0.002489,-0.021364,-0.078658,0.032975,1.000000,0.122519,0.370055,0.185125,0.154830,0.008138,-0.010532,0.185502,0.075238,0.028054,-0.004893,0.038534,0.060012,0.056601,0.049282,-0.076537,-0.058768,0.012899,0.005874,-0.069117,0.028402,0.018132,0.028398,-0.015903,-0.009400,0.037737,0.004854,0.050177,0.005016,0.057056,-0.002406,0.016415,0.006159,0.033330,0.031397,0.033860,0.221911,0.054227,0.055534,0.017855,-0.011714,0.030044,0.000801,0.042969,0.059638,-0.067797,0.016990,-0.061966,0.029967,-0.056301,-0.004825,-0.038041,-0.018168,-0.052918,0.002157,0.106244,-0.081018,0.012941,-0.081567,0.015174,-0.000794,-0.008930,0.090089
-0.079286,0.003607,0.075103,-0.001086,0.078247,0.122519,1.000000,0.239697,0.056192,0.058683,0.087425,-0.006253,0.125558,0.075870,0.093585,-0.024525,0.049449,0.012475,0.013152,0.126019,-0.035074,-0.023970,-0.029245,-0.000632,-0.087364,0.016487,0.085484,-0.078227,0.005109,0.032366,-0.004236,-0.068226,0.029531,0.027234,0.026462,-0.004280,0.048721,-0.005772,-0.041066,0.082907,0.054781,0.177970,0.083244,0.040547,-0.000457,-0.045589,-0.002978,0.032635,-0.049075,0.006281,0.057748,-0.029852,-0.008933,-0.063314,-0.022244,0.030087,-0.002643,-0.044292,0.032322,-0.042094,0.005663,-0.017629,-0.061785,-0.039063,0.029064,-0.068282,-0.002292,0.031400
-0.088059,-0.024614,-0.006115,-0.032851,-0.018216,0.370055,0.239697,1.000000,0.147580,0.135305,0.177460,0.068029,0.567716,0.264617,0.079514,0.062173,0.094563,0.108695,0.038659,0.086463,0.021375,-0.008968,0.078671,0.000130,-0.010602,-0.000406,-0.057274,0.009600,0.047534,0.015790,-0.009671,-0.012930,0.068627,-0.006479,-0.020077,0.033317,0.052459,-0.054057,-0.009680,0.132684,0.136579,0.646676,0.066149,0.085313,-0.022687,-0.003983,0.051834,0.006475,0.058979,0.035141,0.026321,0.125988,0.082822,-0.028819,-0.037217,-0.008589,0.000705,-0.005522,0.003822,-0.031579,0.060596,0.001552,0.048542,-0.074631,0.058606,0.029788,-0.051425,0.004148
-0.051882,0.078249,0.008599,0.008749,-0.013795,0.185125,0.056192,0.147580,1.000000,0.073800,0.023371,-0.026970,0.050814,0.029111,-0.044778,-0.036192,0.120139,0.064842,0.022510,-0.009384,-0.075790,-0.009643,0.044729,-0.008090,0.071416,-0.057856,-0.041461,-0.037239,-0.046141,-0.083232,-0.022599,0.025503,-0.072397,0.006080,-0.022373,-0.017115,0.009634,-0.084962,0.022776,0.026487,-0.030238,0.117423,0.012811,-0.026002,0.012623,-0.009329,0.045727,0.051099,0.027819,0.019650,-0.000413,0.030505,-0.021876,0.062714,-0.003548,-0.012229,-0.059611,0.027273,0.015067,-0.025280,-0.016590,-0.098428,0.119740,-0.008229,-0.008550,0.062294,-0.049786,-0.030866
-0.041404,-0.092097,0.051847,0.000197,-0.011574,0.154830,0.058683,0.135305,0.073800,1.000000,0.047799,0.025290,0.087481,0.077141,0.045252,0.037341,-0.011908,0.024655,0.012756,0.017933,-0.013052,-0.023678,0.048936,0.032263,0.018244,0.011168,-0.041761,-0.026741,0.012548,0.021736,-0.032244,0.085609,0.109014,0.019271,0.049683,0.076941,-0.031149,-0.019342,0.084048,0.084923,0.065443,0.087991,0.172279,0.339759,0.032326,0.031335,-0.000891,0.036899,-0.001459,0.041996,0.073981,0.037869,0.017397,0.016053,-0.061864,-0.046980,-0.033386,0.020710,0.005068,-0.061738,-0.022761,-0.063164,0.025431,-0.080375,0.028822,-0.062334,0.028312,0.003935
-0.060228,-0.068685,-0.005589,-0.017742,-0.034662,0.008138,0.087425,0.177460,0.023371,0.047799,1.000000,0.033231,0.084960,0.595067,0.078394,0.097662,-0.024340,0.015502,-0.001958,0.097232,0.052933,0.013356,-0.003182,0.012611,-0.010457,0.037630,0.034564,-0.051241,0.120219,-0.095247,-0.061195,-0.068553,-0.000521,0.029984,0.011692,0.097090,0.023764,-0.044945,0.024735,0.080256,0.033309,0.165670,0.077005,0.096247,0.243822,-0.006689,0.003610,0.204298,0.099779,0.070002,0.071301,0.022996,0.082322,-0.011708,0.025605,0.016675,-0.007472,-0.007549,-0.072149,-0.065403,0.028570,-0.002325,-0.037805,-0.044094,0.042629,-0.054342,-0.060831,-0.001847
0.050668,-0.022226,0.017579,0.016219,0.008216,-0.010532,-0.006253,0.068029,-0.026970,0.025290,0.033231,1.000000,0.160858,0.069938,-0.030147,-0.004276,-0.016235,-0.063714,0.024070,-0.017696,0.022259,0.027778,0.007468,-0.031228,0.055220,-0.030855,0.049871,0.032273,-0.023787,0.021092,-0.024405,0.023730,-0.016290,-0.019546,-0.002972,-0.016396,0.051346,0.023066,0.015289,-0.034510,0.021509,0.030712,0.038224,0.021939,0.020896,-0.020194,0.080775,0.060770,0.041304,0.019015,-0.011385,-0.036336,0.093950,0.078995,-0.042029,-0.080149,0.049423,-0.001454,-0.044514,-0.014973,0.049277,0.036936,0.042371,-0.062785,0.014587,-0.012263,0.045913,-0.068825
-0.077918,-0.061253,0.023285,-0.060505,-0.000389,0.185502,0.125558,0.567716,0.050814,0.087481,0.084960,0.160858,1.000000,0.220573,0.036523,-0.019577,0.125041,0.061093,-0.029876,0.111242,-0.029569,-0.031535,0.059412,0.098053,-0.030013,-0.052404,-0.041728,0.043085,0.012372,-0.022567,-0.023238,0.084128,0.057036,-0.001744,0.006295,-0.010810,0.080129,-0.014697,-0.046395,0.088058,0.017549,0.304495,-0.003319,0.055344,0.015728,0.045046,0.022356,0.051977,0.073303,-0.026390,-0.013927,0.070495,0.056563,0.080801,0.044471,-0.011577,0.082927,0.005031,-0.021935,0.002638,0.040968,-0.012602,-0.006657,-0.076009,0.080793,0.062844,-0.007267,-0.008167
-0.030808,0.015659,-0.010473,-0.054543,-0.032878,0.075238,0.075870,0.264617,0.029111,0.077141,0.595067,0.069938,0.220573,1.000000,0.274507,0.125913,0.063729,0.055606,-0.019367,0.165294,0.054851,-0.010102,0.004689,-0.016060,-0.042997,0.021117,-0.047166,-0.063914,0.042835,-0.025794,-0.083009,-0.002441,0.033485,0.041537,-0.002314,0.067462,0.110081,-0.074916,0.059961,0.004736,0.069620,0.235194,0.020296,0.004505,0.110174,0.036370,0.077242,0.195421,0.206262,0.040952,0.016837,0.027754,0.050670,0.116921,0.026476,0.022290,0.030377,0.034705,-0.060248,-0.104379,0.014932,-0.019727,0.060853,0.014327,0.085031,-0.002011,-0.084944,0.001159
-0.001219,-0.083104,-0.057917,0.025311,-0.060222,0.028054,0.093585,0.079514,-0.044778,0.045252,0.078394,-0.030147,0.036523,0.274507,1.000000,0.024949,-0.041768,0.097797,0.006847,0.417775,-0.031805,-0.032907,-0.033978,0.009873,-0.142493,0.132819,0.022726,0.005711,-0.074986,0.067777,-0.055229,-0.077180,-0.043644,-0.022728,0.011636,0.052687,0.052927,-0.028967,0.025120,-0.027807,0.136312,0.063116,0.071569,-0.037642,-0.067888,0.006611,-0.091130,-0.044804,0.063765,-0.015058,0.042823,0.061400,0.056030,0.082681,0.003809,0.048518,0.050542,-0.027153,0.052136,-0.055926,0.046229,0.017429,-0.006013,0.051859,-0.014482,0.081007,-0.009773,0.090332
0.040242,0.060845,0.057675,-0.018855,-0.010539,-0.004893,-0.024525,0.062173,-0.036192,0.037341,0.097662,-0.004276,-0.019577,0.125913,0.024949,1.000000,-0.007731,0.027155,-0.004190,0.050358,-0.011490,-0.040506,0.080694,0.028205,0.061864,-0.002654,-0.006821,-0.053918,-0.040984,-0.042901,-0.002369,-0.070436,-0.055930,-0.014059,0.058454,-0.016284,0.043846,-0.039238,0.030223,-0.004067,0.067448,0.011918,-0.049141,-0.003723,0.051109,-0.077695,-0.058680,0.011687,0.035313,0.101400,0.000871,-0.007429,0.042198,0.007139,0.013778,-0.004925,-0.047226,0.043081,0.029229,0.049810,-0.025564,-0.024591,0.005497,-0.061614,-0.108281,-0.122544,0.048956,-0.018049
-0.103642,0.016877,-0.050487,0.049457,0.003191,0.038534,0.049449,0.094563,0.120139,-0.011908,-0.024340,-0.016235,0.125041,0.063729,-0.041768,-0.007731,1.000000,0.023523,0.003026,0.037685,-0.023559,-0.127042,0.095933,0.011668,-0.048121,-0.046919,-0.043688,0.040187,0.006003,0.023036,0.021330,0.028562,0.044896,0.064943,0.040901,0.052408,0.049120,-0.074657,-0.010523,0.045183,0.029669,0.064401,0.095401,0.025447,0.017434,0.078523,0.002763,0.010717,-0.016895,-0.014226,0.020983,0.046157,-0.019041,-0.000939,0.019836,0.042121,-0.026522,0.033448,-0.026700,0.075609,0.076732,-0.026239,0.024180,0.042178,-0.088112,0.042330,-0.086106,0.018170
-0.028340,0.008089,-0.041970,0.005352,-0.064479,0.060012,0.012475,0.108695,0.064842,0.024655,0.015502,-0.063714,0.061093,0.055606,0.097797,0.027155,0.023523,1.000000,0.076052,0.120036,-0.020714,-0.007359,-0.027872,0.055418,-0.007827,0.054020,-0.020324,0.037490,0.048066,-0.069811,-0.050408,-0.011657,0.018249,0.069637,0.035540,-0.036783,-0.006453,-0.050182,-0.053153,0.045282,0.047493,0.020306,-0.078317,0.023891,0.020059,0.023075,-0.049871,-0.010439,0.021194,-0.111574,-0.034155,0.107274,0.104028,0.059230,-0.036505,-0.006200,0.009302,0.040766,0.023104,0.084455,-0.009202,-0.037471,0.041639,0.029991,-0.018534,0.083086,-0.006475,0.108421
0.072122,-0.005065,-0.030332,-0.085869,0.017918,0.056601,0.013152,0.038659,0.022510,0.012756,-0.001958,0.024070,-0.029876,-0.019367,0.006847,-0.004190,0.003026,0.076052,1.000000,-0.007380,0.016097,0.037800,0.085437,-0.016172,0.002957,0.022982,0.060777,-0.013540,-0.024914,0.093948,-0.066590,0.044431,-0.026360,-0.081020,-0.046886,-0.012811,0.068481,0.049003,0.043897,0.066104,-0.019741,0.035878,0.045457,0.013360,0.010322,0.001353,0.036697,-0.040033,-0.046157,-0.002522,-0.034097,0.028581,-0.044691,0.015231,-0.020449,-0.024618,0.007908,-0.051851,0.006106,0.066968,0.077357,0.076631,-0.013158,-0.054579,-0.031762,-0.044651,0.051386,0.035177
0.024555,-0.035807,-0.017981,0.022236,-0.014405,0.049282,0.126019,0.086463,-0.009384,0.017933,0.097232,-0.017696,0.111242,0.165294,0.417775,0.050358,0.037685,0.120036,-0.007380,1.000000,0.007790,0.048216,0.033975,0.011640,-0.063330,0.007277,-0.032783,-0.136513,-0.054732,-0.061183,-0.037015,-0.037537,-0.064131,0.089498,0.024186,0.034941,0.086926,-0.011205,0.035918,0.100894,0.106672,0.073074,0.046961,0.051213,0.045586,0.039647,-0.040738,0.038988,0.019189,0.080146,0.032750,0.086391,0.087584,0.126546,-0.032987,0.009908,0.021969,-0.033210,-0.011260,0.057102,0.005271,0.038631,0.051380,0.075285,0.039659,0.089360,0.002174,0.131129
-0.022827,-0.045121,0.040998,0.023425,-0.073824,-0.076537,-0.035074,0.021375,-0.075790,-0.013052,0.052933,0.022259,-0.029569,0.054851,-0.031805,-0.011490,-0.023559,-0.020714,0.016097,0.007790,1.000000,0.400804,-0.065338,-0.039030,-0.014532,-0.062340,0.009749,0.041531,-0.041982,0.071184,0.038677,-0.023297,0.000784,-0.080014,-0.083912,0.029090,-0.045013,0.070223,0.014315,-0.006253,0.108319,0.087995,-0.047363,0.066057,0.104892,0.025484,0.140672,0.050299,-0.048786,0.005775,0.004647,-0.021634,0.058141,-0.090665,-0.021686,-0.041304,0.040198,0.013956,-0.091047,-0.008376,0.013775,0.030152,-0.036754,0.026296,0.042221,-0.007932,-0.044173,-0.098702
0.010269,-0.019966,0.011431,0.016551,-0.036516,-0.058768,-0.023970,-0.008968,-0.009643,-0.023678,0.013356,0.027778,-0.031535,-0.010102,-0.032907,-0.040506,-0.127042,-0.007359,0.037800,0.048216,0.400804,1.000000,0.019081,0.069459,0.023679,-0.013346,-0.003438,0.057871,-0.082940,0.037939,0.042505,0.035244,0.022771,-0.011184,0.007288,0.048606,-0.064768,0.035117,0.042642,-0.022097,0.076900,0.003960,-0.099967,-0.030848,0.042908,0.010751,0.029191,-0.016400,-0.095111,0.047004,-0.002372,0.046785,0.094841,-0.059902,-0.006670,0.028402,0.007996,-0.028442,-0.040270,-0.014285,0.001629,-0.005702,-0.038714,-0.035235,-0.020189,-0.013199,-0.089564,-0.112270
-0.087830,0.086623,-0.006140,0.042376,0.074881,0.012899,-0.029245,0.078671,0.044729,0.048936,-0.003182,0.007468,0.059412,0.004689,-0.033978,0.080694,0.095933,-0.027872,0.085437,0.033975,-0.065338,0.019081,1.000000,0.044333,0.093167,-0.000029,-0.017385,0.047818,0.131872,0.021127,-0.039590,0.026872,0.048178,-0.008586,-0.041075,0.011885,0.047825,-0.031286,-0.033586,0.017945,0.043905,0.075970,0.014108,0.056342,0.016770,-0.061581,-0.048633,-0.034288,-0.046970,0.002578,0.041354,0.075072,-0.058415,-0.039540,0.029019,0.017596,-0.072148,0.010469,0.052670,0.062792,0.034857,0.095396,0.028121,0.004177,0.005187,0.054313,0.060676,-0.046655
0.010379,-0.066615,0.023841,-0.065474,0.053732,0.005874,-0.000632,0.000130,-0.008090,0.032263,0.012611,-0.031228,0.098053,-0.016060,0.009873,0.028205,0.011668,0.055418,-0.016172,0.011640,-0.039030,0.069459,0.044333,1.000000,-0.029486,0.067156,0.047734,0.039208,-0.010228,-0.017608,0.016266,0.005334,-0.005237,0.154934,0.044867,0.064515,0.000814,-0.064505,0.097843,0.013730,0.063837,-0.014380,-0.077510,0.010605,0.008765,-0.031212,-0.013786,0.018061,-0.008756,-0.000285,0.047875,0.132250,0.061483,0.009675,0.031601,-0.045453,0.036105,0.012546,-0.096277,-0.077160,-0.008032,-0.043486,0.056132,-0.033990,-0.009994,-0.006275,-0.089220,0.089194
0.016019,0.094705,-0.050313,-0.034151,0.026821,-0.069117,-0.087364,-0.010602,0.071416,0.018244,-0.010457,0.055220,-0.030013,-0.042997,-0.142493,0.061864,-0.048121,-0.007827,0.002957,-0.063330,-0.014532,0.023679,0.093167,-0.029486,1.000000,-0.088771,-0.077014,-0.004043,0.030380,0.073997,-0.028876,0.007852,0.035434,0.006873,-0.010138,-0.141183,-0.009037,-0.067751,-0.043920,-0.010751,-0.014167,-0.008450,-0.014393,0.093405,-0.016744,-0.084065,-0.012742,-0.023508,-0.021120,-0.029720,-0.019487,-0.107353,-0.066272,-0.029260,0.010995,-0.078758,0.038014,0.043011,-0.000234,0.096247,-0.069504,0.074245,0.017233,-0.000095,0.056691,-0.019787,-0.020877,-0.073017
-0.105766,-0.084000,0.058193,0.012484,-0.068170,0.028402,0.016487,-0.000406,-0.057856,0.011168,0.037630,-0.030855,-0.052404,0.021117,0.132819,-0.002654,-0.046919,0.054020,0.022982,0.007277,-0.062340,-0.013346,-0.000029,0.067156,-0.088771,1.000000,0.152304,0.003798,0.041738,0.051823,-0.015294,-0.117055,0.005194,0.056195,-0.008762,0.114953,0.049868,-0.024508,0.042207,0.065735,-0.020879,0.010720,-0.002353,0.014273,-0.000058,0.006108,-0.033401,-0.034589,-0.008956,0.039830,0.066358,0.103281,-0.039203,-0.016766,0.088664,0.015294,-0.054273,0.014772,0.012697,0.005797,0.032999,-0.046179,-0.056412,0.056060,-0.009312,0.089888,-0.054104,0.061286
-0.063121,0.046793,0.034443,0.121590,-0.054437,0.018132,0.085484,-0.057274,-0.041461,-0.041761,0.034564,0.049871,-0.041728,-0.047166,0.022726,-0.006821,-0.043688,-0.020324,0.060777,-0.032783,0.009749,-0.003438,-0.017385,0.047734,-0.077014,0.152304,1.000000,0.086656,-0.029936,-0.099996,-0.061655,0.022332,-0.116700,0.022050,0.064868,-0.001531,0.131158,0.059574,0.039354,0.119575,0.034233,-0.008592,0.024368,0.017450,0.030749,-0.013544,0.020349,-0.005650,-0.088380,-0.008491,0.043542,-0.028116,0.026471,-0.021847,-0.023949,-0.015746,-0.040818,0.004223,0.000210,0.020593,0.006490,0.012855,-0.017990,0.060868,-0.010634,0.030524,-0.052831,0.078106
0.001972,0.043943,-0.082231,0.099814,-0.019556,0.028398,-0.078227,0.009600,-0.037239,-0.026741,-0.051241,0.032273,0.043085,-0.063914,0.005711,-0.053918,0.040187,0.037490,-0.013540,-0.136513,0.041531,0.057871,0.047818,0.039208,-0.004043,0.003798,0.086656,1.000000,-0.035377,-0.019854,0.007010,0.099012,0.073918,0.024885,-0.040125,0.010939,0.002613,0.073370,-0.012146,-0.099177,0.043338,-0.046113,-0.057863,-0.032488,0.000726,-0.024923,-0.025718,0.009995,-0.018120,0.006841,-0.024546,-0.032372,0.022147,-0.002605,0.018902,0.050633,0.067135,0.134224,-0.049284,0.006541,0.094425,-0.020274,-0.075102,-0.057519,0.033123,-0.010146,-0.077329,-0.044873
0.044563,-0.017271,-0.045047,0.005106,-0.004902,-0.015903,0.005109,0.047534,-0.046141,0.012548,0.120219,-0.023787,0.012372,0.042835,-0.074986,-0.040984,0.006003,0.048066,-0.024914,-0.054732,-0.041982,-0.082940,0.131872,-0.010228,0.030380,0.041738,-0.029936,-0.035377,1.000000,-0.004864,0.010114,-0.046165,0.016319,0.030316,-0.053132,0.068922,-0.054392,-0.016931,0.010725,-0.044630,-0.005003,0.073912,0.017146,0.010072,-0.009539,0.044530,0.055073,0.004292,0.055271,-0.007535,0.054863,0.008818,0.023252,-0.073115,0.007668,0.038098,0.038641,0.030695,0.037160,-0.028182,-0.081240,-0.024589,-0.057781,-0.064108,0.057503,0.015231,0.060071,0.017376
-0.010342,-0.062975,-0.041703,-0.126674,0.028420,-0.009400,0.032366,0.015790,-0.083232,0.021736,-0.095247,0.021092,-0.022567,-0.025794,0.067777,-0.042901,0.023036,-0.069811,0.093948,-0.061183,0.071184,0.037939,0.021127,-0.017608,0.073997,0.051823,-0.099996,-0.019854,-0.004864,1.000000,0.044273,0.014839,-0.033964,-0.019220,0.033141,-0.009732,-0.057755,-0.050366,0.034009,0.030859,-0.028901,0.011241,0.009891,0.039875,-0.045588,0.087195,0.057770,-0.090778,0.003577,-0.026752,0.007476,0.032560,0.021895,-0.026331,0.008022,-0.088817,0.027704,-0.033732,0.025478,0.028591,0.087646,0.072142,-0.006211,0.031606,-0.040178,-0.015489,-0.003481,-0.040351
0.063066,0.043768,0.090630,0.038791,0.007067,0.037737,-0.004236,-0.009671,-0.022599,-0.032244,-0.061195,-0.024405,-0.023238,-0.083009,-0.055229,-0.002369,0.021330,-0.050408,-0.066590,-0.037015,0.038677,0.042505,-0.039590,0.016266,-0.028876,-0.015294,-0.061655,0.007010,0.010114,0.044273,1.000000,0.030117,0.100930,-0.021609,0.016466,0.079677,-0.018940,-0.025175,-0.038757,-0.061703,-0.008219,0.023277,0.016705,-0.010143,0.032259,-0.007032,0.003221,-0.003695,-0.061754,0.015790,0.055124,-0.078490,-0.067504,0.006759,-0.010741,-0.056771,-0.080844,-0.009161,-0.023450,-0.009797,0.063749,-0.007942,0.055224,0.011186,-0.008538,-0.013787,-0.042522,-0.002910
0.020147,0.071285,-0.074838,-0.075232,0.046712,0.004854,-0.068226,-0.012930,0.025503,0.085609,-0.068553,0.023730,0.084128,-0.002441,-0.077180,-0.070436,0.028562,-0.011657,0.044431,-0.037537,-0.023297,0.035244,0.026872,0.005334,0.007852,-0.117055,0.022332,0.099012,-0.046165,0.014839,0.030117,1.000000,0.054909,0.066432,-0.043772,-0.037378,0.009348,0.017344,-0.018653,0.009405,0.049364,0.030383,-0.036789,-0.052811,-0.011315,0.056388,0.012047,0.063646,-0.010942,0.004795,-0.071106,-0.029975,-0.014566,0.081039,-0.043070,-0.010758,0.056635,-0.010602,-0.083323,-0.008184,0.008925,-0.058862,0.067285,-0.000972,-0.070125,-0.016624,-0.044397,-0.060103
0.006362,-0.059820,-0.030846,0.048237,0.080122,0.050177,0.029531,0.068627,-0.072397,0.109014,-0.000521,-0.016290,0.057036,0.033485,-0.043644,-0.055930,0.044896,0.018249,-0.026360,-0.064131,0.000784,0.022771,0.048178,-0.005237,0.035434,0.005194,-0.116700,0.073918,0.016319,-0.033964,0.100930,0.054909,1.000000,0.029745,-0.007661,-0.052207,-0.067973,0.097542,-0.127870,-0.051383,-0.001514,0.089211,0.001521,0.025654,-0.024051,0.021447,0.047175,-0.008803,0.105611,0.102531,0.072354,-0.045478,-0.025103,0.037887,0.018627,-0.098034,0.045376,0.018366,-0.025670,0.003892,0.026200,-0.027550,-0.097256,0.004231,0.044962,0.057122,0.023494,-0.010650
0.099881,0.023004,0.070772,0.042174,0.151812,0.005016,0.027234,-0.006479,0.006080,0.019271,0.029984,-0.019546,-0.001744,0.041537,-0.022728,-0.014059,0.064943,0.069637,-0.081020,0.089498,-0.080014,-0.011184,-0.008586,0.154934,0.006873,0.056195,0.022050,0.024885,0.030316,-0.019220,-0.021609,0.066432,0.029745,1.000000,0.001387,0.049496,0.101762,-0.080481,-0.010086,0.083186,0.013513,0.023595,-0.023786,0.055331,0.036496,0.045196,0.005901,0.020345,0.029250,0.034904,0.000756,0.039295,0.028359,0.045895,0.036015,0.006087,-0.035573,0.028886,-0.007112,0.076755,-0.061717,-0.027704,0.024356,-0.013557,0.087157,0.025693,-0.071695,0.033652
-0.011747,-0.046302,-0.032931,0.066808,-0.007631,0.057056,0.026462,-0.020077,-0.022373,0.049683,0.011692,-0.002972,0.006295,-0.002314,0.011636,0.058454,0.040901,0.035540,-0.046886,0.024186,-0.083912,0.007288,-0.041075,0.044867,-0.010138,-0.008762,0.064868,-0.040125,-0.053132,0.033141,0.016466,-0.043772,-0.007661,0.001387,1.000000,0.116045,0.016161,0.060519,0.112848,0.087972,-0.048263,-0.039581,0.011499,0.062487,-0.030431,-0.122549,-0.069033,-0.026942,0.009288,0.038160,0.027620,-0.029154,-0.043601,-0.022119,-0.103177,0.038134,-0.062872,0.010778,-0.046160,0.062675,0.079603,-0.019959,0.048266,0.086535,0.012228,-0.008587,-0.014125,0.352781
0.011586,0.021029,-0.055564,0.001132,-0.094886,-0.002406,-0.004280,0.033317,-0.017115,0.076941,0.097090,-0.016396,-0.010810,0.067462,0.052687,-0.016284,0.052408,-0.036783,-0.012811,0.034941,0.029090,0.048606,0.011885,0.064515,-0.141183,0.114953,-0.001531,0.010939,0.068922,-0.009732,0.079677,-0.037378,-0.052207,0.049496,0.116045,1.000000,-0.012279,-0.064632,0.002468,0.032014,-0.045083,0.000191,0.051840,-0.065825,0.106335,-0.073926,-0.056581,0.045406,0.000752,0.059841,0.007938,-0.060542,-0.000336,-0.027501,0.039804,0.046034,-0.079675,-0.051780,-0.057913,-0.034047,0.012315,-0.033899,0.055758,0.000566,-0.015561,-0.000174,-0.073842,0.060890
0.026654,-0.003019,0.100532,0.066083,0.062726,0.016415,0.048721,0.052459,0.009634,-0.031149,0.023764,0.051346,0.080129,0.110081,0.052927,0.043846,0.049120,-0.006453,0.068481,0.086926,-0.045013,-0.064768,0.047825,0.000814,-0.009037,0.049868,0.131158,0.002613,-0.054392,-0.057755,-0.018940,0.009348,-0.067973,0.101762,0.016161,-0.012279,1.000000,-0.043691,-0.007253,0.093941,0.046028,0.062875,0.006996,0.066818,-0.015629,-0.087354,-0.028494,-0.002071,-0.019009,0.044541,0.064771,0.069095,0.048166,-0.028723,-0.004718,-0.017802,-0.011851,0.046479,-0.026144,-0.010478,0.022343,-0.031524,-0.015191,0.006737,-0.054419,0.062206,-0.079474,0.012660
0.060219,0.057068,-0.037607,0.221002,0.077314,0.006159,-0.005772,-0.054057,-0.084962,-0.019342,-0.044945,0.023066,-0.014697,-0.074916,-0.028967,-0.039238,-0.074657,-0.050182,0.049003,-0.011205,0.070223,0.035117,-0.031286,-0.064505,-0.067751,-0.024508,0.059574,0.073370,-0.016931,-0.050366,-0.025175,0.017344,0.097542,-0.080481,0.060519,-0.064632,-0.043691,1.000000,-0.038329,0.004971,0.021902,-0.028054,-0.040797,-0.043366,-0.029591,0.031766,0.109430,-0.036570,0.003381,0.124702,0.025061,0.022267,-0.016055,-0.000028,0.064902,0.068473,-0.018560,0.024255,-0.123041,-0.042686,-0.062528,-0.079528,-0.101272,-0.030903,-0.006734,-0.013414,0.046106,0.028695
-0.021242,-0.100248,-0.072609,-0.008358,-0.043719,0.033330,-0.041066,-0.009680,0.022776,0.084048,0.024735,0.015289,-0.046395,0.059961,0.025120,0.030223,-0.010523,-0.053153,0.043897,0.035918,0.014315,0.042642,-0.033586,0.097843,-0.043920,0.042207,0.039354,-0.012146,0.010725,0.034009,-0.038757,-0.018653,-0.127870,-0.010086,0.112848,0.002468,-0.007253,-0.038329,1.000000,0.047289,-0.042087,-0.046073,0.008305,0.087527,0.021134,-0.048394,0.011334,0.026585,-0.019931,0.012557,0.057280,0.047077,-0.006651,0.095943,-0.046447,-0.018592,0.051954,-0.061671,-0.052003,-0.036696,0.100487,0.083237,-0.038351,0.025191,0.042362,0.004161,0.009395,0.180810
-0.040696,-0.020350,-0.040819,0.005166,0.018018,0.031397,0.082907,0.132684,0.026487,0.084923,0.080256,-0.034510,0.088058,0.004736,-0.027807,-0.004067,0.045183,0.045282,0.066104,0.100894,-0.006253,-0.022097,0.017945,0.013730,-0.010751,0.065735,0.119575,-0.099177,-0.044630,0.030859,-0.061703,0.009405,-0.051383,0.083186,0.087972,0.032014,0.093941,0.004971,0.047289,1.000000,0.024063,0.224126,0.307194,0.210242,0.069032,-0.025564,-0.011328,0.018840,-0.026933,0.031139,0.025766,0.019322,0.035497,-0.020191,-0.054084,-0.084784,-0.038813,-0.093319,-0.012172,0.050819,-0.021104,-0.063768,-0.031877,0.039434,0.029252,-0.098123,-0.014422,0.132081
-0.019181,-0.061651,0.050745,-0.039983,0.032908,0.033860,0.054781,0.136579,-0.030238,0.065443,0.033309,0.021509,0.017549,0.069620,0.136312,0.067448,0.029669,0.047493,-0.019741,0.106672,0.108319,0.076900,0.043905,0.063837,-0.014167,-0.020879,0.034233,0.043338,-0.005003,-0.028901,-0.008219,0.049364,-0.001514,0.013513,-0.048263,-0.045083,0.046028,0.021902,-0.042087,0.024063,1.000000,0.226776,-0.026607,0.032789,0.038820,0.088567,0.156267,0.093328,0.011559,0.041061,0.055132,0.068974,0.037261,0.011441,-0.023468,-0.003821,0.130685,0.038574,-0.061708,-0.011918,-0.098112,-0.077949,0.021370,-0.020041,-0.012635,-0.003957,0.038354,-0.077716
-0.047526,0.050315,0.041801,-0.048207,0.024467,0.221911,0.177970,0.646676,0.117423,0.087991,0.165670,0.030712,0.304495,0.235194,0.063116,0.011918,0.064401,0.020306,0.035878,0.073074,0.087995,0.003960,0.075970,-0.014380,-0.008450,0.010720,-0.008592,-0.046113,0.073912,0.011241,0.023277,0.030383,0.089211,0.023595,-0.039581,0.000191,0.062875,-0.028054,-0.046073,0.224126,0.226776,1.000000,0.080064,0.135485,-0.018011,0.021568,0.232394,0.078687,0.142546,0.074585,0.067745,0.023624,0.040274,-0.048493,0.003034,-0.051789,-0.002386,-0.044752,-0.023203,-0.075945,0.055066,0.002979,0.101886,-0.017629,0.073971,-0.039170,0.023071,-0.047477
-0.040485,-0.036241,0.061807,0.004349,-0.059256,0.054227,0.083244,0.066149,0.012811,0.172279,0.077005,0.038224,-0.003319,0.020296,0.071569,-0.049141,0.095401,-0.078317,0.045457,0.046961,-0.047363,-0.099967,0.014108,-0.077510,-0.014393,-0.002353,0.024368,-0.057863,0.017146,0.009891,0.016705,-0.036789,0.001521,-0.023786,0.011499,0.051840,0.006996,-0.040797,0.008305,0.307194,-0.026607,0.080064,1.000000,0.240641,0.031795,0.029459,-0.074334,-0.008916,0.022934,0.008594,0.062026,0.005466,-0.054806,-0.008519,-0.038625,-0.050699,-0.030564,-0.076625,-0.015320,-0.012213,0.042862,0.011095,-0.012830,0.027914,0.035459,0.023191,0.004294,0.044359
-0.101302,-0.037465,0.107957,-0.075736,0.018458,0.055534,0.040547,0.085313,-0.026002,0.339759,0.096247,0.021939,0.055344,0.004505,-0.037642,-0.003723,0.025447,0.023891,0.013360,0.051213,0.066057,-0.030848,0.056342,0.010605,0.093405,0.014273,0.017450,-0.032488,0.010072,0.039875,-0.010143,-0.052811,0.025654,0.055331,0.062487,-0.065825,0.066818,-0.043366,0.087527,0.210242,0.032789,0.135485,0.240641,1.000000,0.047991,0.022815,-0.068292,0.024109,-0.010679,0.075010,0.064896,0.002163,0.013484,-0.018011,-0.061855,-0.043592,-0.008163,0.002894,-0.025647,-0.008491,-0.012716,0.020494,-0.026305,-0.088682,0.030303,-0.032489,-0.005675,0.067916
0.009966,-0.029084,-0.137506,-0.077821,-0.076759,0.017855,-0.000457,-0.022687,0.012623,0.032326,0.243822,0.020896,0.015728,0.110174,-0.067888,0.051109,0.017434,0.020059,0.010322,0.045586,0.104892,0.042908,0.016770,0.008765,-0.016744,-0.000058,0.030749,0.000726,-0.009539,-0.045588,0.032259,-0.011315,-0.024051,0.036496,-0.030431,0.106335,-0.015629,-0.029591,0.021134,0.069032,0.038820,-0.018011,0.031795,0.047991,1.000000,0.053000,0.142636,0.714593,0.091370,0.018167,0.023443,-0.056037,0.075944,0.142662,0.043524,0.024326,-0.030398,0.028119,-0.029978,-0.011099,-0.109424,-0.056326,0.026498,-0.060198,0.097593,-0.092619,-0.095526,-0.077740
0.027707,0.068256,0.007282,-0.044639,0.053215,-0.011714,-0.045589,-0.003983,-0.009329,0.031335,-0.006689,-0.020194,0.045046,0.036370,0.006611,-0.077695,0.078523,0.023075,0.001353,0.039647,0.025484,0.010751,-0.061581,-0.031212,-0.084065,0.006108,-0.013544,-0.024923,0.044530,0.087195,-0.007032,0.056388,0.021447,0.045196,-0.122549,-0.073926,-0.087354,0.031766,-0.048394,-0.025564,0.088567,0.021568,0.029459,0.022815,0.053000,1.000000,0.251946,0.098624,-0.026558,-0.034372,0.027434,0.085888,0.062765,0.021705,-0.021436,-0.000182,0.020413,-0.087294,0.061141,-0.028759,-0.062931,-0.039533,0.031385,0.016273,0.072964,0.066793,0.012352,-0.074845
-0.022040,0.045342,0.048141,-0.041152,0.028822,0.030044,-0.002978,0.051834,0.045727,-0.000891,0.003610,0.080775,0.022356,0.077242,-0.091130,-0.058680,0.002763,-0.049871,0.036697,-0.040738,0.140672,0.029191,-0.048633,-0.013786,-0.012742,-0.033401,0.020349,-0.025718,0.055073,0.057770,0.003221,0.012047,0.047175,0.005901,-0.069033,-0.056581,-0.028494,0.109430,0.011334,-0.011328,0.156267,0.232394,-0.074334,-0.068292,0.142636,0.251946,1.000000,0.243395,0.276190,0.062466,0.087044,0.003682,-0.024618,0.093976,-0.029631,-0.001936,0.030318,0.041656,0.009048,0.008371,-0.027648,-0.047144,0.029986,0.012767,0.153179,0.022561,0.102894,-0.051207
-0.002865,-0.008413,-0.090326,-0.067643,-0.049211,0.000801,0.032635,0.006475,0.051099,0.036899,0.204298,0.060770,0.051977,0.195421,-0.044804,0.011687,0.010717,-0.010439,-0.040033,0.038988,0.050299,-0.016400,-0.034288,0.018061,-0.023508,-0.034589,-0.005650,0.009995,0.004292,-0.090778,-0.003695,0.063646,-0.008803,0.020345,-0.026942,0.045406,-0.002071,-0.036570,0.026585,0.018840,0.093328,0.078687,-0.008916,0.024109,0.714593,0.098624,0.243395,1.000000,0.193906,0.014414,0.058039,-0.039186,0.047079,0.238326,0.019356,0.031746,0.018015,0.022185,-0.041721,-0.013053,-0.068210,-0.092983,0.033899,-0.070689,0.112781,-0.095674,-0.066941,-0.041097
-0.010290,0.027069,0.069919,0.011848,-0.012823,0.042969,-0.049075,0.058979,0.027819,-0.001459,0.099779,0.041304,0.073303,0.206262,0.063765,0.035313,-0.016895,0.021194,-0.046157,0.019189,-0.048786,-0.095111,-0.046970,-0.008756,-0.021120,-0.008956,-0.088380,-0.018120,0.055271,0.003577,-0.061754,-0.010942,0.105611,0.029250,0.009288,0.000752,-0.019009,0.003381,-0.019931,-0.026933,0.011559,0.142546,0.022934,-0.010679,0.091370,-0.026558,0.276190,0.193906,1.000000,0.092328,-0.002217,-0.060650,0.042835,0.255698,0.014786,0.024407,0.081238,0.042245,-0.001015,0.029669,-0.003775,-0.041376,0.007270,0.013192,0.122097,0.007614,0.000070,-0.034546
-0.003605,-0.011300,0.049266,0.019997,-0.054703,0.059638,0.006281,0.035141,0.019650,0.041996,0.070002,0.019015,-0.026390,0.040952,-0.015058,0.101400,-0.014226,-0.111574,-0.002522,0.080146,0.005775,0.047004,0.002578,-0.000285,-0.029720,0.039830,-0.008491,0.006841,-0.007535,-0.026752,0.015790,0.004795,0.102531,0.034904,0.038160,0.059841,0.044541,0.124702,0.012557,0.031139,0.041061,0.074585,0.008594,0.075010,0.018167,-0.034372,0.062466,0.014414,0.092328,1.000000,0.090926,0.083905,0.027840,-0.012335,-0.028246,0.067836,-0.110822,0.009255,-0.100367,0.076764,0.000413,-0.072271,-0.027464,-0.004182,-0.015056,-0.094591,-0.059915,0.044173
-0.080022,-0.125468,0.046615,0.039093,-0.013560,-0.067797,0.057748,0.026321,-0.000413,0.073981,0.071301,-0.011385,-0.013927,0.016837,0.042823,0.000871,0.020983,-0.034155,-0.034097,0.032750,0.004647,-0.002372,0.041354,0.047875,-0.019487,0.066358,0.043542,-0.024546,0.054863,0.007476,0.055124,-0.071106,0.072354,0.000756,0.027620,0.007938,0.064771,0.025061,0.057280,0.025766,0.055132,0.067745,0.062026,0.064896,0.023443,0.027434,0.087044,0.058039,-0.002217,0.090926,1.000000,0.007714,0.016030,0.064071,0.009433,0.048287,-0.008148,0.029723,0.049870,-0.076139,0.016685,-0.012246,-0.026621,0.079332,0.038927,0.002186,0.081371,0.006832
-0.127699,-0.143770,0.054421,-0.063021,0.018002,0.016990,-0.029852,0.125988,0.030505,0.037869,0.022996,-0.036336,0.070495,0.027754,0.061400,-0.007429,0.046157,0.107274,0.028581,0.086391,-0.021634,0.046785,0.075072,0.132250,-0.107353,0.103281,-0.028116,-0.032372,0.008818,0.032560,-0.078490,-0.029975,-0.045478,0.039295,-0.029154,-0.060542,0.069095,0.022267,0.047077,0.019322,0.068974,0.023624,0.005466,0.002163,-0.056037,0.085888,0.003682,-0.039186,-0.060650,0.083905,0.007714,1.000000,0.307471,-0.031683,-0.015374,0.052923,0.030393,-0.001935,0.024068,0.060751,0.000991,-0.051118,0.001465,0.042274,-0.117327,0.061284,-0.082009,0.022583
0.041669,-0.091804,-0.077743,0.063048,-0.009248,-0.061966,-0.008933,0.082822,-0.021876,0.017397,0.082322,0.093950,0.056563,0.050670,0.056030,0.042198,-0.019041,0.104028,-0.044691,0.087584,0.058141,0.094841,-0.058415,0.061483,-0.066272,-0.039203,0.026471,0.022147,0.023252,0.021895,-0.067504,-0.014566,-0.025103,0.028359,-0.043601,-0.000336,0.048166,-0.016055,-0.006651,0.035497,0.037261,0.040274,-0.054806,0.013484,0.075944,0.062765,-0.024618,0.047079,0.042835,0.027840,0.016030,0.307471,1.000000,0.021496,0.082604,-0.058034,0.118439,0.048982,-0.004994,0.013191,0.069430,0.047686,0.102806,0.095610,-0.041970,0.039682,0.000995,-0.057614
0.010865,0.011988,-0.094476,0.031056,-0.045302,0.029967,-0.063314,-0.028819,0.062714,0.016053,-0.011708,0.078995,0.080801,0.116921,0.082681,0.007139,-0.000939,0.059230,0.015231,0.126546,-0.090665,-0.059902,-0.039540,0.009675,-0.029260,-0.016766,-0.021847,-0.002605,-0.073115,-0.026331,0.006759,0.081039,0.037887,0.045895,-0.022119,-0.027501,-0.028723,-0.000028,0.095943,-0.020191,0.011441,-0.048493,-0.008519,-0.018011,0.142662,0.021705,0.093976,0.238326,0.255698,-0.012335,0.064071,-0.031683,0.021496,1.000000,-0.030094,0.025635,-0.006989,0.015332,0.078758,0.024824,0.010503,-0.076070,0.038217,0.042961,0.013030,-0.004945,-0.028502,0.046791
0.013806,0.040585,-0.072164,0.064508,0.002978,-0.056301,-0.022244,-0.037217,-0.003548,-0.061864,0.025605,-0.042029,0.044471,0.026476,0.003809,0.013778,0.019836,-0.036505,-0.020449,-0.032987,-0.021686,-0.006670,0.029019,0.031601,0.010995,0.088664,-0.023949,0.018902,0.007668,0.008022,-0.010741,-0.043070,0.018627,0.036015,-0.103177,0.039804,-0.004718,0.064902,-0.046447,-0.054084,-0.023468,0.003034,-0.038625,-0.061855,0.043524,-0.021436,-0.029631,0.019356,0.014786,-0.028246,0.009433,-0.015374,0.082604,-0.030094,1.000000,0.217234,-0.013412,0.059034,-0.005568,-0.035645,-0.002584,0.005466,-0.040013,-0.062793,0.024550,0.050638,-0.021262,-0.065305
-0.058537,0.019861,-0.061165,-0.027655,0.013224,-0.004825,0.030087,-0.008589,-0.012229,-0.046980,0.016675,-0.080149,-0.011577,0.022290,0.048518,-0.004925,0.042121,-0.006200,-0.024618,0.009908,-0.041304,0.028402,0.017596,-0.045453,-0.078758,0.015294,-0.015746,0.050633,0.038098,-0.088817,-0.056771,-0.010758,-0.098034,0.006087,0.038134,0.046034,-0.017802,0.068473,-0.018592,-0.084784,-0.003821,-0.051789,-0.050699,-0.043592,0.024326,-0.000182,-0.001936,0.031746,0.024407,0.067836,0.048287,0.052923,-0.058034,0.025635,0.217234,1.000000,0.010409,0.083586,0.008375,-0.040910,-0.057893,0.000846,0.006626,-0.045921,0.002437,-0.036421,-0.061818,-0.049094
-0.040645,-0.127426,-0.092952,-0.086974,0.019253,-0.038041,-0.002643,0.000705,-0.059611,-0.033386,-0.007472,0.049423,0.082927,0.030377,0.050542,-0.047226,-0.026522,0.009302,0.007908,0.021969,0.040198,0.007996,-0.072148,0.036105,0.038014,-0.054273,-0.040818,0.067135,0.038641,0.027704,-0.080844,0.056635,0.045376,-0.035573,-0.062872,-0.079675,-0.011851,-0.018560,0.051954,-0.038813,0.130685,-0.002386,-0.030564,-0.008163,-0.030398,0.020413,0.030318,0.018015,0.081238,-0.110822,-0.008148,0.030393,0.118439,-0.006989,-0.013412,0.010409,1.000000,0.008682,0.087629,0.085860,0.056195,0.073351,0.026408,-0.014821,-0.066912,0.014555,0.042202,-0.031517
0.000901,0.089479,0.024617,0.065644,0.002938,-0.018168,-0.044292,-0.005522,0.027273,0.020710,-0.007549,-0.001454,0.005031,0.034705,-0.027153,0.043081,0.033448,0.040766,-0.051851,-0.033210,0.013956,-0.028442,0.010469,0.012546,0.043011,0.014772,0.004223,0.134224,0.030695,-0.033732,-0.009161,-0.010602,0.018366,0.028886,0.010778,-0.051780,0.046479,0.024255,-0.061671,-0.093319,0.038574,-0.044752,-0.076625,0.002894,0.028119,-0.087294,0.041656,0.022185,0.042245,0.009255,0.029723,-0.001935,0.048982,0.015332,0.059034,0.083586,0.008682,1.000000,-0.096707,0.010362,0.024822,-0.067221,0.041639,0.032354,0.037714,0.006646,-0.024026,-0.118013
-0.062159,-0.060169,-0.029304,-0.062951,0.014595,-0.052918,0.032322,0.003822,0.015067,0.005068,-0.072149,-0.044514,-0.021935,-0.060248,0.052136,0.029229,-0.026700,0.023104,0.006106,-0.011260,-0.091047,-0.040270,0.052670,-0.096277,-0.000234,0.012697,0.000210,-0.049284,0.037160,0.025478,-0.023450,-0.083323,-0.025670,-0.007112,-0.046160,-0.057913,-0.026144,-0.123041,-0.052003,-0.012172,-0.061708,-0.023203,-0.015320,-0.025647,-0.029978,0.061141,0.009048,-0.041721,-0.001015,-0.100367,0.049870,0.024068,-0.004994,0.078758,-0.005568,0.008375,0.087629,-0.096707,1.000000,0.065714,-0.024323,0.001719,0.014188,0.067529,0.037314,0.064611,0.057957,0.035368
-0.032931,-0.008836,-0.030102,-0.015861,-0.046577,0.002157,-0.042094,-0.031579,-0.025280,-0.061738,-0.065403,-0.014973,0.002638,-0.104379,-0.055926,0.049810,0.075609,0.084455,0.066968,0.057102,-0.008376,-0.014285,0.062792,-0.077160,0.096247,0.005797,0.020593,0.006541,-0.028182,0.028591,-0.009797,-0.008184,0.003892,0.076755,0.062675,-0.034047,-0.010478,-0.042686,-0.036696,0.050819,-0.011918,-0.075945,-0.012213,-0.008491,-0.011099,-0.028759,0.008371,-0.013053,0.029669,0.076764,-0.076139,0.060751,0.013191,0.024824,-0.035645,-0.040910,0.085860,0.010362,0.065714,1.000000,0.085716,-0.025804,0.010141,0.040403,-0.031720,0.081632,0.063122,0.040226
0.043114,0.059056,0.055374,-0.055183,0.071672,0.106244,0.005663,0.060596,-0.016590,-0.022761,0.028570,0.049277,0.040968,0.014932,0.046229,-0.025564,0.076732,-0.009202,0.077357,0.005271,0.013775,0.001629,0.034857,-0.008032,-0.069504,0.032999,0.006490,0.094425,-0.081240,0.087646,0.063749,0.008925,0.026200,-0.061717,0.079603,0.012315,0.022343,-0.062528,0.100487,-0.021104,-0.098112,0.055066,0.042862,-0.012716,-0.109424,-0.062931,-0.027648,-0.068210,-0.003775,0.000413,0.016685,0.000991,0.069430,0.010503,-0.002584,-0.057893,0.056195,0.024822,-0.024323,0.085716,1.000000,0.115410,0.000761,0.050975,-0.040080,0.041258,0.013207,0.012775
0.022804,-0.071620,-0.079237,-0.015958,-0.017768,-0.081018,-0.017629,0.001552,-0.098428,-0.063164,-0.002325,0.036936,-0.012602,-0.019727,0.017429,-0.024591,-0.026239,-0.037471,0.076631,0.038631,0.030152,-0.005702,0.095396,-0.043486,0.074245,-0.046179,0.012855,-0.020274,-0.024589,0.072142,-0.007942,-0.058862,-0.027550,-0.027704,-0.019959,-0.033899,-0.031524,-0.079528,0.083237,-0.063768,-0.077949,0.002979,0.011095,0.020494,-0.056326,-0.039533,-0.047144,-0.092983,-0.041376,-0.072271,-0.012246,-0.051118,0.047686,-0.076070,0.005466,0.000846,0.073351,-0.067221,0.001719,-0.025804,0.115410,1.000000,-0.001457,0.050540,-0.025060,0.015437,0.065789,0.005873
