1.000000,0.669954,-0.031168,0.107384,0.796894,0.550811,0.719225,0.558352,0.550393,0.529289,0.298071,0.310841,0.515064,0.320824,0.145272,0.602640,0.658743,0.301928,0.486458,0.071952,0.171469,0.181504,0.453629,0.074000,0.159395,0.395774,0.386061,0.462025,0.323668,0.464978,0.461086,0.003727,-0.111222,0.818611,0.204994,0.249880,0.041098,0.115386,0.326059,0.481955,0.451245,0.543773,0.479129,0.591106,0.245599,0.212343,0.330620,0.257649,0.188294,0.332310,0.293533,-0.006818,0.168203,0.122860,0.050769,0.045954,0.086850,0.076166,0.133271,0.110485,0.106761,0.222125,0.273329,0.281932,0.251555,0.189258,-0.003561,0.356489
0.669954,1.000000,0.008035,0.095377,0.579718,0.408751,0.560122,0.407862,0.393990,0.372075,0.225210,0.246055,0.379222,0.237458,0.110039,0.428901,0.452626,0.199333,0.317194,0.032141,0.076791,0.083562,0.293100,-0.017270,0.031163,0.400264,0.396547,0.387662,0.147952,0.290644,0.305960,0.090067,-0.049321,0.523722,0.155082,0.185425,0.027988,0.100309,0.253569,0.357520,0.345236,0.400665,0.349521,0.417392,0.193123,0.169138,0.249253,0.198296,0.138764,0.257168,0.218849,0.002559,0.135301,0.088624,0.036699,0.026903,0.061867,0.060406,0.110353,0.089900,0.095905,0.171049,0.202386,0.213023,0.174779,0.150586,-0.013030,0.266150
-0.031168,0.008035,1.000000,0.182036,-0.004670,0.069197,-0.030472,0.082464,0.077660,0.069336,0.125251,0.121562,0.066952,0.122338,0.135411,0.015602,0.011168,0.038721,0.080832,0.147556,0.106461,0.103799,0.011449,0.103750,0.052875,-0.004486,-0.007137,-0.016520,0.114583,0.082772,0.049552,0.011951,0.006433,-0.001163,0.148761,0.138115,0.290453,0.176142,0.115751,0.083827,0.084153,0.079132,0.078196,0.042929,0.132865,0.150993,0.122628,0.127902,0.132437,0.093499,0.123120,0.072504,0.108062,0.139160,0.138081,0.131130,0.115859,0.138098,0.138310,0.131613,0.118792,0.092339,0.128957,0.118499,0.118925,0.144583,0.036557,0.113047
0.107384,0.095377,0.182036,1.000000,0.191536,0.661675,0.127858,0.713176,0.724132,0.707732,0.897623,0.907763,0.722611,0.885543,0.874476,0.456466,0.349935,0.424485,0.647098,0.795061,0.618491,0.620569,0.317787,0.595790,0.384102,0.280207,0.269699,0.140452,0.578694,0.608233,0.432517,0.140480,0.038803,0.170391,0.923721,0.803084,0.802100,0.969589,0.860032,0.777785,0.783983,0.707728,0.790628,0.603955,0.909115,0.935473,0.878660,0.908543,0.895851,0.834779,0.864389,0.473573,0.761705,0.856285,0.663620,0.687265,0.729680,0.749742,0.815758,0.836418,0.828375,0.832942,0.879953,0.880153,0.879332,0.814020,-0.073803,0.859627
0.796894,0.579718,-0.004670,0.191536,1.000000,0.624073,0.695687,0.600500,0.598222,0.570510,0.355026,0.373489,0.546887,0.377285,0.209734,0.619589,0.694687,0.395508,0.557885,0.145950,0.255867,0.270919,0.501333,0.182418,0.259690,0.341966,0.325830,0.433652,0.410974,0.529277,0.523186,0.014670,-0.111751,0.891374,0.270307,0.296740,0.092407,0.188364,0.368623,0.506392,0.500619,0.573277,0.511751,0.595186,0.311453,0.275786,0.384503,0.321372,0.247351,0.381206,0.341489,0.040343,0.220043,0.181763,0.115740,0.113316,0.144614,0.137104,0.191330,0.171920,0.170777,0.283315,0.320213,0.325981,0.297483,0.229708,-0.011838,0.401484
0.550811,0.408751,0.069197,0.661675,0.624073,1.000000,0.491638,0.921584,0.915280,0.857807,0.804790,0.801116,0.894164,0.824615,0.694886,0.721026,0.685450,0.566472,0.812383,0.595739,0.549858,0.569601,0.520661,0.494175,0.403095,0.392157,0.378121,0.352951,0.633328,0.762993,0.649416,0.075412,-0.052752,0.599666,0.714253,0.655465,0.481720,0.655742,0.772876,0.876735,0.831778,0.899299,0.877065,0.833353,0.759548,0.738925,0.817141,0.768072,0.703862,0.756396,0.750971,0.319096,0.614167,0.630079,0.443380,0.463384,0.508445,0.506515,0.584345,0.581501,0.566691,0.663481,0.746003,0.751669,0.712865,0.621360,-0.033224,0.800201
0.719225,0.560122,-0.030472,0.127858,0.695687,0.491638,1.000000,0.601244,0.555701,0.489174,0.301052,0.329756,0.565482,0.333863,0.137424,0.538045,0.606169,0.333684,0.454051,0.039209,0.086221,0.112677,0.369225,0.027625,0.108620,0.353481,0.350030,0.432260,0.282050,0.430891,0.431685,0.029094,-0.101731,0.705239,0.183104,0.225249,0.012442,0.109726,0.352208,0.518562,0.528358,0.598334,0.499845,0.556868,0.233841,0.202452,0.338265,0.248345,0.160889,0.318656,0.259336,-0.067444,0.123368,0.085648,-0.030575,-0.030293,0.021631,0.008084,0.083793,0.063836,0.055773,0.222783,0.246437,0.256585,0.212722,0.144327,-0.002972,0.365006
0.558352,0.407862,0.082464,0.713176,0.600500,0.921584,0.601244,1.000000,0.959476,0.916953,0.867717,0.868134,0.972758,0.891758,0.737920,0.754579,0.689510,0.590052,0.844354,0.624958,0.539069,0.567251,0.528902,0.498183,0.419810,0.393402,0.381046,0.356770,0.668634,0.795261,0.647955,0.079741,-0.055562,0.592546,0.765814,0.713887,0.514059,0.705891,0.854969,0.959769,0.924705,0.985436,0.954724,0.901989,0.816785,0.793496,0.883802,0.827468,0.752472,0.826791,0.806698,0.327914,0.646750,0.671596,0.449850,0.472451,0.531382,0.528525,0.616593,0.613840,0.594662,0.718909,0.796074,0.806662,0.758700,0.668757,-0.048330,0.878378
0.550393,0.393990,0.077660,0.724132,0.598222,0.915280,0.555701,0.959476,1.000000,0.940856,0.875996,0.870811,0.942728,0.896312,0.763357,0.747990,0.682093,0.612590,0.887111,0.675247,0.595311,0.619461,0.565699,0.558281,0.471941,0.361594,0.342746,0.318297,0.736894,0.835699,0.660424,0.093324,-0.054311,0.596546,0.782343,0.713330,0.520802,0.718115,0.851275,0.944615,0.902266,0.952286,0.952341,0.897068,0.829074,0.801134,0.880787,0.837290,0.771075,0.839138,0.825223,0.393356,0.691089,0.697161,0.486356,0.515543,0.567527,0.555084,0.637155,0.638040,0.615940,0.732339,0.806921,0.822010,0.779998,0.686321,-0.046805,0.882398
0.529289,0.372075,0.069336,0.707732,0.570510,0.857807,0.489174,0.916953,0.940856,1.000000,0.848794,0.845429,0.899334,0.865453,0.735811,0.792541,0.712176,0.641042,0.886507,0.649759,0.575766,0.604942,0.547746,0.533940,0.437026,0.362972,0.346721,0.307838,0.692979,0.823088,0.665089,0.070168,-0.064644,0.575952,0.759276,0.691784,0.509746,0.703019,0.828557,0.910594,0.865813,0.909738,0.923401,0.923233,0.801023,0.779485,0.849954,0.808830,0.742863,0.831810,0.806727,0.376860,0.664394,0.668328,0.470943,0.497146,0.548054,0.540488,0.613167,0.616280,0.598027,0.710475,0.784901,0.795990,0.754366,0.664199,-0.039859,0.857921
0.298071,0.225210,0.125251,0.897623,0.355026,0.804790,0.301052,0.867717,0.875996,0.848794,1.000000,0.947599,0.873546,0.991907,0.931934,0.588238,0.481106,0.536949,0.783035,0.855855,0.688957,0.700171,0.450456,0.646911,0.455875,0.299683,0.286184,0.203340,0.673922,0.731349,0.525208,0.152231,0.038762,0.334910,0.944747,0.839571,0.715324,0.911164,0.933347,0.907516,0.895220,0.863471,0.919708,0.759955,0.980059,0.961300,0.969566,0.983909,0.956946,0.915314,0.939853,0.530856,0.839116,0.908711,0.701546,0.724258,0.767441,0.778961,0.844187,0.860517,0.830615,0.860923,0.947318,0.951766,0.932421,0.854506,-0.070129,0.951459
0.310841,0.246055,0.121562,0.907763,0.373489,0.801116,0.329756,0.868134,0.870811,0.845429,0.947599,1.000000,0.884160,0.950828,0.867779,0.608122,0.513163,0.529140,0.775148,0.765554,0.604651,0.619278,0.427815,0.575135,0.411940,0.344244,0.333531,0.240207,0.643711,0.725227,0.550256,0.157375,0.017729,0.357659,0.913291,0.820369,0.695029,0.896646,0.916129,0.912373,0.891317,0.865561,0.920739,0.773632,0.931748,0.938183,0.943999,0.937245,0.893435,0.891676,0.902266,0.439921,0.766146,0.829466,0.599534,0.626854,0.684913,0.695077,0.778103,0.791214,0.777031,0.849102,0.902748,0.913401,0.893706,0.809592,-0.065567,0.929096
0.515064,0.379222,0.066952,0.722611,0.546887,0.894164,0.565482,0.972758,0.942728,0.899334,0.873546,0.884160,1.000000,0.897831,0.737855,0.740760,0.666469,0.586162,0.822893,0.609607,0.503319,0.527244,0.502977,0.461550,0.394051,0.381484,0.373425,0.341514,0.633955,0.774449,0.635439,0.098148,-0.045651,0.539856,0.766302,0.713741,0.496546,0.708510,0.859878,0.964259,0.918827,0.972016,0.958111,0.897735,0.822031,0.797507,0.891788,0.831756,0.755124,0.834003,0.804935,0.295397,0.638071,0.667746,0.426852,0.447548,0.519122,0.512102,0.610176,0.608529,0.591616,0.725046,0.801172,0.813299,0.764345,0.667756,-0.044469,0.884039
0.320824,0.237458,0.122338,0.885543,0.377285,0.824615,0.333863,0.891758,0.896312,0.865453,0.991907,0.950828,0.897831,1.000000,0.928370,0.612282,0.504415,0.543590,0.800400,0.847189,0.678509,0.691915,0.458798,0.643700,0.460492,0.301666,0.289148,0.212606,0.683463,0.745974,0.542700,0.147688,0.026436,0.359711,0.931896,0.831247,0.694255,0.894687,0.932188,0.923177,0.908400,0.886456,0.933235,0.779241,0.969285,0.949558,0.968099,0.975106,0.945082,0.910078,0.932214,0.512234,0.825860,0.893254,0.677913,0.702568,0.746898,0.756324,0.822959,0.838225,0.807511,0.854020,0.936800,0.943685,0.919972,0.838056,-0.071055,0.953494
0.145272,0.110039,0.135411,0.874476,0.209734,0.694886,0.137424,0.737920,0.763357,0.735811,0.931934,0.867779,0.737855,0.928370,1.000000,0.450804,0.324932,0.442071,0.682891,0.933063,0.692517,0.696252,0.329748,0.698692,0.446477,0.225833,0.219553,0.097441,0.632539,0.634234,0.422031,0.157567,0.083848,0.186138,0.913743,0.793566,0.717689,0.895042,0.855936,0.779397,0.782733,0.726758,0.797889,0.603497,0.932232,0.919200,0.891189,0.937157,0.959068,0.837105,0.893132,0.601477,0.843543,0.936109,0.740835,0.768484,0.802541,0.807640,0.855232,0.888543,0.844353,0.821499,0.900391,0.900735,0.899899,0.835768,-0.078784,0.873910
0.602640,0.428901,0.015602,0.456466,0.619589,0.721026,0.538045,0.754579,0.747990,0.792541,0.588238,0.608122,0.740760,0.612282,0.450804,1.000000,0.809476,0.439263,0.668093,0.342101,0.326712,0.343747,0.405096,0.266620,0.225698,0.388960,0.382122,0.362522,0.439723,0.616681,0.622429,0.034437,-0.096821,0.627745,0.499028,0.475380,0.291357,0.442371,0.598320,0.729345,0.676671,0.749940,0.728873,0.781967,0.521426,0.522463,0.610452,0.537441,0.460198,0.571876,0.540708,0.096360,0.363233,0.373032,0.203837,0.225329,0.287185,0.281753,0.355620,0.357109,0.357174,0.484391,0.530371,0.537549,0.486656,0.428566,-0.011044,0.624182
0.658743,0.452626,0.011168,0.349935,0.694687,0.685450,0.606169,0.689510,0.682093,0.712176,0.481106,0.513163,0.666469,0.504415,0.324932,0.809476,1.000000,0.536051,0.678436,0.196945,0.259428,0.272626,0.470457,0.178320,0.195180,0.430434,0.422242,0.432922,0.421528,0.637320,0.707285,0.007518,-0.144519,0.744486,0.384245,0.386283,0.219066,0.332772,0.500315,0.644001,0.593152,0.676960,0.642463,0.723056,0.414455,0.412705,0.509815,0.428869,0.343201,0.493773,0.435679,-0.022307,0.247814,0.246070,0.120416,0.136151,0.183245,0.189529,0.256393,0.246551,0.254538,0.394882,0.429797,0.436945,0.393959,0.328744,0.016689,0.523000
0.301928,0.199333,0.038721,0.424485,0.395508,0.566472,0.333684,0.590052,0.612590,0.641042,0.536949,0.529140,0.586162,0.543590,0.442071,0.439263,0.536051,1.000000,0.783225,0.406839,0.393531,0.426071,0.563933,0.329938,0.322237,0.264156,0.253219,0.285283,0.522982,0.722848,0.528078,0.154606,0.002981,0.450393,0.451847,0.449865,0.315295,0.410745,0.521452,0.581225,0.538183,0.586752,0.597269,0.605900,0.503275,0.469784,0.536653,0.503208,0.436486,0.551555,0.513840,0.324230,0.452796,0.382334,0.281586,0.282592,0.317777,0.303973,0.358903,0.343722,0.318867,0.440611,0.483961,0.506257,0.476511,0.395547,-0.020425,0.539546
0.486458,0.317194,0.080832,0.647098,0.557885,0.812383,0.454051,0.844354,0.887111,0.886507,0.783035,0.775148,0.822893,0.800400,0.682891,0.668093,0.678436,0.783225,1.000000,0.633184,0.619715,0.652393,0.661777,0.574318,0.524705,0.284947,0.264630,0.283841,0.800911,0.916880,0.710840,0.067107,-0.073247,0.608681,0.692808,0.637776,0.483449,0.640962,0.753114,0.825992,0.780134,0.834752,0.838759,0.812814,0.741949,0.712339,0.775782,0.745968,0.682555,0.764844,0.747072,0.419186,0.643200,0.619183,0.460331,0.491198,0.513194,0.510312,0.567033,0.562835,0.535051,0.655363,0.721241,0.737388,0.702996,0.610380,-0.039228,0.783670
0.071952,0.032141,0.147556,0.795061,0.145950,0.595739,0.039209,0.624958,0.675247,0.649759,0.855855,0.765554,0.609607,0.847189,0.933063,0.342101,0.196945,0.406839,0.633184,1.000000,0.814444,0.814310,0.359350,0.809853,0.534337,0.042674,0.018634,-0.038614,0.653881,0.578608,0.317366,0.144235,0.106617,0.129564,0.847026,0.711549,0.675130,0.825325,0.747125,0.648525,0.663534,0.605702,0.675120,0.480406,0.861974,0.843289,0.799014,0.864488,0.907880,0.751378,0.840678,0.757241,0.883720,0.930230,0.804079,0.835333,0.836065,0.829388,0.835164,0.859131,0.799097,0.743005,0.827994,0.832550,0.839490,0.799444,-0.086249,0.780910
0.171469,0.076791,0.106461,0.618491,0.255867,0.549858,0.086221,0.539069,0.595311,0.575766,0.688957,0.604651,0.503319,0.678509,0.692517,0.326712,0.259428,0.393531,0.619715,0.814444,1.000000,0.968160,0.516418,0.860313,0.620776,-0.052890,-0.100170,-0.052399,0.681365,0.569852,0.351499,0.046670,0.040085,0.272391,0.677355,0.552904,0.525399,0.637602,0.588561,0.525017,0.534680,0.514936,0.549370,0.433452,0.688151,0.668394,0.645406,0.690947,0.725134,0.596261,0.681370,0.660961,0.748587,0.754929,0.759655,0.790015,0.725837,0.742266,0.699335,0.698869,0.645456,0.587004,0.672290,0.677317,0.681326,0.660442,-0.029324,0.627825
0.181504,0.083562,0.103799,0.620569,0.270919,0.569601,0.112677,0.567251,0.619461,0.604942,0.700171,0.619278,0.527244,0.691915,0.696252,0.343747,0.272626,0.426071,0.652393,0.814310,0.968160,1.000000,0.540516,0.886107,0.640079,-0.053984,-0.102267,-0.043887,0.713339,0.602969,0.367453,0.046841,0.035924,0.296607,0.681690,0.563272,0.521996,0.640423,0.598957,0.548737,0.563585,0.543224,0.571771,0.458418,0.696380,0.674836,0.656168,0.697757,0.725186,0.608652,0.684526,0.668390,0.750427,0.750777,0.750591,0.784884,0.714874,0.737482,0.686863,0.685933,0.634511,0.589934,0.675731,0.682166,0.680184,0.651939,-0.020557,0.638060
0.453629,0.293100,0.011449,0.317787,0.501333,0.520661,0.369225,0.528902,0.565699,0.547746,0.450456,0.427815,0.502977,0.458798,0.329748,0.405096,0.470457,0.563933,0.661777,0.359350,0.516418,0.540516,1.000000,0.425789,0.699480,0.104944,0.078387,0.246713,0.641665,0.628734,0.473291,0.019612,-0.080952,0.556779,0.378968,0.347223,0.231886,0.306225,0.403587,0.486758,0.464288,0.513835,0.501645,0.510332,0.420325,0.371383,0.439570,0.418057,0.379440,0.450851,0.449664,0.318455,0.432819,0.357040,0.332974,0.336305,0.329481,0.320917,0.331006,0.301034,0.288145,0.366227,0.428849,0.441282,0.424250,0.359525,0.021856,0.461311
0.074000,-0.017270,0.103750,0.595790,0.182418,0.494175,0.027625,0.498183,0.558281,0.533940,0.646911,0.575135,0.461550,0.643700,0.698692,0.266620,0.178320,0.329938,0.574318,0.809853,0.860313,0.886107,0.425789,1.000000,0.697394,-0.161048,-0.208349,-0.171323,0.713611,0.524411,0.302033,0.058320,0.035734,0.233093,0.641107,0.531311,0.495389,0.612606,0.550056,0.482642,0.502776,0.472141,0.509429,0.376245,0.647172,0.633808,0.599734,0.647673,0.682933,0.553539,0.626249,0.632443,0.685969,0.712442,0.683051,0.732636,0.652363,0.677298,0.619716,0.636720,0.594441,0.548272,0.613155,0.616987,0.619198,0.597988,-0.034055,0.582736
0.159395,0.031163,0.052875,0.384102,0.259690,0.403095,0.108620,0.419810,0.471941,0.437026,0.455875,0.411940,0.394051,0.460492,0.446477,0.225698,0.195180,0.322237,0.524705,0.534337,0.620776,0.640079,0.699480,0.697394,1.000000,-0.164360,-0.203903,-0.041609,0.745027,0.506117,0.287518,0.011251,-0.020956,0.310121,0.432510,0.358464,0.314096,0.382202,0.388419,0.383606,0.391010,0.399401,0.408567,0.339130,0.448798,0.418092,0.430883,0.446073,0.447776,0.411620,0.452614,0.444563,0.486398,0.465659,0.437065,0.476123,0.429341,0.428947,0.404210,0.394162,0.372780,0.388670,0.423216,0.429187,0.429454,0.388649,0.022220,0.430076
0.395774,0.400264,-0.004486,0.280207,0.341966,0.392157,0.353481,0.393402,0.361594,0.362972,0.299683,0.344244,0.381484,0.301666,0.225833,0.388960,0.430434,0.264156,0.284947,0.042674,-0.052890,-0.053984,0.104944,-0.161048,-0.164360,1.000000,0.989758,0.789528,0.009225,0.282050,0.357880,0.080416,-0.041677,0.275245,0.286415,0.296644,0.188418,0.273047,0.359007,0.410587,0.381918,0.393939,0.401787,0.410906,0.281931,0.293906,0.330329,0.289766,0.238316,0.329040,0.284097,-0.117455,0.113023,0.156879,0.033291,0.020480,0.090261,0.105510,0.193085,0.206866,0.231773,0.285876,0.302956,0.300429,0.279848,0.222021,-0.041068,0.343336
0.386061,0.396547,-0.007137,0.269699,0.325830,0.378121,0.350030,0.381046,0.342746,0.346721,0.286184,0.333531,0.373425,0.289148,0.219553,0.382122,0.422242,0.253219,0.264630,0.018634,-0.100170,-0.102267,0.078387,-0.208349,-0.203903,0.989758,1.000000,0.800300,-0.021231,0.262909,0.345405,0.080362,-0.040745,0.257191,0.271733,0.287004,0.181390,0.262224,0.349934,0.403357,0.373590,0.383457,0.391614,0.402870,0.268461,0.281719,0.318914,0.276528,0.224999,0.317753,0.270182,-0.150689,0.086195,0.139761,0.004692,-0.011623,0.067238,0.080374,0.177142,0.190933,0.216796,0.276534,0.289510,0.286095,0.264914,0.205476,-0.039944,0.333778
0.462025,0.387662,-0.016520,0.140452,0.433652,0.352951,0.432260,0.356770,0.318297,0.307838,0.203340,0.240207,0.341514,0.212606,0.097441,0.362522,0.432922,0.285283,0.283841,-0.038614,-0.052399,-0.043887,0.246713,-0.171323,-0.041609,0.789528,0.800300,1.000000,0.070395,0.290794,0.330592,0.038972,-0.055744,0.407955,0.168016,0.207868,0.071257,0.131339,0.257881,0.343804,0.323471,0.355526,0.331141,0.373286,0.173096,0.168119,0.234673,0.181664,0.129610,0.243255,0.203627,-0.124766,0.055088,0.060502,-0.015542,-0.040976,0.025626,0.030596,0.103328,0.091980,0.112705,0.201361,0.206832,0.206046,0.179432,0.137219,0.002375,0.268435
0.323668,0.147952,0.114583,0.578694,0.410974,0.633328,0.282050,0.668634,0.736894,0.692979,0.673922,0.643711,0.633955,0.683463,0.632539,0.439723,0.421528,0.522982,0.800911,0.653881,0.681365,0.713339,0.641665,0.713611,0.745027,0.009225,-0.021231,0.070395,1.000000,0.798381,0.498391,0.029488,-0.044794,0.477671,0.624316,0.544752,0.464206,0.578926,0.621717,0.648592,0.637135,0.656553,0.662703,0.592338,0.655969,0.626926,0.656276,0.659905,0.633199,0.627158,0.654034,0.487166,0.626231,0.606512,0.507499,0.550276,0.545593,0.532838,0.551408,0.547381,0.524411,0.572219,0.630199,0.643209,0.623840,0.557230,-0.047087,0.651887
0.464978,0.290644,0.082772,0.608233,0.529277,0.762993,0.430891,0.795261,0.835699,0.823088,0.731349,0.725227,0.774449,0.745974,0.634234,0.616681,0.637320,0.722848,0.916880,0.578608,0.569852,0.602969,0.628734,0.524411,0.506117,0.282050,0.262909,0.290794,0.798381,1.000000,0.741228,0.049732,-0.081561,0.580247,0.652186,0.586238,0.460357,0.602705,0.708199,0.777322,0.743134,0.789971,0.786513,0.760568,0.695831,0.668509,0.733760,0.700189,0.639987,0.699921,0.698018,0.395848,0.609377,0.576277,0.434116,0.462357,0.485346,0.482444,0.541091,0.534441,0.508809,0.610780,0.679168,0.700738,0.666162,0.589117,-0.026402,0.736439
0.461086,0.305960,0.049552,0.432517,0.523186,0.649416,0.431685,0.647955,0.660424,0.665089,0.525208,0.550256,0.635439,0.542700,0.422031,0.622429,0.707285,0.528078,0.710840,0.317366,0.351499,0.367453,0.473291,0.302033,0.287518,0.357880,0.345405,0.330592,0.498391,0.741228,1.000000,-0.027334,-0.171411,0.575134,0.453753,0.427524,0.290580,0.418349,0.535926,0.618447,0.576522,0.641879,0.620940,0.641010,0.482938,0.476349,0.538837,0.488626,0.428404,0.517132,0.487995,0.112343,0.340660,0.346261,0.220437,0.249682,0.259529,0.286574,0.336026,0.336021,0.339513,0.427981,0.480238,0.488525,0.465773,0.402298,0.007166,0.550137
0.003727,0.090067,0.011951,0.140480,0.014670,0.075412,0.029094,0.079741,0.093324,0.070168,0.152231,0.157375,0.098148,0.147688,0.157567,0.034437,0.007518,0.154606,0.067107,0.144235,0.046670,0.046841,0.019612,0.058320,0.011251,0.080416,0.080362,0.038972,0.029488,0.049732,-0.027334,1.000000,0.402944,0.014898,0.161441,0.127506,0.116738,0.136580,0.140808,0.096402,0.097264,0.067220,0.109968,0.036437,0.157258,0.151892,0.142471,0.159432,0.163375,0.146014,0.167783,0.136079,0.178962,0.168430,0.140924,0.129167,0.185213,0.159408,0.185437,0.178770,0.172701,0.162533,0.162935,0.173130,0.179979,0.170528,-0.023482,0.144453
-0.111222,-0.049321,0.006433,0.038803,-0.111751,-0.052752,-0.101731,-0.055562,-0.054311,-0.064644,0.038762,0.017729,-0.045651,0.026436,0.083848,-0.096821,-0.144519,0.002981,-0.073247,0.106617,0.040085,0.035924,-0.080952,0.035734,-0.020956,-0.041677,-0.040745,-0.055744,-0.044794,-0.081561,-0.171411,0.402944,1.000000,-0.142177,0.060714,0.044086,0.039436,0.059467,0.020439,-0.040291,-0.021392,-0.057756,-0.032769,-0.089873,0.054919,0.054963,0.025659,0.061874,0.089347,0.021893,0.060151,0.147016,0.115015,0.116557,0.133087,0.124634,0.133802,0.126613,0.121501,0.124097,0.109533,0.050477,0.059785,0.065504,0.078791,0.086316,-0.032992,0.013720
0.818611,0.523722,-0.001163,0.170391,0.891374,0.599666,0.705239,0.592546,0.596546,0.575952,0.334910,0.357659,0.539856,0.359711,0.186138,0.627745,0.744486,0.450393,0.608681,0.129564,0.272391,0.296607,0.556779,0.233093,0.310121,0.275245,0.257191,0.407955,0.477671,0.580247,0.575134,0.014898,-0.142177,1.000000,0.243497,0.280472,0.092081,0.165570,0.350056,0.497455,0.486087,0.566656,0.502357,0.594081,0.283950,0.254447,0.360210,0.292303,0.213600,0.361827,0.313831,0.018939,0.188788,0.144104,0.096745,0.102354,0.112343,0.120371,0.154885,0.134349,0.134644,0.266267,0.291790,0.302373,0.271683,0.213886,0.012850,0.384889
0.204994,0.155082,0.148761,0.923721,0.270307,0.714253,0.183104,0.765814,0.782343,0.759276,0.944747,0.913291,0.766302,0.931896,0.913743,0.499028,0.384245,0.451847,0.692808,0.847026,0.677355,0.681690,0.378968,0.641107,0.432510,0.286415,0.271733,0.168016,0.624316,0.652186,0.453753,0.161441,0.060714,0.243497,1.000000,0.874334,0.764994,0.949955,0.917617,0.819634,0.828024,0.759338,0.834950,0.648039,0.958887,0.964851,0.930913,0.961581,0.954965,0.881640,0.925645,0.541757,0.837635,0.919681,0.757967,0.776146,0.822957,0.837789,0.899365,0.905526,0.892921,0.887615,0.946247,0.945707,0.941498,0.893331,-0.065603,0.933649
0.249880,0.185425,0.138115,0.803084,0.296740,0.655465,0.225249,0.713887,0.713330,0.691784,0.839571,0.820369,0.713741,0.831247,0.793566,0.475380,0.386283,0.449865,0.637776,0.711549,0.552904,0.563272,0.347223,0.531311,0.358464,0.296644,0.287004,0.207868,0.544752,0.586238,0.427524,0.127506,0.044086,0.280472,0.874334,1.000000,0.652472,0.823527,0.839227,0.757741,0.771423,0.708212,0.769791,0.613377,0.847631,0.850919,0.839626,0.849898,0.832773,0.789373,0.810500,0.419619,0.697867,0.790434,0.619507,0.625699,0.657011,0.697820,0.761059,0.769023,0.772839,0.793707,0.827563,0.828462,0.814866,0.764167,-0.044189,0.836221
0.041098,0.027988,0.290453,0.802100,0.092407,0.481720,0.012442,0.514059,0.520802,0.509746,0.715324,0.695029,0.496546,0.694255,0.717689,0.291357,0.219066,0.315295,0.483449,0.675130,0.525399,0.521996,0.231886,0.495389,0.314096,0.188418,0.181390,0.071257,0.464206,0.460357,0.290580,0.116738,0.039436,0.092081,0.764994,0.652472,1.000000,0.827447,0.666401,0.561545,0.584668,0.504036,0.576165,0.398363,0.744005,0.771568,0.695665,0.738721,0.742493,0.640217,0.695255,0.432784,0.636286,0.725222,0.615047,0.629831,0.646723,0.673496,0.706867,0.722355,0.725826,0.666775,0.716599,0.704292,0.724598,0.684422,-0.078435,0.663836
0.115386,0.100309,0.176142,0.969589,0.188364,0.655742,0.109726,0.705891,0.718115,0.703019,0.911164,0.896646,0.708510,0.894687,0.895042,0.442371,0.332772,0.410745,0.640962,0.825325,0.637602,0.640423,0.306225,0.612606,0.382202,0.273047,0.262224,0.131339,0.578926,0.602705,0.418349,0.136580,0.059467,0.165570,0.949955,0.823527,0.827447,1.000000,0.869567,0.769546,0.780071,0.699277,0.783653,0.590118,0.927974,0.959294,0.892964,0.929205,0.925087,0.842217,0.878962,0.504750,0.789548,0.889858,0.715423,0.736858,0.773935,0.798018,0.855108,0.877238,0.870610,0.855095,0.902123,0.899951,0.902891,0.844563,-0.077218,0.868361
0.326059,0.253569,0.115751,0.860032,0.368623,0.772876,0.352208,0.854969,0.851275,0.828557,0.933347,0.916129,0.859878,0.932188,0.855936,0.598320,0.500315,0.521452,0.753114,0.747125,0.588561,0.598957,0.403587,0.550056,0.388419,0.359007,0.349934,0.257881,0.621717,0.708199,0.535926,0.140808,0.020439,0.350056,0.917617,0.839227,0.666401,0.869567,1.000000,0.902317,0.904125,0.856976,0.906774,0.759441,0.923871,0.917483,0.931950,0.929064,0.886380,0.881387,0.888372,0.421749,0.751790,0.822167,0.615234,0.637987,0.686884,0.705267,0.786307,0.794092,0.788408,0.861954,0.897779,0.910898,0.883512,0.813998,-0.057220,0.946459
0.481955,0.357520,0.083827,0.777785,0.506392,0.876735,0.518562,0.959769,0.944615,0.910594,0.907516,0.912373,0.964259,0.923177,0.779397,0.729345,0.644001,0.581225,0.825992,0.648525,0.525017,0.548737,0.486758,0.482642,0.383606,0.410587,0.403357,0.343804,0.648592,0.777322,0.618447,0.096402,-0.040291,0.497455,0.819634,0.757741,0.561545,0.769546,0.902317,1.000000,0.943899,0.969776,0.982539,0.899482,0.866594,0.849902,0.923427,0.875945,0.800276,0.870193,0.845361,0.319085,0.665549,0.713135,0.463880,0.487847,0.551344,0.556292,0.656833,0.659938,0.645551,0.770249,0.842599,0.855393,0.807680,0.709341,-0.048247,0.918831
0.451245,0.345236,0.084153,0.783983,0.500619,0.831778,0.528358,0.924705,0.902266,0.865813,0.895220,0.891317,0.918827,0.908400,0.782733,0.676671,0.593152,0.538183,0.780134,0.663534,0.534680,0.563585,0.464288,0.502776,0.391010,0.381918,0.373590,0.323471,0.637135,0.743134,0.576522,0.097264,-0.021392,0.486087,0.828024,0.771423,0.584668,0.780071,0.904125,0.943899,1.000000,0.932606,0.942883,0.828190,0.866158,0.848685,0.907986,0.872250,0.806881,0.847559,0.832861,0.345621,0.675582,0.727741,0.501662,0.524993,0.582558,0.589006,0.679439,0.675840,0.662642,0.776511,0.834888,0.846319,0.803453,0.709460,-0.053299,0.898829
0.543773,0.400665,0.079132,0.707728,0.573277,0.899299,0.598334,0.985436,0.952286,0.909738,0.863471,0.865561,0.972016,0.886456,0.726758,0.749940,0.676960,0.586752,0.834752,0.605702,0.514936,0.543224,0.513835,0.472141,0.399401,0.393939,0.383457,0.355526,0.656553,0.789971,0.641879,0.067220,-0.057756,0.566656,0.759338,0.708212,0.504036,0.699277,0.856976,0.969776,0.932606,1.000000,0.959841,0.907370,0.813454,0.789211,0.885500,0.824463,0.744266,0.823008,0.797054,0.309460,0.628859,0.657702,0.430041,0.452414,0.511847,0.509291,0.599567,0.598912,0.577729,0.710381,0.787841,0.797961,0.748695,0.654090,-0.042569,0.876018
0.479129,0.349521,0.078196,0.790628,0.511751,0.877065,0.499845,0.954724,0.952341,0.923401,0.919708,0.920739,0.958111,0.933235,0.797889,0.728873,0.642463,0.597269,0.838759,0.675120,0.549370,0.571771,0.501645,0.509429,0.408567,0.401787,0.391614,0.331141,0.662703,0.786513,0.620940,0.109968,-0.032769,0.502357,0.834950,0.769791,0.576165,0.783653,0.906774,0.982539,0.942883,0.959841,1.000000,0.907157,0.880254,0.858839,0.926404,0.888099,0.816980,0.887540,0.861429,0.344653,0.692284,0.734496,0.492119,0.518869,0.581254,0.580609,0.677773,0.680763,0.664336,0.783631,0.858347,0.868462,0.822199,0.722535,-0.050029,0.924975
0.591106,0.417392,0.042929,0.603955,0.595186,0.833353,0.556868,0.901989,0.897068,0.923233,0.759955,0.773632,0.897735,0.779241,0.603497,0.781967,0.723056,0.605900,0.812814,0.480406,0.433452,0.458418,0.510332,0.376245,0.339130,0.410906,0.402870,0.373286,0.592338,0.760568,0.641010,0.036437,-0.089873,0.594081,0.648039,0.613377,0.398363,0.590118,0.759441,0.899482,0.828190,0.907370,0.907157,1.000000,0.705470,0.679834,0.783727,0.711762,0.621298,0.770769,0.711933,0.207079,0.525758,0.524979,0.319834,0.338139,0.389763,0.388092,0.485698,0.474694,0.468438,0.616142,0.691833,0.701749,0.644667,0.553719,-0.031169,0.788209
0.245599,0.193123,0.132865,0.909115,0.311453,0.759548,0.233841,0.816785,0.829074,0.801023,0.980059,0.931748,0.822031,0.969285,0.932232,0.521426,0.414455,0.503275,0.741949,0.861974,0.688151,0.696380,0.420325,0.647172,0.448798,0.281931,0.268461,0.173096,0.655969,0.695831,0.482938,0.157258,0.054919,0.283950,0.958887,0.847631,0.744005,0.927974,0.923871,0.866594,0.866158,0.813454,0.880254,0.705470,1.000000,0.969155,0.958721,0.992352,0.967884,0.907276,0.939302,0.545305,0.848812,0.926413,0.738300,0.757604,0.800883,0.809328,0.874718,0.887530,0.862919,0.872729,0.951496,0.953332,0.941727,0.873098,-0.075582,0.936126
0.212343,0.169138,0.150993,0.935473,0.275786,0.738925,0.202452,0.793496,0.801134,0.779485,0.961300,0.938183,0.797507,0.949558,0.919200,0.522463,0.412705,0.469784,0.712339,0.843289,0.668394,0.674836,0.371383,0.633808,0.418092,0.293906,0.281719,0.168119,0.626926,0.668509,0.476349,0.151892,0.054963,0.254447,0.964851,0.850919,0.771568,0.959294,0.917483,0.849902,0.848685,0.789211,0.858839,0.679834,0.969155,1.000000,0.961636,0.974138,0.956378,0.883449,0.922004,0.513780,0.821825,0.911304,0.718439,0.741485,0.781846,0.800205,0.866018,0.884774,0.868681,0.873640,0.939007,0.943581,0.934463,0.865501,-0.076515,0.925406
0.330620,0.249253,0.122628,0.878660,0.384503,0.817141,0.338265,0.883802,0.880787,0.849954,0.969566,0.943999,0.891788,0.968099,0.891189,0.610452,0.509815,0.536653,0.775782,0.799014,0.645406,0.656168,0.439570,0.599734,0.430883,0.330329,0.318914,0.234673,0.656276,0.733760,0.538837,0.142471,0.025659,0.360210,0.930913,0.839626,0.695665,0.892964,0.931950,0.923427,0.907986,0.885500,0.926404,0.783727,0.958721,0.961636,1.000000,0.969317,0.931284,0.900302,0.918798,0.463157,0.793965,0.870738,0.657279,0.678061,0.726255,0.739000,0.813901,0.826029,0.803340,0.851995,0.928584,0.936195,0.908504,0.828582,-0.063533,0.950129
0.257649,0.198296,0.127902,0.908543,0.321372,0.768072,0.248345,0.827468,0.837290,0.808830,0.983909,0.937245,0.831756,0.975106,0.937157,0.537441,0.428869,0.503208,0.745968,0.864488,0.690947,0.697757,0.418057,0.647673,0.446073,0.289766,0.276528,0.181664,0.659905,0.700189,0.488626,0.159432,0.061874,0.292303,0.961581,0.849898,0.738721,0.929205,0.929064,0.875945,0.872250,0.824463,0.888099,0.711762,0.992352,0.974138,0.969317,1.000000,0.975285,0.909271,0.942781,0.543433,0.850062,0.933899,0.740216,0.760296,0.801851,0.815827,0.877244,0.893341,0.867495,0.877309,0.955935,0.958973,0.946052,0.875704,-0.071376,0.944212
0.188294,0.138764,0.132437,0.895851,0.247351,0.703862,0.160889,0.752472,0.771075,0.742863,0.956946,0.893435,0.755124,0.945082,0.959068,0.460198,0.343201,0.436486,0.682555,0.907880,0.725134,0.725186,0.379440,0.682933,0.447776,0.238316,0.224999,0.129610,0.633199,0.639987,0.428404,0.163375,0.089347,0.213600,0.954965,0.832773,0.742493,0.925087,0.886380,0.800276,0.806881,0.744266,0.816980,0.621298,0.967884,0.956378,0.931284,0.975285,1.000000,0.868321,0.927017,0.599015,0.875179,0.974393,0.805808,0.821898,0.851339,0.867894,0.910867,0.934584,0.897367,0.862745,0.945406,0.945878,0.943131,0.884489,-0.072677,0.905989
0.332310,0.257168,0.093499,0.834779,0.381206,0.756396,0.318656,0.826791,0.839138,0.831810,0.915314,0.891676,0.834003,0.910078,0.837105,0.571876,0.493773,0.551555,0.764844,0.751378,0.596261,0.608652,0.450851,0.553539,0.411620,0.329040,0.317753,0.243255,0.627158,0.699921,0.517132,0.146014,0.021893,0.361827,0.881640,0.789373,0.640217,0.842217,0.881387,0.870193,0.847559,0.823008,0.887540,0.770769,0.907276,0.883449,0.900302,0.909271,0.868321,1.000000,0.915385,0.456987,0.764468,0.814186,0.622260,0.642414,0.691824,0.701039,0.766199,0.782265,0.767080,0.829795,0.886309,0.893146,0.877704,0.793362,-0.059877,0.914931
0.293533,0.218849,0.123120,0.864389,0.341489,0.750971,0.259336,0.806698,0.825223,0.806727,0.939853,0.902266,0.804935,0.932214,0.893132,0.540708,0.435679,0.513840,0.747072,0.840678,0.681370,0.684526,0.449664,0.626249,0.452614,0.284097,0.270182,0.203627,0.654034,0.698018,0.487995,0.167783,0.060151,0.313831,0.925645,0.810500,0.695255,0.878962,0.888372,0.845361,0.832861,0.797054,0.861429,0.711933,0.939302,0.922004,0.918798,0.942781,0.927017,0.915385,1.000000,0.602373,0.875797,0.894687,0.727982,0.742171,0.801856,0.789124,0.863048,0.859811,0.831529,0.850888,0.935586,0.945115,0.945212,0.880190,-0.076607,0.927692
-0.006818,0.002559,0.072504,0.473573,0.040343,0.319096,-0.067444,0.327914,0.393356,0.376860,0.530856,0.439921,0.295397,0.512234,0.601477,0.096360,-0.022307,0.324230,0.419186,0.757241,0.660961,0.668390,0.318455,0.632443,0.444563,-0.117455,-0.150689,-0.124766,0.487166,0.395848,0.112343,0.136079,0.147016,0.018939,0.541757,0.419619,0.432784,0.504750,0.421749,0.319085,0.345621,0.309460,0.344653,0.207079,0.545305,0.513780,0.463157,0.543433,0.599015,0.456987,0.602373,1.000000,0.829970,0.669606,0.667202,0.681542,0.704887,0.633456,0.615035,0.597088,0.535029,0.449602,0.542411,0.562367,0.581491,0.614639,-0.081168,0.479765
0.168203,0.135301,0.108062,0.761705,0.220043,0.614167,0.123368,0.646750,0.691089,0.664394,0.839116,0.766146,0.638071,0.825860,0.843543,0.363233,0.247814,0.452796,0.643200,0.883720,0.748587,0.750427,0.432819,0.685969,0.486398,0.113023,0.086195,0.055088,0.626231,0.609377,0.340660,0.178962,0.115015,0.188788,0.837635,0.697867,0.636286,0.789548,0.751790,0.665549,0.675582,0.628859,0.692284,0.525758,0.848812,0.821825,0.793965,0.850062,0.875179,0.764468,0.875797,0.829970,1.000000,0.894556,0.803880,0.812262,0.879171,0.825640,0.869026,0.841520,0.789991,0.748721,0.863526,0.875736,0.877556,0.857272,-0.084746,0.802445
0.122860,0.088624,0.139160,0.856285,0.181763,0.630079,0.085648,0.671596,0.697161,0.668328,0.908711,0.829466,0.667746,0.893254,0.936109,0.373032,0.246070,0.382334,0.619183,0.930230,0.754929,0.750777,0.357040,0.712442,0.465659,0.156879,0.139761,0.060502,0.606512,0.576277,0.346261,0.168430,0.116557,0.144104,0.919681,0.790434,0.725222,0.889858,0.822167,0.713135,0.727741,0.657702,0.734496,0.524979,0.926413,0.911304,0.870738,0.933899,0.974393,0.814186,0.894687,0.669606,0.894556,1.000000,0.852333,0.864857,0.883331,0.893714,0.913772,0.936371,0.889002,0.819282,0.910954,0.908987,0.913563,0.867538,-0.075214,0.849985
0.050769,0.036699,0.138081,0.663620,0.115740,0.443380,-0.030575,0.449850,0.486356,0.470943,0.701546,0.599534,0.426852,0.677913,0.740835,0.203837,0.120416,0.281586,0.460331,0.804079,0.759655,0.750591,0.332974,0.683051,0.437065,0.033291,0.004692,-0.015542,0.507499,0.434116,0.220437,0.140924,0.133087,0.096745,0.757967,0.619507,0.615047,0.715423,0.615234,0.463880,0.501662,0.430041,0.492119,0.319834,0.738300,0.718439,0.657279,0.740216,0.805808,0.622260,0.727982,0.667202,0.803880,0.852333,1.000000,0.968370,0.856953,0.940160,0.853351,0.848326,0.798297,0.665741,0.750615,0.745544,0.761969,0.760157,-0.065213,0.650031
0.045954,0.026903,0.131130,0.687265,0.113316,0.463384,-0.030293,0.472451,0.515543,0.497146,0.724258,0.626854,0.447548,0.702568,0.768484,0.225329,0.136151,0.282592,0.491198,0.835333,0.790015,0.784884,0.336305,0.732636,0.476123,0.020480,-0.011623,-0.040976,0.550276,0.462357,0.249682,0.129167,0.124634,0.102354,0.776146,0.625699,0.629831,0.736858,0.637987,0.487847,0.524993,0.452414,0.518869,0.338139,0.757604,0.741485,0.678061,0.760296,0.821898,0.642414,0.742171,0.681542,0.812262,0.864857,0.968370,1.000000,0.864889,0.946334,0.856822,0.854586,0.804406,0.685478,0.762991,0.758859,0.770385,0.768950,-0.058273,0.674183
0.086850,0.061867,0.115859,0.729680,0.144614,0.508445,0.021631,0.531382,0.567527,0.548054,0.767441,0.684913,0.519122,0.746898,0.802541,0.287185,0.183245,0.317777,0.513194,0.836065,0.725837,0.714874,0.329481,0.652363,0.429341,0.090261,0.067238,0.025626,0.545593,0.485346,0.259529,0.185213,0.133802,0.112343,0.822957,0.657011,0.646723,0.773935,0.686884,0.551344,0.582558,0.511847,0.581254,0.389763,0.800883,0.781846,0.726255,0.801851,0.851339,0.691824,0.801856,0.704887,0.879171,0.883331,0.856953,0.864889,1.000000,0.880720,0.920334,0.878609,0.828392,0.737144,0.826116,0.819758,0.834272,0.832652,-0.062838,0.736578
0.076166,0.060406,0.138098,0.749742,0.137104,0.506515,0.008084,0.528525,0.555084,0.540488,0.778961,0.695077,0.512102,0.756324,0.807640,0.281753,0.189529,0.303973,0.510312,0.829388,0.742266,0.737482,0.320917,0.677298,0.428947,0.105510,0.080374,0.030596,0.532838,0.482444,0.286574,0.159408,0.126613,0.120371,0.837789,0.697820,0.673496,0.798018,0.705267,0.556292,0.589006,0.509291,0.580609,0.388092,0.809328,0.800205,0.739000,0.815827,0.867894,0.701039,0.789124,0.633456,0.825640,0.893714,0.940160,0.946334,0.880720,1.000000,0.902727,0.907705,0.864429,0.752359,0.822014,0.815029,0.828717,0.819977,-0.054298,0.738646
0.133271,0.110353,0.138310,0.815758,0.191330,0.584345,0.083793,0.616593,0.637155,0.613167,0.844187,0.778103,0.610176,0.822959,0.855232,0.355620,0.256393,0.358903,0.567033,0.835164,0.699335,0.686863,0.331006,0.619716,0.404210,0.193085,0.177142,0.103328,0.551408,0.541091,0.336026,0.185437,0.121501,0.154885,0.899365,0.761059,0.706867,0.855108,0.786307,0.656833,0.679439,0.599567,0.677773,0.485698,0.874718,0.866018,0.813901,0.877244,0.910867,0.766199,0.863048,0.615035,0.869026,0.913772,0.853351,0.856822,0.920334,0.902727,1.000000,0.933491,0.906007,0.818891,0.905693,0.891905,0.899639,0.888604,-0.058524,0.818765
0.110485,0.089900,0.131613,0.836418,0.171920,0.581501,0.063836,0.613840,0.638040,0.616280,0.860517,0.791214,0.608529,0.838225,0.888543,0.357109,0.246551,0.343722,0.562835,0.859131,0.698869,0.685933,0.301034,0.636720,0.394162,0.206866,0.190933,0.091980,0.547381,0.534441,0.336021,0.178770,0.124097,0.134349,0.905526,0.769023,0.722355,0.877238,0.794092,0.659938,0.675840,0.598912,0.680763,0.474694,0.887530,0.884774,0.826029,0.893341,0.934584,0.782265,0.859811,0.597088,0.841520,0.936371,0.848326,0.854586,0.878609,0.907705,0.933491,1.000000,0.947111,0.826071,0.891925,0.887646,0.899042,0.864071,-0.059133,0.817390
0.106761,0.095905,0.118792,0.828375,0.170777,0.566691,0.055773,0.594662,0.615940,0.598027,0.830615,0.777031,0.591616,0.807511,0.844353,0.357174,0.254538,0.318867,0.535051,0.799097,0.645456,0.634511,0.288145,0.594441,0.372780,0.231773,0.216796,0.112705,0.524411,0.508809,0.339513,0.172701,0.109533,0.134644,0.892921,0.772839,0.725826,0.870610,0.788408,0.645551,0.662642,0.577729,0.664336,0.468438,0.862919,0.868681,0.803340,0.867495,0.897367,0.767080,0.831529,0.535029,0.789991,0.889002,0.798297,0.804406,0.828392,0.864429,0.906007,0.947111,1.000000,0.869406,0.870985,0.865459,0.877865,0.856717,-0.047816,0.807045
0.222125,0.171049,0.092339,0.832942,0.283315,0.663481,0.222783,0.718909,0.732339,0.710475,0.860923,0.849102,0.725046,0.854020,0.821499,0.484391,0.394882,0.440611,0.655363,0.743005,0.587004,0.589934,0.366227,0.548272,0.388670,0.285876,0.276534,0.201361,0.572219,0.610780,0.427981,0.162533,0.050477,0.266267,0.887615,0.793707,0.666775,0.855095,0.861954,0.770249,0.776511,0.710381,0.783631,0.616142,0.872729,0.873640,0.851995,0.877309,0.862745,0.829795,0.850888,0.449602,0.748721,0.819282,0.665741,0.685478,0.737144,0.752359,0.818891,0.826071,0.869406,1.000000,0.867780,0.882225,0.870899,0.840315,-0.041623,0.886903
0.273329,0.202386,0.128957,0.879953,0.320213,0.746003,0.246437,0.796074,0.806921,0.784901,0.947318,0.902748,0.801172,0.936800,0.900391,0.530371,0.429797,0.483961,0.721241,0.827994,0.672290,0.675731,0.428849,0.613155,0.423216,0.302956,0.289510,0.206832,0.630199,0.679168,0.480238,0.162935,0.059785,0.291790,0.946247,0.827563,0.716599,0.902123,0.897779,0.842599,0.834888,0.787841,0.858347,0.691833,0.951496,0.939007,0.928584,0.955935,0.945406,0.886309,0.935586,0.542411,0.863526,0.910954,0.750615,0.762991,0.826116,0.822014,0.905693,0.891925,0.870985,0.867780,1.000000,0.967922,0.948605,0.885615,-0.066612,0.929360
0.281932,0.213023,0.118499,0.880153,0.325981,0.751669,0.256585,0.806662,0.822010,0.795990,0.951766,0.913401,0.813299,0.943685,0.900735,0.537549,0.436945,0.506257,0.737388,0.832550,0.677317,0.682166,0.441282,0.616987,0.429187,0.300429,0.286095,0.206046,0.643209,0.700738,0.488525,0.173130,0.065504,0.302373,0.945707,0.828462,0.704292,0.899951,0.910898,0.855393,0.846319,0.797961,0.868462,0.701749,0.953332,0.943581,0.936195,0.958973,0.945878,0.893146,0.945115,0.562367,0.875736,0.908987,0.745544,0.758859,0.819758,0.815029,0.891905,0.887646,0.865459,0.882225,0.967922,1.000000,0.958142,0.901646,-0.058307,0.942263
0.251555,0.174779,0.118925,0.879332,0.297483,0.712865,0.212722,0.758700,0.779998,0.754366,0.932421,0.893706,0.764345,0.919972,0.899899,0.486656,0.393959,0.476511,0.702996,0.839490,0.681326,0.680184,0.424250,0.619198,0.429454,0.279848,0.264914,0.179432,0.623840,0.666162,0.465773,0.179979,0.078791,0.271683,0.941498,0.814866,0.724598,0.902891,0.883512,0.807680,0.803453,0.748695,0.822199,0.644667,0.941727,0.934463,0.908504,0.946052,0.943131,0.877704,0.945212,0.581491,0.877556,0.913563,0.761969,0.770385,0.834272,0.828717,0.899639,0.899042,0.877865,0.870899,0.948605,0.958142,1.000000,0.897373,-0.072585,0.913514
