1.000000,0.300051,-0.025623,0.007197,0.211629,0.028317,0.027414,-0.014844,-0.032237,0.028807,0.010819,0.022559,0.000653,0.008147,-0.010866,0.069606,0.143159,0.167739,0.112754,-0.017330,0.001924,0.034543,0.097789,-0.008315,-0.007798,-0.038246,0.019500,0.061825,0.019547,0.175863,0.010066,0.133193,0.123731,0.801600,0.036010,0.034357,-0.050926,-0.075578,-0.002150,-0.012762,-0.031205,-0.018921,-0.020644,-0.021940,-0.021850,-0.041076,-0.018514,-0.020110,0.034368,0.001318,-0.005149,0.052637,0.015818,0.019153,-0.061095,-0.039677,-0.029976,0.008422,0.072853,-0.023697,-0.006584,0.018916,0.022696,0.007918,-0.038072,0.008354,-0.013345,0.027899
0.300051,1.000000,-0.060202,0.083202,0.415403,0.105883,0.323981,0.246571,0.038796,0.268405,0.335484,0.094831,0.182257,0.345501,0.186018,0.301123,0.118877,0.152594,0.166853,0.127536,0.082207,0.061804,0.110797,0.084517,0.125769,0.134776,0.111125,0.046375,0.140553,0.161357,0.049895,0.178709,0.090446,0.338196,-0.061733,-0.040245,-0.052269,-0.147392,-0.015415,0.254675,0.318805,0.254097,0.055946,0.101523,0.180743,-0.141786,-0.004620,0.253496,0.271047,-0.049505,-0.032920,0.025834,0.025455,0.167332,0.004768,0.037908,0.038359,-0.001081,0.093066,-0.040616,0.032600,0.054402,0.088066,0.064123,0.175188,0.021480,-0.040044,-0.027159
-0.025623,-0.060202,1.000000,0.164434,0.058643,0.033310,0.034289,-0.039393,0.037735,0.003441,-0.151476,-0.045367,-0.062083,-0.145797,-0.088301,-0.027044,0.097186,0.065189,0.139591,-0.053715,-0.057366,-0.016148,-0.018348,-0.066065,-0.133442,-0.115498,-0.095967,0.021130,0.057411,0.058883,-0.004285,0.036805,-0.060972,0.000709,0.070408,0.104425,0.217979,0.209433,0.097112,-0.042869,-0.040654,-0.039645,0.024539,0.042707,0.013154,0.115980,0.059190,-0.064816,-0.137613,0.073846,0.102623,0.072239,0.060708,-0.060653,-0.004447,-0.010453,0.042711,0.073411,0.006178,0.040303,0.067785,0.048872,-0.037759,0.023636,-0.035659,0.058621,0.065121,0.094924
0.007197,0.083202,0.164434,1.000000,0.151246,-0.225120,0.195146,0.011190,-0.182942,0.129857,0.193170,0.472265,0.090475,0.172672,0.416746,0.056809,0.034154,0.026643,-0.052453,0.413096,0.323108,0.223587,-0.032681,0.198966,-0.109128,0.052383,0.002905,-0.119164,-0.061949,-0.089562,0.020564,0.027894,-0.031817,0.002998,0.039440,0.115392,0.278921,0.607305,0.314096,0.404115,0.404650,0.189970,0.212747,0.390323,0.298161,0.327825,0.408997,0.337166,0.441127,0.198406,0.339923,0.127735,0.217068,0.515071,-0.029643,-0.038134,0.060162,0.139505,0.154363,0.314862,0.076046,0.107658,0.189263,0.362466,0.400608,0.135253,0.055476,0.175073
0.211629,0.415403,0.058643,0.151246,1.000000,0.396874,0.590839,0.405854,0.316327,0.551998,0.359424,0.102577,0.204192,0.290641,0.126488,0.435581,0.272253,0.190872,0.201668,0.131779,0.075259,0.104057,0.095788,0.120141,0.132102,0.041606,0.088751,0.015409,0.231318,0.205043,0.137985,0.365348,0.077783,0.366942,-0.069633,-0.027428,-0.003259,-0.080488,0.032628,0.405441,0.423946,0.398519,0.240286,0.300288,0.356390,-0.083735,0.019822,0.347511,0.286786,0.039360,0.063456,0.112744,0.059711,0.225484,-0.023987,-0.012532,0.022618,-0.007993,0.070292,0.033719,0.091916,0.050167,0.168612,0.128444,0.193452,-0.025560,-0.000060,0.011911
0.028317,0.105883,0.033310,-0.225120,0.396874,1.000000,0.309350,0.377665,0.837366,0.447171,-0.019833,-0.142794,0.042011,-0.079047,-0.204517,0.286391,0.283889,0.108201,0.221988,-0.170963,0.005335,0.017496,0.013682,0.026339,0.093783,-0.107993,-0.025958,0.010895,0.238083,0.226631,0.149045,0.218411,0.059472,0.143493,-0.074972,-0.064877,-0.025647,-0.109742,-0.119702,0.017468,-0.051987,0.171757,0.181672,0.049095,-0.012603,-0.079805,-0.140870,-0.082450,-0.165986,-0.020072,-0.059971,-0.031103,-0.073931,-0.159055,-0.028091,-0.037345,-0.017195,-0.015347,-0.066482,-0.069992,0.072586,0.010778,-0.062527,-0.105988,-0.127224,-0.115181,-0.041267,-0.064200
0.027414,0.323981,0.034289,0.195146,0.590839,0.309350,1.000000,0.677796,0.344011,0.770674,0.550559,0.160195,0.441175,0.447297,0.156525,0.399148,0.044244,0.104942,0.093977,0.099734,0.051449,0.074075,0.117392,0.108045,0.156538,0.152977,0.061985,-0.030787,0.204062,0.022992,0.015516,0.187780,0.095727,0.093943,-0.166522,-0.164545,0.043353,-0.126615,-0.067192,0.639526,0.604849,0.740360,0.403879,0.427863,0.557708,-0.141420,0.080510,0.585165,0.419191,0.015357,0.008138,0.011163,0.028359,0.285282,-0.021386,-0.013224,-0.040993,-0.024911,0.070739,-0.069535,-0.005111,-0.046437,0.131065,0.096217,0.218158,-0.095823,-0.026709,-0.102976
-0.014844,0.246571,-0.039393,0.011190,0.405854,0.377665,0.677796,1.000000,0.304338,0.611041,0.533375,0.301054,0.815192,0.502923,0.053026,0.286412,-0.032301,-0.001555,-0.008169,-0.015494,-0.017782,0.063247,0.044182,0.052563,0.127176,0.217138,0.091219,-0.023642,0.128711,-0.026286,0.004752,0.125115,0.099930,0.051044,-0.235779,-0.267306,-0.072009,-0.365963,-0.248235,0.436283,0.447394,0.913447,0.265712,0.118107,0.352180,-0.366326,-0.079852,0.410009,0.231038,-0.150037,-0.191370,-0.142550,-0.099689,0.022975,-0.072419,-0.083693,-0.144598,-0.131330,0.031650,-0.201125,-0.096123,-0.123007,-0.019119,-0.085488,0.052856,-0.221978,-0.075058,-0.238722
-0.032237,0.038796,0.037735,-0.182942,0.316327,0.837366,0.344011,0.304338,1.000000,0.513100,-0.050552,-0.166287,-0.012202,-0.115045,-0.233295,0.213287,0.203737,0.070900,0.224225,-0.216761,-0.014192,0.021227,0.024266,0.038182,0.043689,-0.096556,-0.018082,-0.008074,0.291280,0.190389,0.099178,0.181401,0.079452,0.060312,-0.073537,-0.049019,-0.010882,-0.077760,-0.086434,0.051265,-0.021703,0.142944,0.299413,0.114040,0.005434,-0.058384,-0.129636,-0.079445,-0.197727,0.026059,-0.055413,-0.004072,-0.035661,-0.186915,-0.031629,-0.028215,0.002954,-0.034288,-0.042787,-0.064434,0.089705,-0.007492,-0.012863,-0.080780,-0.101317,-0.130483,-0.028416,-0.060187
0.028807,0.268405,0.003441,0.129857,0.551998,0.447171,0.770674,0.611041,0.513100,1.000000,0.451038,0.133807,0.345939,0.333917,0.084371,0.465089,0.178983,0.162680,0.193774,0.076338,0.111628,0.129687,0.086247,0.150235,0.141648,0.082100,0.035442,-0.040873,0.179654,0.105225,0.100520,0.187245,0.083425,0.131413,-0.161327,-0.180834,0.021754,-0.110152,-0.032234,0.599575,0.504827,0.638579,0.461060,0.528869,0.482767,-0.121015,0.051434,0.489122,0.289621,0.047902,0.053721,0.033983,0.066079,0.204642,-0.057705,-0.062535,-0.053882,-0.061630,0.087158,-0.003994,0.053859,-0.060830,0.137884,0.132184,0.228778,-0.129732,0.007540,-0.106581
0.010819,0.335484,-0.151476,0.193170,0.359424,-0.019833,0.550559,0.533375,-0.050552,0.451038,1.000000,0.296265,0.505399,0.927817,0.373140,0.372052,-0.011453,0.011146,-0.028587,0.227216,0.091615,0.165552,0.084419,0.113762,0.251100,0.219389,0.161349,-0.031825,0.121098,0.015038,0.098648,0.199804,0.093344,0.073205,-0.110145,-0.105223,-0.074352,-0.236496,0.028410,0.572026,0.685698,0.581448,0.255137,0.319584,0.639016,-0.304272,-0.034583,0.736170,0.688622,0.005748,0.073708,0.044158,0.148409,0.384541,-0.041681,-0.013859,0.037256,0.012557,0.230904,0.011024,0.002319,-0.004504,0.149028,0.247663,0.380526,-0.029942,-0.033867,-0.051237
0.022559,0.094831,-0.045367,0.472265,0.102577,-0.142794,0.160195,0.301054,-0.166287,0.133807,0.296265,1.000000,0.547674,0.342463,0.350357,0.108686,-0.004687,0.000467,-0.074949,0.313342,0.188786,0.172396,-0.030249,0.123088,-0.069667,0.212353,0.138450,-0.033596,-0.009275,-0.079358,-0.031620,-0.073663,0.077616,0.032863,-0.080206,-0.099269,0.021700,-0.053133,-0.008304,0.262426,0.288920,0.344240,0.040805,0.084847,0.135698,-0.071246,0.105087,0.229775,0.304746,-0.008850,0.017074,-0.014382,-0.004914,0.284098,0.012151,-0.007036,-0.034268,-0.076489,0.048053,0.069182,-0.091509,-0.014007,0.039540,0.087381,0.225075,-0.033248,0.048068,-0.034370
0.000653,0.182257,-0.062083,0.090475,0.204192,0.042011,0.441175,0.815192,-0.012202,0.345939,0.505399,0.547674,1.000000,0.544382,0.074545,0.172790,-0.112354,-0.052789,-0.083043,-0.005629,-0.063503,0.018708,0.038008,-0.000807,0.072638,0.281986,0.156836,0.009081,0.068726,-0.079892,-0.047009,0.019206,0.103304,0.028118,-0.214241,-0.260419,-0.106407,-0.364948,-0.269876,0.287041,0.359897,0.768217,0.051868,-0.040719,0.230251,-0.349240,-0.011727,0.359460,0.217156,-0.143675,-0.206970,-0.161877,-0.096875,-0.012130,-0.036660,-0.040870,-0.121997,-0.169005,0.014652,-0.218152,-0.174890,-0.116533,-0.026583,-0.115298,0.050379,-0.173142,-0.054655,-0.216757
0.008147,0.345501,-0.145797,0.172672,0.290641,-0.079047,0.447297,0.502923,-0.115045,0.333917,0.927817,0.342463,0.544382,1.000000,0.470061,0.317752,-0.011186,-0.030717,-0.060018,0.286797,0.089371,0.143616,0.032635,0.126384,0.200368,0.239749,0.202235,-0.000736,0.088409,-0.001961,0.096069,0.176139,0.077485,0.068136,-0.133713,-0.115508,-0.080221,-0.265547,-0.039904,0.463691,0.628427,0.534273,0.151002,0.135953,0.454165,-0.324568,-0.036955,0.632928,0.663323,-0.048387,0.044837,-0.007951,0.155427,0.341542,-0.069553,-0.045928,0.036583,-0.002825,0.261804,-0.034017,-0.033554,-0.002772,0.130511,0.229437,0.363710,-0.040540,0.008685,-0.082974
-0.010866,0.186018,-0.088301,0.416746,0.126488,-0.204517,0.156525,0.053026,-0.233295,0.084371,0.373140,0.350357,0.074545,0.470061,1.000000,0.174603,0.068753,0.023308,-0.067142,0.901623,0.470194,0.333106,-0.038105,0.392606,-0.046000,0.230345,0.134850,-0.140619,-0.120180,-0.048000,0.033316,0.004680,0.018972,-0.032121,-0.042398,-0.026411,0.089490,0.105472,0.155165,0.374939,0.471087,0.176535,0.156581,0.169963,0.080406,0.004860,0.111252,0.225755,0.609114,0.082228,0.227912,0.083864,0.159980,0.653867,0.043513,0.046994,0.024059,0.079961,0.219829,0.208027,0.043682,0.033013,0.171623,0.371033,0.459924,0.055332,0.059098,0.036598
0.069606,0.301123,-0.027044,0.056809,0.435581,0.286391,0.399148,0.286412,0.213287,0.465089,0.372052,0.108686,0.172790,0.317752,0.174603,1.000000,0.452838,0.340296,0.275070,0.220036,0.060547,0.090514,0.092941,0.113767,0.196568,0.040379,0.052069,-0.044847,0.162575,0.187776,0.190651,0.301581,0.103517,0.207031,-0.068602,-0.083479,-0.062440,-0.076681,0.053067,0.308226,0.359001,0.279298,0.174104,0.231399,0.246536,-0.057265,0.038640,0.303155,0.279881,0.122746,0.151496,0.177514,0.145885,0.260724,-0.010870,-0.005052,0.084426,0.004619,0.112283,0.025878,0.081583,0.053925,0.121527,0.200605,0.235836,-0.001594,-0.035647,-0.008030
0.143159,0.118877,0.097186,0.034154,0.272253,0.283889,0.044244,-0.032301,0.203737,0.178983,-0.011453,-0.004687,-0.112354,-0.011186,0.068753,0.452838,1.000000,0.399795,0.487572,0.109477,0.042988,0.029633,0.072459,0.021628,0.051996,-0.075453,0.000233,-0.017242,0.151466,0.349089,0.306153,0.291493,0.039424,0.258814,0.091956,0.093954,-0.019413,0.098007,0.104588,0.030887,0.019040,-0.067776,0.050863,0.061627,-0.018666,0.087314,0.048376,0.005786,0.047606,0.128071,0.173244,0.184288,0.120715,0.125186,-0.013792,-0.004013,0.120804,0.059565,0.077607,0.048136,0.097057,0.118630,0.115835,0.125703,0.101620,0.034477,-0.005293,0.122796
0.167739,0.152594,0.065189,0.026643,0.190872,0.108201,0.104942,-0.001555,0.070900,0.162680,0.011146,0.000467,-0.052789,-0.030717,0.023308,0.340296,0.399795,1.000000,0.630736,0.104518,0.082894,0.095665,0.375204,0.045250,0.159177,0.007069,-0.020873,0.009449,0.119438,0.316262,-0.020950,0.176330,0.114181,0.249813,0.154861,0.124099,0.048248,0.068196,0.138388,0.066087,0.058077,-0.007540,0.071479,0.077215,0.065030,0.058240,0.058338,0.054053,0.047392,0.214408,0.155124,0.576951,0.137982,0.205175,0.119676,0.144075,0.213454,0.078411,0.036509,-0.052863,0.052150,0.115976,0.161300,0.047016,0.044585,0.139599,0.043787,0.182917
0.112754,0.166853,0.139591,-0.052453,0.201668,0.221988,0.093977,-0.008169,0.224225,0.193774,-0.028587,-0.074949,-0.083043,-0.060018,-0.067142,0.275070,0.487572,0.630736,1.000000,-0.011518,0.027793,0.047274,0.278476,0.009262,0.095341,-0.004422,0.006937,0.011604,0.279932,0.660142,0.042685,0.223075,0.087835,0.195928,0.066617,0.064041,0.030091,0.007325,0.041288,0.000569,0.005777,-0.043198,0.045042,0.023521,0.025922,0.012052,0.008735,0.009371,-0.083797,0.119684,0.074665,0.251177,0.009316,0.029174,0.032766,0.050922,0.078242,0.001462,-0.001432,-0.097200,0.090527,0.109110,0.083148,-0.044013,-0.020925,0.036279,0.023926,0.075394
-0.017330,0.127536,-0.053715,0.413096,0.131779,-0.170963,0.099734,-0.015494,-0.216761,0.076338,0.227216,0.313342,-0.005629,0.286797,0.901623,0.220036,0.109477,0.104518,-0.011518,1.000000,0.509733,0.357987,-0.039656,0.398341,-0.073399,0.180957,0.112355,-0.169311,-0.137466,-0.009296,0.090766,0.025890,-0.028869,-0.034329,-0.002681,0.006023,0.107434,0.167290,0.201808,0.335326,0.408785,0.105479,0.122974,0.201212,0.038665,0.044992,0.117300,0.143443,0.485924,0.129890,0.259477,0.173542,0.143005,0.650613,0.107573,0.105644,0.032666,0.113219,0.197128,0.205495,0.070372,0.076047,0.172529,0.356157,0.448369,0.106815,0.033155,0.080432
0.001924,0.082207,-0.057366,0.323108,0.075259,0.005335,0.051449,-0.017782,-0.014192,0.111628,0.091615,0.188786,-0.063503,0.089371,0.470194,0.060547,0.042988,0.082894,0.027793,0.509733,1.000000,0.734422,-0.045253,0.519397,-0.050080,0.123196,0.135359,-0.177631,-0.122623,-0.017931,0.047716,0.037064,0.049071,-0.027017,0.030781,0.056894,0.119342,0.201039,0.178066,0.254903,0.220693,0.031611,0.174315,0.221376,0.049663,0.095676,0.070799,0.053377,0.289467,0.103685,0.186955,0.184276,0.144672,0.395882,0.136827,0.126163,0.074984,0.211139,0.226259,0.223137,0.075646,0.105994,0.206821,0.309298,0.317012,0.139142,0.027676,0.109853
0.034543,0.061804,-0.016148,0.223587,0.104057,0.017496,0.074075,0.063247,0.021227,0.129687,0.165552,0.172396,0.018708,0.143616,0.333106,0.090514,0.029633,0.095665,0.047274,0.357987,0.734422,1.000000,0.021724,0.640847,-0.007681,0.236368,0.197159,-0.148860,-0.061514,0.006126,0.007406,0.069641,0.074186,0.035042,0.019319,0.014160,0.097710,0.076971,0.117726,0.198803,0.208048,0.065164,0.135464,0.174601,0.073547,0.012999,-0.017327,0.040517,0.235490,0.088312,0.090213,0.168844,0.082480,0.287100,0.130040,0.145830,-0.006171,0.133311,0.176760,0.207721,0.090383,0.101251,0.122258,0.201853,0.220359,0.075734,-0.003256,0.067148
0.097789,0.110797,-0.018348,-0.032681,0.095788,0.013682,0.117392,0.044182,0.024266,0.086247,0.084419,-0.030249,0.038008,0.032635,-0.038105,0.092941,0.072459,0.375204,0.278476,-0.039656,-0.045253,0.021724,1.000000,0.006441,0.287430,0.071199,0.020904,0.076215,0.084154,0.197967,-0.003057,0.039297,0.041781,0.133008,0.080793,0.047859,-0.045897,-0.038362,-0.015683,0.082870,0.026167,0.040768,0.039796,-0.007341,0.123735,-0.021855,-0.003006,0.095978,0.043157,0.052521,0.019280,0.167917,-0.023642,0.077568,0.076366,0.097158,0.059320,0.042903,-0.020456,-0.044109,-0.028327,0.028267,0.082162,-0.049768,-0.004670,0.012930,0.026664,0.067821
-0.008315,0.084517,-0.066065,0.198966,0.120141,0.026339,0.108045,0.052563,0.038182,0.150235,0.113762,0.123088,-0.000807,0.126384,0.392606,0.113767,0.021628,0.045250,0.009262,0.398341,0.519397,0.640847,0.006441,1.000000,0.059878,0.330821,0.241841,-0.157474,-0.097296,-0.071784,-0.070076,-0.032550,0.017099,-0.023545,-0.073719,-0.062210,0.113910,0.075788,0.094366,0.216998,0.234121,0.074596,0.152397,0.167806,0.001422,0.004514,0.002286,0.017997,0.219493,0.083822,0.104786,0.086898,0.095760,0.301161,0.006238,0.018085,-0.033340,0.090156,0.214288,0.180489,0.009728,0.000830,0.091240,0.244720,0.261650,0.056296,-0.034563,-0.013027
-0.007798,0.125769,-0.133442,-0.109128,0.132102,0.093783,0.156538,0.127176,0.043689,0.141648,0.251100,-0.069667,0.072638,0.200368,-0.046000,0.196568,0.051996,0.159177,0.095341,-0.073399,-0.050080,-0.007681,0.287430,0.059878,1.000000,0.178908,0.105804,0.043311,0.168948,0.071031,0.002784,0.110589,0.043123,0.049497,0.083597,0.026370,-0.054369,-0.119160,-0.010952,0.091409,0.117918,0.112671,0.038424,-0.000505,0.104085,-0.107177,-0.050774,0.153380,0.118786,-0.029502,-0.094400,0.104529,0.010301,-0.009928,0.023435,0.068660,0.095107,0.063903,0.083197,0.006242,0.011562,0.023116,0.072461,-0.032790,-0.006200,0.051759,0.002552,0.007617
-0.038246,0.134776,-0.115498,0.052383,0.041606,-0.107993,0.152977,0.217138,-0.096556,0.082100,0.219389,0.212353,0.281986,0.239749,0.230345,0.040379,-0.075453,0.007069,-0.004422,0.180957,0.123196,0.236368,0.071199,0.330821,0.178908,1.000000,0.603942,-0.208783,-0.063015,-0.070527,-0.104172,-0.022813,0.147695,-0.057133,-0.080333,-0.073178,-0.016563,-0.190022,-0.087254,0.142155,0.202796,0.235852,0.004740,-0.048895,0.080617,-0.155130,-0.029662,0.139572,0.178701,-0.073429,-0.161903,-0.102875,-0.081912,0.113327,0.065749,0.088118,-0.041542,-0.031720,0.133533,-0.126077,-0.152529,-0.022368,0.041233,-0.063716,0.076406,-0.066243,-0.062251,-0.056974
0.019500,0.111125,-0.095967,0.002905,0.088751,-0.025958,0.061985,0.091219,-0.018082,0.035442,0.161349,0.138450,0.156836,0.202235,0.134850,0.052069,0.000233,-0.020873,0.006937,0.112355,0.135359,0.197159,0.020904,0.241841,0.105804,0.603942,1.000000,-0.146448,-0.034805,-0.006008,-0.010156,0.060385,0.110831,0.047018,-0.086664,-0.058094,-0.075688,-0.151071,-0.080846,0.078882,0.120940,0.090205,-0.007054,-0.049811,0.044593,-0.087678,-0.033926,0.102565,0.109674,-0.042826,-0.080312,-0.056389,-0.021295,0.053922,0.074491,0.067860,-0.013050,-0.016951,0.122575,-0.141808,-0.073446,0.055229,0.046902,-0.018519,0.117430,-0.017650,-0.034954,-0.031314
0.061825,0.046375,0.021130,-0.119164,0.015409,0.010895,-0.030787,-0.023642,-0.008074,-0.040873,-0.031825,-0.033596,0.009081,-0.000736,-0.140619,-0.044847,-0.017242,0.009449,0.011604,-0.169311,-0.177631,-0.148860,0.076215,-0.157474,0.043311,-0.208783,-0.146448,1.000000,0.057987,0.004474,-0.048296,-0.070182,-0.010164,0.092570,-0.000261,0.003087,0.023689,-0.111487,-0.082496,-0.085309,-0.070573,-0.032858,-0.080982,-0.120157,-0.056429,-0.004417,-0.017986,-0.050838,-0.124624,-0.064098,-0.102549,-0.045699,-0.016629,-0.161286,-0.060288,-0.072697,0.060204,-0.050155,-0.020837,-0.032842,0.053873,-0.000712,-0.075522,-0.080451,-0.127332,0.026967,0.028968,-0.040694
0.019547,0.140553,0.057411,-0.061949,0.231318,0.238083,0.204062,0.128711,0.291280,0.179654,0.121098,-0.009275,0.068726,0.088409,-0.120180,0.162575,0.151466,0.119438,0.279932,-0.137466,-0.122623,-0.061514,0.084154,-0.097296,0.168948,-0.063015,-0.034805,0.057987,1.000000,0.341580,0.152829,0.241702,0.148281,0.075795,0.067803,0.118416,-0.002561,-0.030564,-0.054237,-0.005645,0.054030,0.069251,0.012533,-0.037209,0.041448,-0.013725,-0.025998,0.060339,-0.058538,-0.060400,-0.117184,0.021918,-0.016058,-0.123781,0.001028,0.029094,0.089483,0.038871,-0.007087,-0.078908,0.094707,0.075620,-0.013365,-0.072190,-0.097504,-0.034762,0.040031,0.042977
0.175863,0.161357,0.058883,-0.089562,0.205043,0.226631,0.022992,-0.026286,0.190389,0.105225,0.015038,-0.079358,-0.079892,-0.001961,-0.048000,0.187776,0.349089,0.316262,0.660142,-0.009296,-0.017931,0.006126,0.197967,-0.071784,0.071031,-0.070527,-0.006008,0.004474,0.341580,1.000000,0.234837,0.262143,0.018997,0.239252,0.018612,0.009120,-0.033456,-0.013135,-0.013130,-0.038284,-0.030712,-0.071197,0.005090,-0.048842,-0.033654,0.013053,0.005999,-0.020748,-0.033080,0.003663,0.009735,0.083988,-0.039629,0.002295,0.021754,0.031382,0.017922,-0.022969,-0.036315,-0.052548,0.078865,0.078750,0.037608,-0.025800,0.004695,0.002376,-0.002421,-0.002036
0.010066,0.049895,-0.004285,0.020564,0.137985,0.149045,0.015516,0.004752,0.099178,0.100520,0.098648,-0.031620,-0.047009,0.096069,0.033316,0.190651,0.306153,-0.020950,0.042685,0.090766,0.047716,0.007406,-0.003057,-0.070076,0.002784,-0.104172,-0.010156,-0.048296,0.152829,0.234837,1.000000,0.320718,-0.016911,0.058596,0.038040,0.051017,-0.011503,0.074681,0.078002,0.026321,0.046086,-0.015216,-0.000913,0.034915,0.052762,0.069080,0.081796,0.104172,0.110073,0.013915,0.049671,0.035411,0.061733,0.071680,-0.031917,-0.024284,0.067789,0.054611,0.101549,0.054441,0.058650,0.036343,0.073293,0.071298,0.077129,-0.010041,0.005427,0.051866
0.133193,0.178709,0.036805,0.027894,0.365348,0.218411,0.187780,0.125115,0.181401,0.187245,0.199804,-0.073663,0.019206,0.176139,0.004680,0.301581,0.291493,0.176330,0.223075,0.025890,0.037064,0.069641,0.039297,-0.032550,0.110589,-0.022813,0.060385,-0.070182,0.241702,0.262143,0.320718,1.000000,0.130621,0.245666,0.016938,0.072602,0.033481,0.031413,0.107774,0.102160,0.190349,0.080301,0.112064,0.098498,0.151508,-0.000377,0.019473,0.124854,0.108930,0.113979,0.160512,0.157060,0.176858,0.037349,0.014095,0.024213,0.122652,0.119450,0.155471,0.092854,0.078566,0.000802,0.143738,0.148899,0.108259,0.005727,-0.054801,0.047840
0.123731,0.090446,-0.060972,-0.031817,0.077783,0.059472,0.095727,0.099930,0.079452,0.083425,0.093344,0.077616,0.103304,0.077485,0.018972,0.103517,0.039424,0.114181,0.087835,-0.028869,0.049071,0.074186,0.041781,0.017099,0.043123,0.147695,0.110831,-0.010164,0.148281,0.018997,-0.016911,0.130621,1.000000,0.086458,-0.126470,-0.135580,-0.073917,-0.146077,-0.123243,0.001952,0.022412,0.066267,0.007452,-0.009234,0.032782,-0.078740,-0.053826,0.005268,0.016870,0.013997,-0.114335,0.013105,-0.018686,-0.012818,0.019000,0.050110,-0.022699,-0.086922,0.045628,-0.059075,0.043568,0.004782,0.015158,-0.046325,0.001217,-0.053841,-0.088095,-0.092139
0.801600,0.338196,0.000709,0.002998,0.366942,0.143493,0.093943,0.051044,0.060312,0.131413,0.073205,0.032863,0.028118,0.068136,-0.032121,0.207031,0.258814,0.249813,0.195928,-0.034329,-0.027017,0.035042,0.133008,-0.023545,0.049497,-0.057133,0.047018,0.092570,0.075795,0.239252,0.058596,0.245666,0.086458,1.000000,0.014867,0.011718,-0.029340,-0.066107,-0.014707,0.033246,0.018810,0.029093,0.033071,0.008506,0.030891,-0.064938,-0.018210,0.028522,0.063227,0.004544,0.018429,0.072065,0.027388,0.029897,-0.055387,-0.040115,-0.021481,-0.028013,0.057091,0.024698,0.070262,0.041817,0.033313,0.022033,-0.005875,-0.047660,-0.031487,0.006020
0.036010,-0.061733,0.070408,0.039440,-0.069633,-0.074972,-0.166522,-0.235779,-0.073537,-0.161327,-0.110145,-0.080206,-0.214241,-0.133713,-0.042398,-0.068602,0.091956,0.154861,0.066617,-0.002681,0.030781,0.019319,0.080793,-0.073719,0.083597,-0.080333,-0.086664,-0.000261,0.067803,0.018612,0.038040,0.016938,-0.126470,0.014867,1.000000,0.756463,0.116900,0.287640,0.417996,-0.106483,-0.054892,-0.225270,-0.068646,-0.006842,-0.098393,0.178360,0.109065,-0.053841,-0.016774,0.267724,0.135302,0.358145,0.049306,0.089524,0.243687,0.270616,0.358985,0.387540,-0.023341,0.064544,0.204365,0.447489,0.176405,0.055594,-0.026677,0.412085,0.141537,0.768540
0.034357,-0.040245,0.104425,0.115392,-0.027428,-0.064877,-0.164545,-0.267306,-0.049019,-0.180834,-0.105223,-0.099269,-0.260419,-0.115508,-0.026411,-0.083479,0.093954,0.124099,0.064041,0.006023,0.056894,0.014160,0.047859,-0.062210,0.026370,-0.073178,-0.058094,0.003087,0.118416,0.009120,0.051017,0.072602,-0.135580,0.011718,0.756463,1.000000,0.109451,0.350832,0.572519,-0.013974,0.002918,-0.247127,0.042320,0.102268,-0.056471,0.225828,0.107351,-0.039346,-0.000424,0.330505,0.280930,0.420678,0.257381,0.079273,0.172330,0.175007,0.510835,0.450953,0.147197,0.124102,0.211491,0.449589,0.297211,0.190696,0.065130,0.407723,0.109556,0.789664
-0.050926,-0.052269,0.217979,0.278921,-0.003259,-0.025647,0.043353,-0.072009,-0.010882,0.021754,-0.074352,0.021700,-0.106407,-0.080221,0.089490,-0.062440,-0.019413,0.048248,0.030091,0.107434,0.119342,0.097710,-0.045897,0.113910,-0.054369,-0.016563,-0.075688,0.023689,-0.002561,-0.033456,-0.011503,0.033481,-0.073917,-0.029340,0.116900,0.109451,1.000000,0.330717,0.179709,0.083630,0.087501,-0.025910,0.109849,0.134394,-0.002450,0.190352,0.167109,0.004769,0.053825,0.082429,0.133844,0.111986,0.066223,0.173115,-0.012180,-0.024879,0.063093,0.145674,0.072410,0.171299,0.138423,0.072282,0.093354,0.082371,0.074837,0.062261,0.014563,0.135253
-0.075578,-0.147392,0.209433,0.607305,-0.080488,-0.109742,-0.126615,-0.365963,-0.077760,-0.110152,-0.236496,-0.053133,-0.364948,-0.265547,0.105472,-0.076681,0.098007,0.068196,0.007325,0.167290,0.201039,0.076971,-0.038362,0.075788,-0.119160,-0.190022,-0.151071,-0.111487,-0.030564,-0.013135,0.074681,0.031413,-0.146077,-0.066107,0.287640,0.350832,0.330717,1.000000,0.481310,0.078569,0.012089,-0.226012,0.078884,0.281191,-0.005927,0.746091,0.607715,0.053112,0.158133,0.292101,0.436339,0.244162,0.262026,0.357160,0.022099,0.011510,0.225509,0.294801,0.091140,0.341751,0.145041,0.199773,0.162038,0.340274,0.236200,0.252997,0.123858,0.397307
-0.002150,-0.015415,0.097112,0.314096,0.032628,-0.119702,-0.067192,-0.248235,-0.086434,-0.032234,0.028410,-0.008304,-0.269876,-0.039904,0.155165,0.053067,0.104588,0.138388,0.041288,0.201808,0.178066,0.117726,-0.015683,0.094366,-0.010952,-0.087254,-0.080846,-0.082496,-0.054237,-0.013130,0.078002,0.107774,-0.123243,-0.014707,0.417996,0.572519,0.179709,0.481310,1.000000,0.312413,0.266133,-0.132361,0.328133,0.482919,0.147284,0.269257,0.158110,0.098184,0.183479,0.451099,0.571024,0.483831,0.498507,0.299009,0.089724,0.090863,0.480851,0.480869,0.345136,0.361569,0.277967,0.397947,0.451852,0.507119,0.391237,0.398469,0.113043,0.713728
-0.012762,0.254675,-0.042869,0.404115,0.405441,0.017468,0.639526,0.436283,0.051265,0.599575,0.572026,0.262426,0.287041,0.463691,0.374939,0.308226,0.030887,0.066087,0.000569,0.335326,0.254903,0.198803,0.082870,0.216998,0.091409,0.142155,0.078882,-0.085309,-0.005645,-0.038284,0.026321,0.102160,0.001952,0.033246,-0.106483,-0.013974,0.083630,0.078569,0.312413,1.000000,0.798675,0.626350,0.681032,0.680022,0.611482,-0.041577,0.134256,0.637984,0.624451,0.141641,0.300107,0.152603,0.286824,0.508771,-0.041503,-0.038034,0.055767,0.111917,0.309958,0.206288,0.089594,0.030032,0.377756,0.439162,0.533717,0.057331,-0.005862,0.106971
-0.031205,0.318805,-0.040654,0.404650,0.423946,-0.051987,0.604849,0.447394,-0.021703,0.504827,0.685698,0.288920,0.359897,0.628427,0.471087,0.359001,0.019040,0.058077,0.005777,0.408785,0.220693,0.208048,0.026167,0.234121,0.117918,0.202796,0.120940,-0.070573,0.054030,-0.030712,0.046086,0.190349,0.022412,0.018810,-0.054892,0.002918,0.087501,0.012089,0.266133,0.798675,1.000000,0.607104,0.456343,0.504600,0.541321,-0.107655,0.118867,0.632471,0.641333,0.118647,0.244550,0.135362,0.237178,0.494374,-0.034583,-0.018878,0.090218,0.097099,0.322859,0.146972,0.049664,0.070421,0.296774,0.389426,0.541562,0.046897,-0.002838,0.106619
-0.018921,0.254097,-0.039645,0.189970,0.398519,0.171757,0.740360,0.913447,0.142944,0.638579,0.581448,0.344240,0.768217,0.534273,0.176535,0.279298,-0.067776,-0.007540,-0.043198,0.105479,0.031611,0.065164,0.040768,0.074596,0.112671,0.235852,0.090205,-0.032858,0.069251,-0.071197,-0.015216,0.080301,0.066267,0.029093,-0.225270,-0.247127,-0.025910,-0.226012,-0.132361,0.626350,0.607104,1.000000,0.358370,0.280037,0.474851,-0.243150,0.109199,0.566056,0.392042,-0.089120,-0.101338,-0.109926,-0.039006,0.177953,-0.088520,-0.099132,-0.131933,-0.107881,0.089887,-0.133397,-0.071191,-0.090443,0.057344,0.016730,0.179229,-0.184113,-0.027685,-0.182698
-0.020644,0.055946,0.024539,0.212747,0.240286,0.181672,0.403879,0.265712,0.299413,0.461060,0.255137,0.040805,0.051868,0.151002,0.156581,0.174104,0.050863,0.071479,0.045042,0.122974,0.174315,0.135464,0.039796,0.152397,0.038424,0.004740,-0.007054,-0.080982,0.012533,0.005090,-0.000913,0.112064,0.007452,0.033071,-0.068646,0.042320,0.109849,0.078884,0.328133,0.681032,0.456343,0.358370,1.000000,0.629933,0.356672,-0.020941,0.003413,0.269844,0.283148,0.212655,0.324543,0.203524,0.382947,0.261316,-0.003519,-0.013567,0.160804,0.155462,0.258348,0.251918,0.097949,-0.010230,0.404674,0.427738,0.359298,0.015488,-0.020649,0.111218
-0.021940,0.101523,0.042707,0.390323,0.300288,0.049095,0.427863,0.118107,0.114040,0.528869,0.319584,0.084847,-0.040719,0.135953,0.169963,0.231399,0.061627,0.077215,0.023521,0.201212,0.221376,0.174601,-0.007341,0.167806,-0.000505,-0.048895,-0.049811,-0.120157,-0.037209,-0.048842,0.034915,0.098498,-0.009234,0.008506,-0.006842,0.102268,0.134394,0.281191,0.482919,0.680022,0.504600,0.280037,0.629933,1.000000,0.562070,0.151831,0.176564,0.445533,0.374791,0.366644,0.525615,0.278620,0.410255,0.411693,0.010436,0.012877,0.153061,0.177110,0.240868,0.394558,0.144994,0.067684,0.358727,0.547622,0.489508,0.155607,0.015039,0.223151
-0.021850,0.180743,0.013154,0.298161,0.356390,-0.012603,0.557708,0.352180,0.005434,0.482767,0.639016,0.135698,0.230251,0.454165,0.080406,0.246536,-0.018666,0.065030,0.025922,0.038665,0.049663,0.073547,0.123735,0.001422,0.104085,0.080617,0.044593,-0.056429,0.041448,-0.033654,0.052762,0.151508,0.032782,0.030891,-0.098393,-0.056471,-0.002450,-0.005927,0.147284,0.611482,0.541321,0.474851,0.356672,0.562070,1.000000,-0.066396,0.080857,0.827981,0.501924,0.131502,0.187030,0.065661,0.115875,0.333730,-0.005767,0.006459,0.009387,0.012869,0.101768,0.061336,0.007163,-0.020772,0.154287,0.217953,0.296565,0.007444,-0.029592,0.004691
-0.041076,-0.141786,0.115980,0.327825,-0.083735,-0.079805,-0.141420,-0.366326,-0.058384,-0.121015,-0.304272,-0.071246,-0.349240,-0.324568,0.004860,-0.057265,0.087314,0.058240,0.012052,0.044992,0.095676,0.012999,-0.021855,0.004514,-0.107177,-0.155130,-0.087678,-0.004417,-0.013725,0.013053,0.069080,-0.000377,-0.078740,-0.064938,0.178360,0.225828,0.190352,0.746091,0.269257,-0.041577,-0.107655,-0.243150,-0.020941,0.151831,-0.066396,1.000000,0.809915,0.060476,0.127984,0.164273,0.252724,0.129542,0.141052,0.262796,0.006650,0.006958,0.130736,0.161133,-0.057800,0.227232,0.017436,0.075634,0.024056,0.169654,0.101616,0.168359,0.135901,0.224882
-0.018514,-0.004620,0.059190,0.408997,0.019822,-0.140870,0.080510,-0.079852,-0.129636,0.051434,-0.034583,0.105087,-0.011727,-0.036955,0.111252,0.038640,0.048376,0.058338,0.008735,0.117300,0.070799,-0.017327,-0.003006,0.002286,-0.050774,-0.029662,-0.033926,-0.017986,-0.025998,0.005999,0.081796,0.019473,-0.053826,-0.018210,0.109065,0.107351,0.167109,0.607715,0.158110,0.134256,0.118867,0.109199,0.003413,0.176564,0.080857,0.809915,1.000000,0.339028,0.329335,0.123662,0.191629,0.060847,0.084030,0.336963,-0.045489,-0.034125,0.049142,0.083611,-0.014012,0.120902,-0.037872,0.045049,0.025919,0.120801,0.173382,0.072840,0.138367,0.134647
-0.020110,0.253496,-0.064816,0.337166,0.347511,-0.082450,0.585165,0.410009,-0.079445,0.489122,0.736170,0.229775,0.359460,0.632928,0.225755,0.303155,0.005786,0.054053,0.009371,0.143443,0.053377,0.040517,0.095978,0.017997,0.153380,0.139572,0.102565,-0.050838,0.060339,-0.020748,0.104172,0.124854,0.005268,0.028522,-0.053841,-0.039346,0.004769,0.053112,0.098184,0.637984,0.632471,0.566056,0.269844,0.445533,0.827981,0.060476,0.339028,1.000000,0.710026,0.055683,0.134449,0.041466,0.129882,0.473362,-0.051571,-0.031422,0.047695,0.019304,0.129552,-0.029759,-0.039721,0.007463,0.149592,0.193633,0.330761,-0.027028,0.046156,0.015902
0.034368,0.271047,-0.137613,0.441127,0.286786,-0.165986,0.419191,0.231038,-0.197727,0.289621,0.688622,0.304746,0.217156,0.663323,0.609114,0.279881,0.047606,0.047392,-0.083797,0.485924,0.289467,0.235490,0.043157,0.219493,0.118786,0.178701,0.109674,-0.124624,-0.058538,-0.033080,0.110073,0.108930,0.016870,0.063227,-0.016774,-0.000424,0.053825,0.158133,0.183479,0.624451,0.641333,0.392042,0.283148,0.374791,0.501924,0.127984,0.329335,0.710026,1.000000,0.064036,0.227014,0.125969,0.224354,0.789383,-0.000810,0.034073,0.076110,0.142738,0.219562,0.196433,-0.018058,0.016454,0.233956,0.382160,0.500047,0.045067,0.054872,0.073571
0.001318,-0.049505,0.073846,0.198406,0.039360,-0.020072,0.015357,-0.150037,0.026059,0.047902,0.005748,-0.008850,-0.143675,-0.048387,0.082228,0.122746,0.128071,0.214408,0.119684,0.129890,0.103685,0.088312,0.052521,0.083822,-0.029502,-0.073429,-0.042826,-0.064098,-0.060400,0.003663,0.013915,0.113979,0.013997,0.004544,0.267724,0.330505,0.082429,0.292101,0.451099,0.141641,0.118647,-0.089120,0.212655,0.366644,0.131502,0.164273,0.123662,0.055683,0.064036,1.000000,0.519252,0.467125,0.319806,0.177554,0.118104,0.132952,0.305796,0.286185,0.173372,0.201672,0.168603,0.239609,0.306776,0.333858,0.256964,0.317935,0.061554,0.470480
-0.005149,-0.032920,0.102623,0.339923,0.063456,-0.059971,0.008138,-0.191370,-0.055413,0.053721,0.073708,0.017074,-0.206970,0.044837,0.227912,0.151496,0.173244,0.155124,0.074665,0.259477,0.186955,0.090213,0.019280,0.104786,-0.094400,-0.161903,-0.080312,-0.102549,-0.117184,0.009735,0.049671,0.160512,-0.114335,0.018429,0.135302,0.280930,0.133844,0.436339,0.571024,0.300107,0.244550,-0.101338,0.324543,0.525615,0.187030,0.252724,0.191629,0.134449,0.227014,0.519252,1.000000,0.439715,0.584652,0.329660,-0.011765,-0.000031,0.336060,0.313674,0.343768,0.368258,0.140227,0.109684,0.372217,0.694198,0.601091,0.309383,0.161997,0.375458
0.052637,0.025834,0.072239,0.127735,0.112744,-0.031103,0.011163,-0.142550,-0.004072,0.033983,0.044158,-0.014382,-0.161877,-0.007951,0.083864,0.177514,0.184288,0.576951,0.251177,0.173542,0.184276,0.168844,0.167917,0.086898,0.104529,-0.102875,-0.056389,-0.045699,0.021918,0.083988,0.035411,0.157060,0.013105,0.072065,0.358145,0.420678,0.111986,0.244162,0.483831,0.152603,0.135362,-0.109926,0.203524,0.278620,0.065661,0.129542,0.060847,0.041466,0.125969,0.467125,0.439715,1.000000,0.498766,0.272966,0.285686,0.306789,0.565012,0.439072,0.264038,0.172948,0.194281,0.294088,0.425244,0.347722,0.248569,0.443433,0.136156,0.550660
0.015818,0.025455,0.060708,0.217068,0.059711,-0.073931,0.028359,-0.099689,-0.035661,0.066079,0.148409,-0.004914,-0.096875,0.155427,0.159980,0.145885,0.120715,0.137982,0.009316,0.143005,0.144672,0.082480,-0.023642,0.095760,0.010301,-0.081912,-0.021295,-0.016629,-0.016058,-0.039629,0.061733,0.176858,-0.018686,0.027388,0.049306,0.257381,0.066223,0.262026,0.498507,0.286824,0.237178,-0.039006,0.382947,0.410255,0.115875,0.141052,0.084030,0.129882,0.224354,0.319806,0.584652,0.498766,1.000000,0.203176,-0.062459,-0.049610,0.532271,0.308963,0.518947,0.304908,0.102742,0.109436,0.462276,0.705986,0.450978,0.213925,0.120772,0.296452
0.019153,0.167332,-0.060653,0.515071,0.225484,-0.159055,0.285282,0.022975,-0.186915,0.204642,0.384541,0.284098,-0.012130,0.341542,0.653867,0.260724,0.125186,0.205175,0.029174,0.650613,0.395882,0.287100,0.077568,0.301161,-0.009928,0.113327,0.053922,-0.161286,-0.123781,0.002295,0.071680,0.037349,-0.012818,0.029897,0.089524,0.079273,0.173115,0.357160,0.299009,0.508771,0.494374,0.177953,0.261316,0.411693,0.333730,0.262796,0.336963,0.473362,0.789383,0.177554,0.329660,0.272966,0.203176,1.000000,0.134629,0.150563,0.130843,0.233670,0.162610,0.203911,-0.021776,0.056349,0.257227,0.410730,0.501495,0.150953,0.061848,0.183717
-0.061095,0.004768,-0.004447,-0.029643,-0.023987,-0.028091,-0.021386,-0.072419,-0.031629,-0.057705,-0.041681,0.012151,-0.036660,-0.069553,0.043513,-0.010870,-0.013792,0.119676,0.032766,0.107573,0.136827,0.130040,0.076366,0.006238,0.023435,0.065749,0.074491,-0.060288,0.001028,0.021754,-0.031917,0.014095,0.019000,-0.055387,0.243687,0.172330,-0.012180,0.022099,0.089724,-0.041503,-0.034583,-0.088520,-0.003519,0.010436,-0.005767,0.006650,-0.045489,-0.051571,-0.000810,0.118104,-0.011765,0.285686,-0.062459,0.134629,1.000000,0.941008,0.188366,0.396156,-0.082929,-0.009647,0.041892,0.181896,0.077702,-0.064552,0.007997,0.162914,-0.026227,0.244167
-0.039677,0.037908,-0.010453,-0.038134,-0.012532,-0.037345,-0.013224,-0.083693,-0.028215,-0.062535,-0.013859,-0.007036,-0.040870,-0.045928,0.046994,-0.005052,-0.004013,0.144075,0.050922,0.105644,0.126163,0.145830,0.097158,0.018085,0.068660,0.088118,0.067860,-0.072697,0.029094,0.031382,-0.024284,0.024213,0.050110,-0.040115,0.270616,0.175007,-0.024879,0.011510,0.090863,-0.038034,-0.018878,-0.099132,-0.013567,0.012877,0.006459,0.006958,-0.034125,-0.031422,0.034073,0.132952,-0.000031,0.306789,-0.049610,0.150563,0.941008,1.000000,0.187673,0.406757,-0.059346,-0.018578,0.018295,0.195434,0.091535,-0.035762,0.034239,0.216021,-0.020924,0.269182
-0.029976,0.038359,0.042711,0.060162,0.022618,-0.017195,-0.040993,-0.144598,0.002954,-0.053882,0.037256,-0.034268,-0.121997,0.036583,0.024059,0.084426,0.120804,0.213454,0.078242,0.032666,0.074984,-0.006171,0.059320,-0.033340,0.095107,-0.041542,-0.013050,0.060204,0.089483,0.017922,0.067789,0.122652,-0.022699,-0.021481,0.358985,0.510835,0.063093,0.225509,0.480851,0.055767,0.090218,-0.131933,0.160804,0.153061,0.009387,0.130736,0.049142,0.047695,0.076110,0.305796,0.336060,0.565012,0.532271,0.130843,0.188366,0.187673,1.000000,0.430623,0.304233,0.137173,0.164201,0.387071,0.431112,0.283459,0.159327,0.336494,0.147182,0.562256
0.008422,-0.001081,0.073411,0.139505,-0.007993,-0.015347,-0.024911,-0.131330,-0.034288,-0.061630,0.012557,-0.076489,-0.169005,-0.002825,0.079961,0.004619,0.059565,0.078411,0.001462,0.113219,0.211139,0.133311,0.042903,0.090156,0.063903,-0.031720,-0.016951,-0.050155,0.038871,-0.022969,0.054611,0.119450,-0.086922,-0.028013,0.387540,0.450953,0.145674,0.294801,0.480869,0.111917,0.097099,-0.107881,0.155462,0.177110,0.012869,0.161133,0.083611,0.019304,0.142738,0.286185,0.313674,0.439072,0.308963,0.233670,0.396156,0.406757,0.430623,1.000000,0.320915,0.207850,0.222318,0.374104,0.334845,0.318809,0.212854,0.374049,0.083229,0.554023
0.072853,0.093066,0.006178,0.154363,0.070292,-0.066482,0.070739,0.031650,-0.042787,0.087158,0.230904,0.048053,0.014652,0.261804,0.219829,0.112283,0.077607,0.036509,-0.001432,0.197128,0.226259,0.176760,-0.020456,0.214288,0.083197,0.133533,0.122575,-0.020837,-0.007087,-0.036315,0.101549,0.155471,0.045628,0.057091,-0.023341,0.147197,0.072410,0.091140,0.345136,0.309958,0.322859,0.089887,0.258348,0.240868,0.101768,-0.057800,-0.014012,0.129552,0.219562,0.173372,0.343768,0.264038,0.518947,0.162610,-0.082929,-0.059346,0.304233,0.320915,1.000000,0.201014,0.095872,0.153151,0.413765,0.480623,0.407754,0.143428,0.007513,0.199844
-0.023697,-0.040616,0.040303,0.314862,0.033719,-0.069992,-0.069535,-0.201125,-0.064434,-0.003994,0.011024,0.069182,-0.218152,-0.034017,0.208027,0.025878,0.048136,-0.052863,-0.097200,0.205495,0.223137,0.207721,-0.044109,0.180489,0.006242,-0.126077,-0.141808,-0.032842,-0.078908,-0.052548,0.054441,0.092854,-0.059075,0.024698,0.064544,0.124102,0.171299,0.341751,0.361569,0.206288,0.146972,-0.133397,0.251918,0.394558,0.061336,0.227232,0.120902,-0.029759,0.196433,0.201672,0.368258,0.172948,0.304908,0.203911,-0.009647,-0.018578,0.137173,0.207850,0.201014,1.000000,0.412354,0.139219,0.206086,0.415030,0.321801,0.155772,0.025666,0.177366
-0.006584,0.032600,0.067785,0.076046,0.091916,0.072586,-0.005111,-0.096123,0.089705,0.053859,0.002319,-0.091509,-0.174890,-0.033554,0.043682,0.081583,0.097057,0.052150,0.090527,0.070372,0.075646,0.090383,-0.028327,0.009728,0.011562,-0.152529,-0.073446,0.053873,0.094707,0.078865,0.058650,0.078566,0.043568,0.070262,0.204365,0.211491,0.138423,0.145041,0.277967,0.089594,0.049664,-0.071191,0.097949,0.144994,0.007163,0.017436,-0.037872,-0.039721,-0.018058,0.168603,0.140227,0.194281,0.102742,-0.021776,0.041892,0.018295,0.164201,0.222318,0.095872,0.412354,1.000000,0.489951,0.153439,0.100802,0.065966,0.179108,0.056447,0.289617
0.018916,0.054402,0.048872,0.107658,0.050167,0.010778,-0.046437,-0.123007,-0.007492,-0.060830,-0.004504,-0.014007,-0.116533,-0.002772,0.033013,0.053925,0.118630,0.115976,0.109110,0.076047,0.105994,0.101251,0.028267,0.000830,0.023116,-0.022368,0.055229,-0.000712,0.075620,0.078750,0.036343,0.000802,0.004782,0.041817,0.447489,0.449589,0.072282,0.199773,0.397947,0.030032,0.070421,-0.090443,-0.010230,0.067684,-0.020772,0.075634,0.045049,0.007463,0.016454,0.239609,0.109684,0.294088,0.109436,0.056349,0.181896,0.195434,0.387071,0.374104,0.153151,0.139219,0.489951,1.000000,0.295043,0.069311,0.017699,0.401495,0.139244,0.630412
0.022696,0.088066,-0.037759,0.189263,0.168612,-0.062527,0.131065,-0.019119,-0.012863,0.137884,0.149028,0.039540,-0.026583,0.130511,0.171623,0.121527,0.115835,0.161300,0.083148,0.172529,0.206821,0.122258,0.082162,0.091240,0.072461,0.041233,0.046902,-0.075522,-0.013365,0.037608,0.073293,0.143738,0.015158,0.033313,0.176405,0.297211,0.093354,0.162038,0.451852,0.377756,0.296774,0.057344,0.404674,0.358727,0.154287,0.024056,0.025919,0.149592,0.233956,0.306776,0.372217,0.425244,0.462276,0.257227,0.077702,0.091535,0.431112,0.334845,0.413765,0.206086,0.153439,0.295043,1.000000,0.475653,0.341555,0.300855,0.116868,0.410832
