1.000000,0.936266,0.724535,0.741203,0.858308,0.646022,0.729977,0.600164,0.545793,0.301132,0.554240,0.681487,0.595829,0.536074,0.665917,0.357267,0.354238,0.229793,0.648568,0.626422,0.694761,0.670044,0.421635,0.757407,0.721256,0.423059,0.309912,0.770373,0.690922,0.712542,0.760775,0.857534,0.393581,0.951639,0.542249,0.579724,0.690322,0.629592,0.540277,0.549801,0.631051,0.558124,0.516730,0.322259,0.518552,0.605870,0.449247,0.515517,0.514485,0.413855,0.545867,0.307020,0.407140,0.479475,0.559028,0.546211,0.454959,0.548186,0.351250,0.365800,0.394292,0.350747,0.336983,0.353621,0.313407,0.524767,0.520072,0.486387
0.936266,1.000000,0.818184,0.852380,0.948194,0.726830,0.844685,0.739507,0.624455,0.352033,0.699436,0.828028,0.756085,0.704972,0.754706,0.328697,0.325714,0.323422,0.629472,0.695958,0.719507,0.696762,0.380004,0.762318,0.631505,0.372817,0.258447,0.698279,0.604001,0.630764,0.683532,0.834048,0.325071,0.940923,0.561699,0.611254,0.795410,0.745217,0.577486,0.630474,0.739944,0.702832,0.599576,0.348287,0.647552,0.753158,0.623602,0.651371,0.631507,0.389267,0.551558,0.397432,0.441970,0.583652,0.566725,0.559232,0.449807,0.554852,0.322440,0.411519,0.410043,0.336998,0.321511,0.341635,0.290619,0.521709,0.469661,0.495667
0.724535,0.818184,1.000000,0.926748,0.789066,0.650143,0.772003,0.746148,0.548115,0.312898,0.779898,0.863271,0.765446,0.772399,0.764590,0.246537,0.213834,0.242144,0.489866,0.705718,0.607086,0.581353,0.290816,0.648145,0.483793,0.383964,0.262903,0.610972,0.505811,0.528242,0.542125,0.632415,0.218606,0.715668,0.537639,0.598181,0.919847,0.852180,0.558915,0.612570,0.728088,0.716811,0.576969,0.329237,0.767834,0.863985,0.752885,0.773652,0.751366,0.303621,0.449935,0.340251,0.346510,0.714698,0.539061,0.536223,0.412710,0.555256,0.327245,0.465009,0.419344,0.343527,0.289815,0.263114,0.196181,0.456501,0.443199,0.443888
0.741203,0.852380,0.926748,1.000000,0.867320,0.757161,0.863437,0.866906,0.659166,0.422337,0.841482,0.957206,0.885859,0.842294,0.772473,0.295642,0.263393,0.305332,0.568004,0.706565,0.612185,0.587294,0.332871,0.646744,0.512723,0.376653,0.260709,0.589528,0.526381,0.556209,0.581318,0.676732,0.235322,0.763677,0.613444,0.675506,0.946240,0.920644,0.638115,0.723912,0.827101,0.845396,0.700333,0.423302,0.795777,0.919504,0.804605,0.799028,0.752877,0.361064,0.538563,0.411386,0.415274,0.701460,0.589064,0.586633,0.448095,0.604740,0.341574,0.478151,0.432030,0.372834,0.337834,0.328186,0.264078,0.526257,0.460567,0.520507
0.858308,0.948194,0.789066,0.867320,1.000000,0.820292,0.913420,0.843095,0.727365,0.453934,0.726602,0.879828,0.856760,0.751510,0.720931,0.364572,0.379034,0.405624,0.663868,0.651962,0.656370,0.640457,0.358228,0.693604,0.594267,0.337166,0.232756,0.625521,0.565602,0.599127,0.664128,0.802590,0.276830,0.916733,0.583204,0.632953,0.788434,0.764874,0.603904,0.698226,0.809444,0.810006,0.694139,0.425818,0.633937,0.770349,0.651863,0.639966,0.600558,0.425485,0.592441,0.477694,0.491970,0.540700,0.583319,0.578470,0.456218,0.563620,0.275615,0.405119,0.384643,0.303952,0.306655,0.348396,0.296746,0.531728,0.459828,0.519526
0.646022,0.726830,0.650143,0.757161,0.820292,1.000000,0.914522,0.906921,0.942608,0.625182,0.556992,0.806850,0.854504,0.600420,0.533181,0.339887,0.351531,0.269216,0.670379,0.450472,0.451159,0.453368,0.342499,0.576118,0.556030,0.335976,0.222220,0.551152,0.659962,0.687585,0.661010,0.636818,0.209362,0.695700,0.491936,0.570031,0.624042,0.575647,0.495308,0.612202,0.794757,0.836261,0.720064,0.629869,0.448173,0.598253,0.494378,0.450863,0.389409,0.543372,0.628934,0.448448,0.413087,0.324123,0.497671,0.492680,0.349368,0.463863,0.148920,0.277295,0.294774,0.207740,0.165330,0.210025,0.186449,0.461116,0.431856,0.435304
0.729977,0.844685,0.772003,0.863437,0.913420,0.914522,1.000000,0.940441,0.827730,0.515015,0.670724,0.899798,0.919084,0.709484,0.660692,0.275248,0.262682,0.303699,0.632894,0.576783,0.543699,0.534054,0.343645,0.626826,0.547486,0.351762,0.234431,0.575638,0.604412,0.626173,0.624094,0.690684,0.225195,0.772808,0.585385,0.661429,0.750286,0.712487,0.607006,0.724019,0.897186,0.898548,0.759488,0.527688,0.566947,0.721665,0.600745,0.573588,0.521937,0.482096,0.643287,0.503914,0.489032,0.456633,0.576218,0.575748,0.431041,0.557537,0.226279,0.349693,0.350557,0.275459,0.261437,0.303386,0.257687,0.536985,0.475312,0.515137
0.600164,0.739507,0.746148,0.866906,0.843095,0.906921,0.940441,1.000000,0.827884,0.570943,0.720981,0.926624,0.980999,0.763168,0.627663,0.249200,0.235297,0.308989,0.557267,0.545108,0.474205,0.469021,0.294002,0.544606,0.446038,0.324249,0.220882,0.491079,0.506275,0.527590,0.520674,0.575539,0.157258,0.667441,0.573738,0.652985,0.749739,0.731540,0.606812,0.757298,0.898101,0.972558,0.815729,0.611771,0.607703,0.747602,0.664864,0.610142,0.542135,0.478697,0.626396,0.522734,0.468028,0.476063,0.550548,0.553606,0.398903,0.539874,0.199490,0.367241,0.345611,0.265609,0.240899,0.276495,0.228333,0.509029,0.435081,0.507643
0.545793,0.624455,0.548115,0.659166,0.727365,0.942608,0.827730,0.827884,1.000000,0.768111,0.480435,0.707937,0.775882,0.529238,0.442854,0.388878,0.385065,0.365503,0.720618,0.376640,0.411783,0.419384,0.350955,0.485888,0.519109,0.308175,0.235821,0.443076,0.593109,0.638512,0.640705,0.578083,0.255187,0.584535,0.489917,0.541931,0.556905,0.539318,0.491125,0.607456,0.741954,0.795327,0.713669,0.654800,0.368968,0.538234,0.452044,0.380178,0.331182,0.516467,0.587640,0.430874,0.397747,0.268079,0.479973,0.475216,0.337641,0.447398,0.152426,0.287622,0.299929,0.209869,0.198487,0.243425,0.210305,0.456078,0.392429,0.443655
0.301132,0.352033,0.312898,0.422337,0.453934,0.625182,0.515015,0.570943,0.768111,1.000000,0.331092,0.446571,0.532468,0.361665,0.240545,0.542270,0.452284,0.419854,0.518563,0.227651,0.257198,0.271617,0.230333,0.240159,0.299421,0.256119,0.258589,0.201137,0.272101,0.325399,0.401801,0.348232,0.226022,0.338751,0.478373,0.480377,0.367381,0.423730,0.483000,0.561046,0.552894,0.603995,0.641989,0.726195,0.232641,0.370080,0.317091,0.239877,0.209773,0.543557,0.520460,0.393232,0.400189,0.168872,0.438656,0.439725,0.347424,0.430135,0.195400,0.254341,0.249475,0.225088,0.307967,0.359012,0.312995,0.462103,0.360862,0.466358
0.554240,0.699436,0.779898,0.841482,0.726602,0.556992,0.670724,0.720981,0.480435,0.331092,1.000000,0.860278,0.791671,0.985259,0.815196,0.247012,0.251232,0.372402,0.459744,0.760659,0.554193,0.517650,0.230448,0.507321,0.346907,0.270235,0.195818,0.406963,0.319616,0.358093,0.431926,0.536499,0.139319,0.617221,0.513008,0.546632,0.825741,0.821255,0.534587,0.613768,0.648378,0.720605,0.580826,0.312037,0.959249,0.916144,0.908205,0.958343,0.911478,0.237279,0.401369,0.375805,0.370162,0.872425,0.489201,0.488841,0.394586,0.513528,0.325706,0.508877,0.394423,0.309634,0.313479,0.310584,0.231828,0.434744,0.335041,0.439828
0.681487,0.828028,0.863271,0.957206,0.879828,0.806850,0.899798,0.926624,0.707937,0.446571,0.860278,1.000000,0.952926,0.880082,0.770482,0.267984,0.251839,0.327015,0.561481,0.685920,0.569826,0.547494,0.297845,0.610610,0.464589,0.330263,0.215818,0.534644,0.501027,0.528313,0.544191,0.647209,0.197048,0.736461,0.586310,0.655239,0.877946,0.842308,0.613578,0.729473,0.855079,0.899092,0.730214,0.461625,0.793084,0.893072,0.808112,0.792947,0.732979,0.372799,0.559329,0.473610,0.446943,0.673077,0.560662,0.562830,0.429274,0.564080,0.275338,0.448123,0.399477,0.318925,0.283990,0.299807,0.243950,0.509720,0.420430,0.500706
0.595829,0.756085,0.765446,0.885859,0.856760,0.854504,0.919084,0.980999,0.775882,0.532468,0.791671,0.952926,1.000000,0.835403,0.674373,0.252394,0.240974,0.364398,0.549972,0.585348,0.495827,0.485350,0.273884,0.533810,0.414539,0.282823,0.187629,0.450761,0.449517,0.477217,0.497625,0.585295,0.157945,0.671325,0.578068,0.648671,0.783089,0.779937,0.617932,0.771357,0.884840,0.964861,0.799019,0.547876,0.682425,0.808340,0.744209,0.686164,0.617258,0.418264,0.590472,0.538919,0.481345,0.548756,0.544316,0.549028,0.406401,0.540838,0.211506,0.410404,0.363185,0.269291,0.258233,0.298077,0.247863,0.504935,0.404462,0.511286
0.536074,0.704972,0.772399,0.842294,0.751510,0.600420,0.709484,0.763168,0.529238,0.361665,0.985259,0.880082,0.835403,1.000000,0.823005,0.224459,0.231628,0.413962,0.461015,0.753256,0.533522,0.500777,0.208707,0.499225,0.326758,0.232272,0.145120,0.387563,0.307506,0.342539,0.407485,0.527747,0.105872,0.611530,0.496122,0.535493,0.809541,0.805683,0.523030,0.625630,0.680041,0.759583,0.609058,0.341201,0.921932,0.910884,0.910492,0.930544,0.888147,0.246195,0.414651,0.442232,0.397527,0.842848,0.473710,0.476489,0.379312,0.487455,0.272855,0.492466,0.380358,0.267208,0.268038,0.278406,0.201587,0.416562,0.307890,0.425045
0.665917,0.754706,0.764590,0.772473,0.720931,0.533181,0.660692,0.627663,0.442854,0.240545,0.815196,0.770482,0.674373,0.823005,1.000000,0.186429,0.155369,0.287148,0.440155,0.960190,0.647080,0.589001,0.237474,0.629152,0.441134,0.376762,0.225784,0.554078,0.396621,0.409069,0.458136,0.624519,0.183962,0.673038,0.494109,0.524013,0.751498,0.694453,0.519399,0.576232,0.627354,0.620023,0.527897,0.249929,0.768180,0.759455,0.692972,0.788357,0.843779,0.246916,0.409916,0.347982,0.381345,0.835619,0.485427,0.490873,0.428476,0.502075,0.343493,0.438607,0.373706,0.308976,0.307928,0.295341,0.209515,0.428042,0.354652,0.435910
0.357267,0.328697,0.246537,0.295642,0.364572,0.339887,0.275248,0.249200,0.388878,0.542270,0.247012,0.267984,0.252394,0.224459,0.186429,1.000000,0.856329,0.298503,0.482653,0.193726,0.288909,0.290318,0.239685,0.248841,0.330501,0.250573,0.260914,0.232382,0.260438,0.337338,0.481276,0.420918,0.311627,0.371221,0.369908,0.342477,0.288210,0.336852,0.348911,0.302738,0.271114,0.254829,0.267296,0.229912,0.214519,0.278212,0.191436,0.203877,0.187709,0.282909,0.283188,0.108382,0.243208,0.170758,0.348893,0.339508,0.300880,0.358919,0.237626,0.223393,0.203736,0.236898,0.315347,0.330066,0.290910,0.350988,0.286389,0.341184
0.354238,0.325714,0.213834,0.263393,0.379034,0.351531,0.262682,0.235297,0.385065,0.452284,0.251232,0.251839,0.240974,0.231628,0.155369,0.856329,1.000000,0.353345,0.545653,0.151120,0.262791,0.271009,0.180830,0.231215,0.285554,0.177550,0.200383,0.196001,0.236202,0.339566,0.532454,0.444824,0.268671,0.401436,0.289752,0.269359,0.255216,0.286844,0.272484,0.233463,0.226397,0.227679,0.217153,0.156315,0.214696,0.255561,0.188728,0.201484,0.168283,0.213481,0.227144,0.102544,0.205863,0.145469,0.280693,0.267489,0.216457,0.274049,0.143258,0.190117,0.174866,0.180024,0.219056,0.250266,0.216621,0.275300,0.209997,0.261188
0.229793,0.323422,0.242144,0.305332,0.405624,0.269216,0.303699,0.308989,0.365503,0.419854,0.372402,0.327015,0.364398,0.413962,0.287148,0.298503,0.353345,1.000000,0.562180,0.285531,0.358428,0.366752,0.291664,0.197181,0.251314,0.017822,0.062605,0.014479,0.050392,0.114664,0.316959,0.446742,0.196978,0.299758,0.248981,0.232573,0.328385,0.410746,0.296821,0.391920,0.326471,0.389166,0.339937,0.140868,0.298294,0.382882,0.397487,0.317863,0.301051,0.059310,0.150343,0.465354,0.293467,0.261689,0.239283,0.239310,0.196836,0.208708,0.041009,0.263876,0.210467,0.095439,0.123489,0.183139,0.138913,0.190193,0.069533,0.234340
0.648568,0.629472,0.489866,0.568004,0.663868,0.670379,0.632894,0.557267,0.720618,0.518563,0.459744,0.561481,0.549972,0.461015,0.440155,0.482653,0.545653,0.562180,1.000000,0.411914,0.548980,0.545712,0.570086,0.520828,0.726844,0.304635,0.282014,0.433445,0.699649,0.782938,0.870254,0.764213,0.440544,0.615825,0.534148,0.534627,0.539155,0.554240,0.516719,0.538438,0.572827,0.559240,0.514757,0.328314,0.395166,0.514889,0.407640,0.401344,0.385013,0.316770,0.461525,0.333401,0.407785,0.336889,0.526125,0.515039,0.429966,0.507474,0.278738,0.363529,0.361675,0.305411,0.327895,0.360172,0.305587,0.494242,0.426972,0.484587
0.626422,0.695958,0.705718,0.706565,0.651962,0.450472,0.576783,0.545108,0.376640,0.227651,0.760659,0.685920,0.585348,0.753256,0.960190,0.193726,0.151120,0.285531,0.411914,1.000000,0.661427,0.599003,0.255365,0.589935,0.434390,0.396034,0.287302,0.521433,0.340403,0.355377,0.430422,0.607656,0.196842,0.629396,0.487477,0.501936,0.712744,0.669904,0.514431,0.557786,0.564486,0.561836,0.490517,0.204861,0.722580,0.702822,0.635422,0.743442,0.812894,0.213568,0.368653,0.279251,0.342732,0.828167,0.474176,0.479296,0.432187,0.499259,0.383274,0.414603,0.349814,0.328129,0.366929,0.336884,0.250374,0.420965,0.345114,0.439349
0.694761,0.719507,0.607086,0.612185,0.656370,0.451159,0.543699,0.474205,0.411783,0.257198,0.554193,0.569826,0.495827,0.533522,0.647080,0.288909,0.262791,0.358428,0.548980,0.661427,1.000000,0.985502,0.463463,0.893253,0.573782,0.412442,0.365181,0.524564,0.431691,0.472066,0.570966,0.704675,0.344678,0.677759,0.546702,0.562752,0.625377,0.603971,0.566608,0.549496,0.553843,0.489694,0.479463,0.219615,0.540285,0.587030,0.495254,0.544003,0.560132,0.254007,0.394965,0.234272,0.303792,0.546716,0.564767,0.558548,0.420476,0.561390,0.402347,0.418259,0.396604,0.399254,0.383759,0.339509,0.255909,0.474527,0.429490,0.497617
0.670044,0.696762,0.581353,0.587294,0.640457,0.453368,0.534054,0.469021,0.419384,0.271617,0.517650,0.547494,0.485350,0.500777,0.589001,0.290318,0.271009,0.366752,0.545712,0.599003,0.985502,1.000000,0.472066,0.899498,0.568770,0.401397,0.359126,0.509268,0.423226,0.462967,0.556125,0.684321,0.327003,0.657578,0.527304,0.545372,0.597386,0.579423,0.546894,0.530414,0.543446,0.481955,0.471089,0.231534,0.497689,0.558921,0.469264,0.501422,0.508840,0.257366,0.387655,0.240645,0.297091,0.492530,0.553460,0.546573,0.397773,0.540548,0.369214,0.399511,0.384646,0.386685,0.358530,0.317570,0.233477,0.457539,0.414443,0.481056
0.421635,0.380004,0.290816,0.332871,0.358228,0.342499,0.343645,0.294002,0.350955,0.230333,0.230448,0.297845,0.273884,0.208707,0.237474,0.239685,0.180830,0.291664,0.570086,0.255365,0.463463,0.472066,1.000000,0.438453,0.740700,0.162864,0.168267,0.287878,0.525294,0.528102,0.501554,0.511744,0.284793,0.371214,0.344557,0.343681,0.335084,0.328716,0.335946,0.311715,0.334339,0.299621,0.284363,0.169268,0.213005,0.272664,0.194753,0.206725,0.189088,0.184384,0.260200,0.168790,0.207135,0.173785,0.346441,0.334821,0.294833,0.337882,0.199653,0.212392,0.203652,0.228700,0.215356,0.199945,0.150074,0.300370,0.275483,0.320462
0.757407,0.762318,0.648145,0.646744,0.693604,0.576118,0.626826,0.544606,0.485888,0.240159,0.507321,0.610610,0.533810,0.499225,0.629152,0.248841,0.231215,0.197181,0.520828,0.589935,0.893253,0.899498,0.438453,1.000000,0.634969,0.484296,0.339021,0.686674,0.597860,0.611735,0.616495,0.718311,0.279393,0.732752,0.495269,0.549945,0.597856,0.523907,0.500726,0.482701,0.590978,0.496960,0.483010,0.328124,0.489148,0.549643,0.431866,0.486487,0.479459,0.379263,0.479491,0.265548,0.297253,0.452965,0.546952,0.535346,0.375723,0.517559,0.300375,0.339598,0.365278,0.345101,0.241799,0.215864,0.168593,0.446710,0.466757,0.440195
0.721256,0.631505,0.483793,0.512723,0.594267,0.556030,0.547486,0.446038,0.519109,0.299421,0.346907,0.464589,0.414539,0.326758,0.441134,0.330501,0.285554,0.251314,0.726844,0.434390,0.573782,0.568770,0.740700,0.634969,1.000000,0.410632,0.334539,0.651023,0.812268,0.794538,0.774256,0.749498,0.402904,0.659199,0.491789,0.509243,0.475040,0.434416,0.467117,0.434454,0.501480,0.415208,0.428914,0.318585,0.316998,0.394502,0.259850,0.312545,0.311168,0.404837,0.476742,0.236069,0.326249,0.286972,0.525662,0.503718,0.417158,0.506372,0.314086,0.279138,0.309739,0.316193,0.302946,0.295099,0.249937,0.465631,0.496003,0.456835
0.423059,0.372817,0.383964,0.376653,0.337166,0.335976,0.351762,0.324249,0.308175,0.256119,0.270235,0.330263,0.282823,0.232272,0.376762,0.250573,0.177550,0.017822,0.304635,0.396034,0.412442,0.401397,0.162864,0.484296,0.410632,1.000000,0.914665,0.626772,0.391577,0.387314,0.439441,0.404987,0.285065,0.367631,0.415078,0.430072,0.366371,0.332946,0.389398,0.354691,0.382561,0.329422,0.336102,0.277913,0.273241,0.291060,0.198974,0.276303,0.316972,0.336932,0.375346,0.077631,0.190611,0.324399,0.412979,0.406580,0.316731,0.437507,0.312191,0.246029,0.242343,0.301234,0.317754,0.287832,0.263139,0.400460,0.455598,0.383437
0.309912,0.258447,0.262903,0.260709,0.232756,0.222220,0.234431,0.220882,0.235821,0.258589,0.195818,0.215818,0.187629,0.145120,0.225784,0.260914,0.200383,0.062605,0.282014,0.287302,0.365181,0.359126,0.168267,0.339021,0.334539,0.914665,1.000000,0.472775,0.271764,0.284393,0.382585,0.332761,0.324363,0.259485,0.405158,0.393277,0.283313,0.292384,0.374366,0.331594,0.288354,0.259835,0.287200,0.220238,0.202088,0.209453,0.134162,0.200732,0.231444,0.273485,0.320722,0.036097,0.173690,0.245948,0.385767,0.379588,0.302949,0.424984,0.333841,0.238728,0.222324,0.320559,0.385861,0.362064,0.336252,0.399263,0.417271,0.387699
0.770373,0.698279,0.610972,0.589528,0.625521,0.551152,0.575638,0.491079,0.443076,0.201137,0.406963,0.534644,0.450761,0.387563,0.554078,0.232382,0.196001,0.014479,0.433445,0.521433,0.524564,0.509268,0.287878,0.686674,0.651023,0.626772,0.472775,1.000000,0.669458,0.639475,0.617457,0.644061,0.287244,0.721409,0.413684,0.468985,0.536428,0.430018,0.401647,0.383141,0.506241,0.425939,0.401576,0.335900,0.403173,0.450649,0.322974,0.398411,0.406731,0.418496,0.484029,0.209747,0.263825,0.388630,0.463029,0.450000,0.348772,0.439532,0.276512,0.266272,0.312769,0.277951,0.224650,0.216462,0.195044,0.414496,0.484023,0.362972
0.690922,0.604001,0.505811,0.526381,0.565602,0.659962,0.604412,0.506275,0.593109,0.272101,0.319616,0.501027,0.449517,0.307506,0.396621,0.260438,0.236202,0.050392,0.699649,0.340403,0.431691,0.423226,0.525294,0.597860,0.812268,0.391577,0.271764,0.669458,1.000000,0.962135,0.799312,0.642846,0.348349,0.604895,0.420988,0.469509,0.440306,0.348963,0.373534,0.345851,0.494601,0.415787,0.406054,0.396104,0.304183,0.369739,0.243000,0.295238,0.271457,0.467530,0.514839,0.222213,0.284369,0.232545,0.453594,0.435615,0.334551,0.428184,0.198410,0.200642,0.256281,0.235434,0.160807,0.176814,0.164698,0.420842,0.496453,0.363689
0.712542,0.630764,0.528242,0.556209,0.599127,0.687585,0.626173,0.527590,0.638512,0.325399,0.358093,0.528313,0.477217,0.342539,0.409069,0.337338,0.339566,0.114664,0.782938,0.355377,0.472066,0.462967,0.528102,0.611735,0.794538,0.387314,0.284393,0.639475,0.962135,1.000000,0.877739,0.700115,0.383670,0.629978,0.458245,0.501599,0.478661,0.400770,0.411922,0.387069,0.518543,0.447308,0.433729,0.393706,0.340083,0.414767,0.284985,0.331576,0.301426,0.451856,0.526736,0.231049,0.314091,0.258455,0.482155,0.465543,0.366178,0.459095,0.235706,0.238386,0.296779,0.270372,0.211088,0.228302,0.205286,0.457085,0.508407,0.398531
0.760775,0.683532,0.542125,0.581318,0.664128,0.661010,0.624094,0.520674,0.640705,0.401801,0.431926,0.544191,0.497625,0.407485,0.458136,0.481276,0.532454,0.316959,0.870254,0.430422,0.570966,0.556125,0.501554,0.616495,0.774256,0.439441,0.382585,0.617457,0.799312,0.877739,1.000000,0.824466,0.467991,0.703690,0.530689,0.548325,0.538597,0.504494,0.502899,0.484841,0.543100,0.487655,0.469814,0.336969,0.404903,0.483163,0.353050,0.398797,0.381198,0.402564,0.512060,0.239453,0.354628,0.341360,0.540888,0.520935,0.420265,0.529091,0.324063,0.328809,0.365248,0.352004,0.338600,0.354320,0.322608,0.515727,0.519960,0.481437
0.857534,0.834048,0.632415,0.676732,0.802590,0.636818,0.690684,0.575539,0.578083,0.348232,0.536499,0.647209,0.585295,0.527747,0.624519,0.420918,0.444824,0.446742,0.764213,0.607656,0.704675,0.684321,0.511744,0.718311,0.749498,0.404987,0.332761,0.644061,0.642846,0.700115,0.824466,1.000000,0.484498,0.848833,0.533204,0.556254,0.633667,0.608464,0.535660,0.563984,0.610767,0.560534,0.521692,0.287190,0.487152,0.581267,0.452270,0.488750,0.475966,0.362583,0.507193,0.341387,0.409580,0.438134,0.530118,0.513955,0.433504,0.518843,0.315014,0.336820,0.354586,0.331272,0.335445,0.362564,0.327626,0.495325,0.446158,0.486873
0.393581,0.325071,0.218606,0.235322,0.276830,0.209362,0.225195,0.157258,0.255187,0.226022,0.139319,0.197048,0.157945,0.105872,0.183962,0.311627,0.268671,0.196978,0.440544,0.196842,0.344678,0.327003,0.284793,0.279393,0.402904,0.285065,0.324363,0.287244,0.348349,0.383670,0.467991,0.484498,1.000000,0.332757,0.314537,0.291930,0.274461,0.279807,0.287575,0.259164,0.224451,0.188175,0.196399,0.131351,0.151267,0.210655,0.134719,0.150595,0.155221,0.201447,0.239274,0.057337,0.157088,0.143339,0.297710,0.282968,0.222874,0.308893,0.239016,0.188323,0.215416,0.253699,0.294498,0.293670,0.264622,0.311959,0.231907,0.297140
0.951639,0.940923,0.715668,0.763677,0.916733,0.695700,0.772808,0.667441,0.584535,0.338751,0.617221,0.736461,0.671325,0.611530,0.673038,0.371221,0.401436,0.299758,0.615825,0.629396,0.677759,0.657578,0.371214,0.732752,0.659199,0.367631,0.259485,0.721409,0.604895,0.629978,0.703690,0.848833,0.332757,1.000000,0.528855,0.573964,0.696598,0.646627,0.540310,0.580606,0.667184,0.624825,0.568452,0.356281,0.561744,0.647210,0.511519,0.556200,0.529074,0.428553,0.562629,0.379651,0.432820,0.485045,0.547359,0.534200,0.433606,0.527695,0.302328,0.354344,0.374358,0.326428,0.303249,0.335791,0.293415,0.507183,0.474881,0.482720
0.542249,0.561699,0.537639,0.613444,0.583204,0.491936,0.585385,0.573738,0.489917,0.478373,0.513008,0.586310,0.578068,0.496122,0.494109,0.369908,0.289752,0.248981,0.534148,0.487477,0.546702,0.527304,0.344557,0.495269,0.491789,0.415078,0.405158,0.413684,0.420988,0.458245,0.530689,0.533204,0.314537,0.528855,1.000000,0.972154,0.592341,0.639795,0.965773,0.853281,0.765691,0.618583,0.789975,0.546820,0.462722,0.567944,0.459075,0.468827,0.464363,0.558159,0.783888,0.484031,0.691212,0.434395,0.915991,0.916097,0.816123,0.937860,0.635311,0.557886,0.571657,0.660312,0.802518,0.780186,0.652834,0.926577,0.768863,0.953543
0.579724,0.611254,0.598181,0.675506,0.632953,0.570031,0.661429,0.652985,0.541931,0.480377,0.546632,0.655239,0.648671,0.535493,0.524013,0.342477,0.269359,0.232573,0.534627,0.501936,0.562752,0.545372,0.343681,0.549945,0.509243,0.430072,0.393277,0.468985,0.469509,0.501599,0.548325,0.556254,0.291930,0.573964,0.972154,1.000000,0.634019,0.653965,0.959444,0.867240,0.835613,0.682128,0.824362,0.585904,0.496395,0.602240,0.489453,0.498645,0.478463,0.583589,0.801487,0.496780,0.661343,0.441110,0.897880,0.896095,0.769024,0.912488,0.578265,0.517431,0.546440,0.619325,0.723166,0.701097,0.589430,0.893146,0.768192,0.918133
0.690322,0.795410,0.919847,0.946240,0.788434,0.624042,0.750286,0.749739,0.556905,0.367381,0.825741,0.877946,0.783089,0.809541,0.751498,0.288210,0.255216,0.328385,0.539155,0.712744,0.625377,0.597386,0.335084,0.597856,0.475040,0.366371,0.283313,0.536428,0.440306,0.478661,0.538597,0.633667,0.274461,0.696598,0.592341,0.634019,1.000000,0.940685,0.622329,0.686448,0.737213,0.756902,0.618571,0.308439,0.810552,0.924203,0.824676,0.820810,0.793597,0.240807,0.424326,0.314977,0.335571,0.756719,0.561351,0.557360,0.434656,0.595357,0.399121,0.522631,0.449908,0.408459,0.383655,0.341281,0.263102,0.489456,0.412578,0.503456
0.629592,0.745217,0.852180,0.920644,0.764874,0.575647,0.712487,0.731540,0.539318,0.423730,0.821255,0.842308,0.779937,0.805683,0.694453,0.336852,0.286844,0.410746,0.554240,0.669904,0.603971,0.579423,0.328716,0.523907,0.434416,0.332946,0.292384,0.430018,0.348963,0.400770,0.504494,0.608464,0.279807,0.646627,0.639795,0.653965,0.940685,1.000000,0.668449,0.742275,0.726088,0.770065,0.652387,0.309779,0.783823,0.925774,0.823995,0.796449,0.769804,0.232519,0.429938,0.345253,0.393083,0.730112,0.589700,0.585980,0.468754,0.631392,0.420904,0.548085,0.450480,0.420836,0.459133,0.434807,0.355366,0.531476,0.416247,0.556328
0.540277,0.577486,0.558915,0.638115,0.603904,0.495308,0.607006,0.606812,0.491125,0.483000,0.534587,0.613578,0.617932,0.523030,0.519399,0.348911,0.272484,0.296821,0.516719,0.514431,0.566608,0.546894,0.335946,0.500726,0.467117,0.389398,0.374366,0.401647,0.373534,0.411922,0.502899,0.535660,0.287575,0.540310,0.965773,0.959444,0.622329,0.668449,1.000000,0.909944,0.816478,0.671404,0.828968,0.533601,0.479474,0.587467,0.484207,0.485872,0.481110,0.515726,0.743257,0.477419,0.645126,0.453599,0.862350,0.867043,0.762614,0.897685,0.596898,0.517839,0.534670,0.653320,0.762991,0.725619,0.594123,0.876010,0.707104,0.953847
0.549801,0.630474,0.612570,0.723912,0.698226,0.612202,0.724019,0.757298,0.607456,0.561046,0.613768,0.729473,0.771357,0.625630,0.576232,0.302738,0.233463,0.391920,0.538438,0.557786,0.549496,0.530414,0.311715,0.482701,0.434454,0.354691,0.331594,0.383141,0.345851,0.387069,0.484841,0.563984,0.259164,0.580606,0.853281,0.867240,0.686448,0.742275,0.909944,1.000000,0.892594,0.836062,0.942856,0.585067,0.518490,0.660920,0.565472,0.530933,0.522409,0.488735,0.719473,0.529632,0.619443,0.482073,0.764566,0.769376,0.632405,0.795397,0.453934,0.474944,0.466329,0.517608,0.626267,0.639254,0.536436,0.771585,0.595631,0.825763
0.631051,0.739944,0.728088,0.827101,0.809444,0.794757,0.897186,0.898101,0.741954,0.552894,0.648378,0.855079,0.884840,0.680041,0.627354,0.271114,0.226397,0.326471,0.572827,0.564486,0.553843,0.543446,0.334339,0.590978,0.501480,0.382561,0.288354,0.506241,0.494601,0.518543,0.543100,0.610767,0.224451,0.667184,0.765691,0.835613,0.737213,0.726088,0.816478,0.892594,1.000000,0.914862,0.893639,0.600778,0.549105,0.704330,0.591375,0.556752,0.520520,0.523480,0.713775,0.540600,0.555843,0.464301,0.699152,0.705237,0.546250,0.702656,0.324054,0.395531,0.409906,0.402624,0.422470,0.434125,0.344239,0.674240,0.575277,0.707106
0.558124,0.702832,0.716811,0.845396,0.810006,0.836261,0.898548,0.972558,0.795327,0.603995,0.720605,0.899092,0.964861,0.759583,0.620023,0.254829,0.227679,0.389166,0.559240,0.561836,0.489694,0.481955,0.299621,0.496960,0.415208,0.329422,0.259835,0.425939,0.415787,0.447308,0.487655,0.560534,0.188175,0.624825,0.618583,0.682128,0.756902,0.770065,0.671404,0.836062,0.914862,1.000000,0.853797,0.587021,0.602969,0.751734,0.676316,0.610622,0.558037,0.430562,0.599127,0.516420,0.472957,0.498369,0.567037,0.572060,0.421393,0.573472,0.245763,0.394670,0.364547,0.313762,0.319013,0.341329,0.276407,0.533144,0.425702,0.563442
0.516730,0.599576,0.576969,0.700333,0.694139,0.720064,0.759488,0.815729,0.713669,0.641989,0.580826,0.730214,0.799019,0.609058,0.527897,0.267296,0.217153,0.339937,0.514757,0.490517,0.479463,0.471089,0.284363,0.483010,0.428914,0.336102,0.287200,0.401576,0.406054,0.433729,0.469814,0.521692,0.196399,0.568452,0.789975,0.824362,0.618571,0.652387,0.828968,0.942856,0.893639,0.853797,1.000000,0.756005,0.466131,0.611468,0.532349,0.477328,0.448829,0.628018,0.795087,0.585362,0.625149,0.400023,0.732629,0.735942,0.573246,0.735325,0.346942,0.408948,0.411068,0.420441,0.509871,0.554732,0.461923,0.736722,0.591985,0.759748
0.322259,0.348287,0.329237,0.423302,0.425818,0.629869,0.527688,0.611771,0.654800,0.726195,0.312037,0.461625,0.547876,0.341201,0.249929,0.229912,0.156315,0.140868,0.328314,0.204861,0.219615,0.231534,0.169268,0.328124,0.318585,0.277913,0.220238,0.335900,0.396104,0.393706,0.336969,0.287190,0.131351,0.356281,0.546820,0.585904,0.308439,0.309779,0.533601,0.585067,0.600778,0.587021,0.756005,1.000000,0.227777,0.325176,0.283652,0.229226,0.187656,0.823867,0.778467,0.531489,0.514212,0.143216,0.561285,0.556234,0.407482,0.510987,0.182668,0.240269,0.277870,0.245656,0.308262,0.381202,0.339043,0.582849,0.506360,0.551186
0.518552,0.647552,0.767834,0.795777,0.633937,0.448173,0.566947,0.607703,0.368968,0.232641,0.959249,0.793084,0.682425,0.921932,0.768180,0.214519,0.214696,0.298294,0.395166,0.722580,0.540285,0.497689,0.213005,0.489148,0.316998,0.273241,0.202088,0.403173,0.304183,0.340083,0.404903,0.487152,0.151267,0.561744,0.462722,0.496395,0.810552,0.783823,0.479474,0.518490,0.549105,0.602969,0.466131,0.227777,1.000000,0.900654,0.912124,0.991498,0.933251,0.164089,0.315552,0.271270,0.270029,0.903575,0.437487,0.434066,0.343676,0.478714,0.344015,0.506928,0.401667,0.340945,0.296145,0.261064,0.188695,0.379381,0.294520,0.386746
0.605870,0.753158,0.863985,0.919504,0.770349,0.598253,0.721665,0.747602,0.538234,0.370080,0.916144,0.893072,0.808340,0.910884,0.759455,0.278212,0.255561,0.382882,0.514889,0.702822,0.587030,0.558921,0.272664,0.549643,0.394502,0.291060,0.209453,0.450649,0.369739,0.414767,0.483163,0.581267,0.210655,0.647210,0.567944,0.602240,0.924203,0.925774,0.587467,0.660920,0.704330,0.751734,0.611468,0.325176,0.900654,1.000000,0.947431,0.916073,0.873950,0.238262,0.420911,0.381996,0.372166,0.824390,0.537580,0.535799,0.410408,0.565310,0.343299,0.533758,0.426460,0.359741,0.340746,0.323599,0.249887,0.470207,0.359765,0.479902
0.449247,0.623602,0.752885,0.804605,0.651863,0.494378,0.600745,0.664864,0.452044,0.317091,0.908205,0.808112,0.744209,0.910492,0.692972,0.191436,0.188728,0.397487,0.407640,0.635422,0.495254,0.469264,0.194753,0.431866,0.259850,0.198974,0.134162,0.322974,0.243000,0.284985,0.353050,0.452270,0.134719,0.511519,0.459075,0.489453,0.824676,0.823995,0.484207,0.565472,0.591375,0.676316,0.532349,0.283652,0.912124,0.947431,1.000000,0.937551,0.882250,0.151196,0.316647,0.355682,0.287687,0.832508,0.426154,0.423717,0.299669,0.454660,0.271147,0.519835,0.386868,0.285858,0.254679,0.235301,0.167677,0.358050,0.237318,0.379673
0.515517,0.651371,0.773652,0.799028,0.639966,0.450863,0.573588,0.610142,0.380178,0.239877,0.958343,0.792947,0.686164,0.930544,0.788357,0.203877,0.201484,0.317863,0.401344,0.743442,0.544003,0.501422,0.206725,0.486487,0.312545,0.276303,0.200732,0.398411,0.295238,0.331576,0.398797,0.488750,0.150595,0.556200,0.468827,0.498645,0.820810,0.796449,0.485872,0.530933,0.556752,0.610622,0.477328,0.229226,0.991498,0.916073,0.937551,1.000000,0.959092,0.157175,0.316223,0.281200,0.274203,0.929760,0.442114,0.438676,0.342279,0.484660,0.343523,0.523356,0.407033,0.336552,0.297076,0.263677,0.189348,0.380157,0.287764,0.390775
0.514485,0.631507,0.751366,0.752877,0.600558,0.389409,0.521937,0.542135,0.331182,0.209773,0.911478,0.732979,0.617258,0.888147,0.843779,0.187709,0.168283,0.301051,0.385013,0.812894,0.560132,0.508840,0.189088,0.479459,0.311168,0.316972,0.231444,0.406731,0.271457,0.301426,0.381198,0.475966,0.155221,0.529074,0.464363,0.478463,0.793597,0.769804,0.481110,0.522409,0.520520,0.558037,0.448829,0.187656,0.933251,0.873950,0.882250,0.959092,1.000000,0.132775,0.286331,0.238298,0.261193,0.986509,0.436571,0.434435,0.349964,0.489141,0.373988,0.552965,0.413152,0.339083,0.322343,0.282534,0.198292,0.374860,0.287985,0.387501
0.413855,0.389267,0.303621,0.361064,0.425485,0.543372,0.482096,0.478697,0.516467,0.543557,0.237279,0.372799,0.418264,0.246195,0.246916,0.282909,0.213481,0.059310,0.316770,0.213568,0.254007,0.257366,0.184384,0.379263,0.404837,0.336932,0.273485,0.418496,0.467530,0.451856,0.402564,0.362583,0.201447,0.428553,0.558159,0.583589,0.240807,0.232519,0.515726,0.488735,0.523480,0.430562,0.628018,0.823867,0.164089,0.238262,0.151196,0.157175,0.132775,1.000000,0.837276,0.507528,0.572902,0.099261,0.605006,0.595823,0.474069,0.551208,0.236233,0.195398,0.229336,0.236355,0.355365,0.445092,0.428238,0.627966,0.607962,0.557995
0.545867,0.551558,0.449935,0.538563,0.592441,0.628934,0.643287,0.626396,0.587640,0.520460,0.401369,0.559329,0.590472,0.414651,0.409916,0.283188,0.227144,0.150343,0.461525,0.368653,0.394965,0.387655,0.260200,0.479491,0.476742,0.375346,0.320722,0.484029,0.514839,0.526736,0.512060,0.507193,0.239274,0.562629,0.783888,0.801487,0.424326,0.429938,0.743257,0.719473,0.713775,0.599127,0.795087,0.778467,0.315552,0.420911,0.316647,0.316223,0.286331,0.837276,1.000000,0.676701,0.793813,0.239342,0.807845,0.805228,0.682866,0.758425,0.353451,0.374687,0.421098,0.399263,0.570570,0.697230,0.665435,0.875874,0.731711,0.760552
0.307020,0.397432,0.340251,0.411386,0.477694,0.448448,0.503914,0.522734,0.430874,0.393232,0.375805,0.473610,0.538919,0.442232,0.347982,0.108382,0.102544,0.465354,0.333401,0.279251,0.234272,0.240645,0.168790,0.265548,0.236069,0.077631,0.036097,0.209747,0.222213,0.231049,0.239453,0.341387,0.057337,0.379651,0.484031,0.496780,0.314977,0.345253,0.477419,0.529632,0.540600,0.516420,0.585362,0.531489,0.271270,0.381996,0.355682,0.281200,0.238298,0.507528,0.676701,1.000000,0.842980,0.174622,0.547666,0.564342,0.533882,0.466399,0.039559,0.262996,0.244459,0.087844,0.266176,0.435773,0.387801,0.554618,0.388312,0.473012
0.407140,0.441970,0.346510,0.415274,0.491970,0.413087,0.489032,0.468028,0.397747,0.400189,0.370162,0.446943,0.481345,0.397527,0.381345,0.243208,0.205863,0.293467,0.407785,0.342732,0.303792,0.297091,0.207135,0.297253,0.326249,0.190611,0.173690,0.263825,0.284369,0.314091,0.354628,0.409580,0.157088,0.432820,0.691212,0.661343,0.335571,0.393083,0.645126,0.619443,0.555843,0.472957,0.625149,0.514212,0.270029,0.372166,0.287687,0.274203,0.261193,0.572902,0.793813,0.842980,1.000000,0.218140,0.736488,0.753725,0.772867,0.669345,0.294523,0.356938,0.341894,0.266807,0.599501,0.764001,0.678690,0.792097,0.576059,0.672880
0.479475,0.583652,0.714698,0.701460,0.540700,0.324123,0.456633,0.476063,0.268079,0.168872,0.872425,0.673077,0.548756,0.842848,0.835619,0.170758,0.145469,0.261689,0.336889,0.828167,0.546716,0.492530,0.173785,0.452965,0.286972,0.324399,0.245948,0.388630,0.232545,0.258455,0.341360,0.438134,0.143339,0.485045,0.434395,0.441110,0.756719,0.730112,0.453599,0.482073,0.464301,0.498369,0.400023,0.143216,0.903575,0.824390,0.832508,0.929760,0.986509,0.099261,0.239342,0.174622,0.218140,1.000000,0.404391,0.404989,0.337187,0.466583,0.388172,0.527682,0.385817,0.341125,0.332138,0.275579,0.186895,0.345884,0.261333,0.366912
0.559028,0.566725,0.539061,0.589064,0.583319,0.497671,0.576218,0.550548,0.479973,0.438656,0.489201,0.560662,0.544316,0.473710,0.485427,0.348893,0.280693,0.239283,0.526125,0.474176,0.564767,0.553460,0.346441,0.546952,0.525662,0.412979,0.385767,0.463029,0.453594,0.482155,0.540888,0.530118,0.297710,0.547359,0.915991,0.897880,0.561351,0.589700,0.862350,0.764566,0.699152,0.567037,0.732629,0.561285,0.437487,0.537580,0.426154,0.442114,0.436571,0.605006,0.807845,0.547666,0.736488,0.404391,1.000000,0.990169,0.841317,0.954374,0.600754,0.547141,0.553397,0.566445,0.747182,0.757279,0.650040,0.911469,0.791142,0.861302
0.546211,0.559232,0.536223,0.586633,0.578470,0.492680,0.575748,0.553606,0.475216,0.439725,0.488841,0.562830,0.549028,0.476489,0.490873,0.339508,0.267489,0.239310,0.515039,0.479296,0.558548,0.546573,0.334821,0.535346,0.503718,0.406580,0.379588,0.450000,0.435615,0.465543,0.520935,0.513955,0.282968,0.534200,0.916097,0.896095,0.557360,0.585980,0.867043,0.769376,0.705237,0.572060,0.735942,0.556234,0.434066,0.535799,0.423717,0.438676,0.434435,0.595823,0.805228,0.564342,0.753725,0.404989,0.990169,1.000000,0.857199,0.958443,0.595974,0.530781,0.533012,0.562530,0.751942,0.759192,0.643218,0.911762,0.784682,0.872891
0.454959,0.449807,0.412710,0.448095,0.456218,0.349368,0.431041,0.398903,0.337641,0.347424,0.394586,0.429274,0.406401,0.379312,0.428476,0.300880,0.216457,0.196836,0.429966,0.432187,0.420476,0.397773,0.294833,0.375723,0.417158,0.316731,0.302949,0.348772,0.334551,0.366178,0.420265,0.433504,0.222874,0.433606,0.816123,0.769024,0.434656,0.468754,0.762614,0.632405,0.546250,0.421393,0.573246,0.407482,0.343676,0.410408,0.299669,0.342279,0.349964,0.474069,0.682866,0.533882,0.772867,0.337187,0.841317,0.857199,1.000000,0.835513,0.644792,0.462246,0.459935,0.525168,0.805623,0.763780,0.629018,0.845530,0.688362,0.810429
0.548186,0.554852,0.555256,0.604740,0.563620,0.463863,0.557537,0.539874,0.447398,0.430135,0.513528,0.564080,0.540838,0.487455,0.502075,0.358919,0.274049,0.208708,0.507474,0.499259,0.561390,0.540548,0.337882,0.517559,0.506372,0.437507,0.424984,0.439532,0.428184,0.459095,0.529091,0.518843,0.308893,0.527695,0.937860,0.912488,0.595357,0.631392,0.897685,0.795397,0.702656,0.573472,0.735325,0.510987,0.478714,0.565310,0.454660,0.484660,0.489141,0.551208,0.758425,0.466399,0.669345,0.466583,0.954374,0.958443,0.835513,1.000000,0.670979,0.574170,0.562676,0.649134,0.778179,0.750638,0.637389,0.902515,0.790275,0.900081
0.351250,0.322440,0.327245,0.341574,0.275615,0.148920,0.226279,0.199490,0.152426,0.195400,0.325706,0.275338,0.211506,0.272855,0.343493,0.237626,0.143258,0.041009,0.278738,0.383274,0.402347,0.369214,0.199653,0.300375,0.314086,0.312191,0.333841,0.276512,0.198410,0.235706,0.324063,0.315014,0.239016,0.302328,0.635311,0.578265,0.399121,0.420904,0.596898,0.453934,0.324054,0.245763,0.346942,0.182668,0.344015,0.343299,0.271147,0.343523,0.373988,0.236233,0.353451,0.039559,0.294523,0.388172,0.600754,0.595974,0.644792,0.670979,1.000000,0.578351,0.588462,0.719539,0.749392,0.556089,0.453574,0.586983,0.532919,0.636088
0.365800,0.411519,0.465009,0.478151,0.405119,0.277295,0.349693,0.367241,0.287622,0.254341,0.508877,0.448123,0.410404,0.492466,0.438607,0.223393,0.190117,0.263876,0.363529,0.414603,0.418259,0.399511,0.212392,0.339598,0.279138,0.246029,0.238728,0.266272,0.200642,0.238386,0.328809,0.336820,0.188323,0.354344,0.557886,0.517431,0.522631,0.548085,0.517839,0.474944,0.395531,0.394670,0.408948,0.240269,0.506928,0.533758,0.519835,0.523356,0.552965,0.195398,0.374687,0.262996,0.356938,0.527682,0.547141,0.530781,0.462246,0.574170,0.578351,1.000000,0.891382,0.670513,0.480294,0.460792,0.394778,0.529682,0.424431,0.503781
0.394292,0.410043,0.419344,0.432030,0.384643,0.294774,0.350557,0.345611,0.299929,0.249475,0.394423,0.399477,0.363185,0.380358,0.373706,0.203736,0.174866,0.210467,0.361675,0.349814,0.396604,0.384646,0.203652,0.365278,0.309739,0.242343,0.222324,0.312769,0.256281,0.296779,0.365248,0.354586,0.215416,0.374358,0.571657,0.546440,0.449908,0.450480,0.534670,0.466329,0.409906,0.364547,0.411068,0.277870,0.401667,0.426460,0.386868,0.407033,0.413152,0.229336,0.421098,0.244459,0.341894,0.385817,0.553397,0.533012,0.459935,0.562676,0.588462,0.891382,1.000000,0.772735,0.496402,0.456428,0.378170,0.558773,0.467763,0.531325
0.350747,0.336998,0.343527,0.372834,0.303952,0.207740,0.275459,0.265609,0.209869,0.225088,0.309634,0.318925,0.269291,0.267208,0.308976,0.236898,0.180024,0.095439,0.305411,0.328129,0.399254,0.386685,0.228700,0.345101,0.316193,0.301234,0.320559,0.277951,0.235434,0.270372,0.352004,0.331272,0.253699,0.326428,0.660312,0.619325,0.408459,0.420836,0.653320,0.517608,0.402624,0.313762,0.420441,0.245656,0.340945,0.359741,0.285858,0.336552,0.339083,0.236355,0.399263,0.087844,0.266807,0.341125,0.566445,0.562530,0.525168,0.649134,0.719539,0.670513,0.772735,1.000000,0.638841,0.495850,0.388860,0.601002,0.484980,0.705720
0.336983,0.321511,0.289815,0.337834,0.306655,0.165330,0.261437,0.240899,0.198487,0.307967,0.313479,0.283990,0.258233,0.268038,0.307928,0.315347,0.219056,0.123489,0.327895,0.366929,0.383759,0.358530,0.215356,0.241799,0.302946,0.317754,0.385861,0.224650,0.160807,0.211088,0.338600,0.335445,0.294498,0.303249,0.802518,0.723166,0.383655,0.459133,0.762991,0.626267,0.422470,0.319013,0.509871,0.308262,0.296145,0.340746,0.254679,0.297076,0.322343,0.355365,0.570570,0.266176,0.599501,0.332138,0.747182,0.751942,0.805623,0.778179,0.749392,0.480294,0.496402,0.638841,1.000000,0.898318,0.748585,0.824302,0.608794,0.813680
0.353621,0.341635,0.263114,0.328186,0.348396,0.210025,0.303386,0.276495,0.243425,0.359012,0.310584,0.299807,0.298077,0.278406,0.295341,0.330066,0.250266,0.183139,0.360172,0.336884,0.339509,0.317570,0.199945,0.215864,0.295099,0.287832,0.362064,0.216462,0.176814,0.228302,0.354320,0.362564,0.293670,0.335791,0.780186,0.701097,0.341281,0.434807,0.725619,0.639254,0.434125,0.341329,0.554732,0.381202,0.261064,0.323599,0.235301,0.263677,0.282534,0.445092,0.697230,0.435773,0.764001,0.275579,0.757279,0.759192,0.763780,0.750638,0.556089,0.460792,0.456428,0.495850,0.898318,1.000000,0.908913,0.880266,0.613307,0.766338
0.313407,0.290619,0.196181,0.264078,0.296746,0.186449,0.257687,0.228333,0.210305,0.312995,0.231828,0.243950,0.247863,0.201587,0.209515,0.290910,0.216621,0.138913,0.305587,0.250374,0.255909,0.233477,0.150074,0.168593,0.249937,0.263139,0.336252,0.195044,0.164698,0.205286,0.322608,0.327626,0.264622,0.293415,0.652834,0.589430,0.263102,0.355366,0.594123,0.536436,0.344239,0.276407,0.461923,0.339043,0.188695,0.249887,0.167677,0.189348,0.198292,0.428238,0.665435,0.387801,0.678690,0.186895,0.650040,0.643218,0.629018,0.637389,0.453574,0.394778,0.378170,0.388860,0.748585,0.908913,1.000000,0.787357,0.556918,0.626955
