1.000000,0.822285,0.301459,0.306447,0.740596,0.418071,0.544597,0.347908,0.356265,0.284485,0.112552,0.304093,0.317040,0.106853,0.112557,0.262703,0.529012,0.037904,0.424117,0.067136,0.272855,0.342289,0.461329,0.448534,0.293495,0.256792,0.342382,0.761884,0.112005,0.466604,0.669007,0.369947,0.476871,0.779764,0.165459,0.181154,0.275983,0.206276,0.200864,0.157889,0.309074,0.291477,0.125760,-0.030994,0.116512,0.226527,0.188574,0.120857,0.135311,-0.034943,0.108618,0.037019,0.110239,0.098795,0.093661,0.077096,0.053915,0.069846,0.075110,0.125517,0.100284,0.095173,0.103852,0.186159,0.151197,0.184839,0.057731,0.127622
0.822285,1.000000,0.409506,0.458165,0.743051,0.650752,0.796135,0.607837,0.524127,0.304974,0.158822,0.505446,0.559378,0.164744,0.164396,0.150827,0.346390,-0.088371,0.327825,0.110992,0.380637,0.427812,0.449613,0.537832,0.288294,0.356901,0.428738,0.613063,0.147370,0.462282,0.585485,0.174016,0.424760,0.587779,0.228033,0.223735,0.425458,0.343680,0.282661,0.326137,0.543972,0.540435,0.291720,-0.043292,0.162182,0.351326,0.329974,0.179835,0.185864,-0.002300,0.161066,0.141323,0.230228,0.143020,0.219894,0.191617,0.155903,0.168375,0.185258,0.214725,0.195079,0.186623,0.171232,0.254306,0.211367,0.265905,0.076949,0.184274
0.301459,0.409506,1.000000,0.558723,0.422887,0.444277,0.460348,0.424667,0.277141,0.152602,0.213942,0.454641,0.404491,0.195871,0.215167,0.138348,0.174801,-0.009906,0.053689,0.193332,0.224416,0.242806,0.147261,0.287220,0.094041,0.266793,0.294315,0.244351,0.057014,0.116780,0.162215,0.102824,0.131762,0.291424,0.294517,0.331106,0.584680,0.451590,0.338466,0.318318,0.480772,0.389950,0.244900,0.011695,0.255442,0.347222,0.236071,0.245300,0.244835,0.139615,0.216041,0.228696,0.272057,0.229771,0.311505,0.278592,0.201872,0.213431,0.198617,0.214688,0.204419,0.184951,0.188790,0.230114,0.229451,0.210334,0.088695,0.224114
0.306447,0.458165,0.558723,1.000000,0.415581,0.642637,0.538947,0.733128,0.380817,0.208803,0.682274,0.903803,0.772146,0.644994,0.694949,0.008104,0.052350,-0.162106,0.107253,0.659372,0.381069,0.351604,0.217575,0.350153,0.146161,0.461901,0.444566,0.192651,0.148581,0.248755,0.160736,-0.001625,0.136319,0.246967,0.683937,0.737733,0.866987,0.920557,0.769111,0.733262,0.826473,0.740540,0.562231,0.140561,0.701425,0.877911,0.682951,0.696882,0.717272,0.225996,0.507066,0.495642,0.589248,0.677718,0.499066,0.479984,0.351203,0.339483,0.279207,0.374751,0.335252,0.442634,0.430106,0.511781,0.424016,0.352066,0.105149,0.660743
0.740596,0.743051,0.422887,0.415581,1.000000,0.581148,0.705610,0.470130,0.384262,0.275360,0.166780,0.395750,0.421674,0.190362,0.172420,0.312124,0.494336,0.041707,0.232744,0.112664,0.194941,0.251999,0.274437,0.391920,0.109561,0.297089,0.372520,0.648719,-0.004736,0.232070,0.382457,0.214417,0.247159,0.848235,0.154141,0.201381,0.343532,0.248480,0.226524,0.159617,0.400316,0.376531,0.107781,-0.084515,0.167711,0.275120,0.273519,0.188977,0.170398,0.007910,0.123384,0.069488,0.140924,0.119079,0.137994,0.112319,0.096948,0.062780,0.130256,0.143490,0.117357,0.084721,0.072979,0.144873,0.146909,0.145439,0.019698,0.127751
0.418071,0.650752,0.444277,0.642637,0.581148,1.000000,0.820471,0.920485,0.861333,0.616725,0.298653,0.752109,0.855184,0.327777,0.301789,0.101193,0.173004,-0.271034,0.242012,0.252252,0.438753,0.431671,0.316742,0.472829,0.209252,0.414191,0.428395,0.301981,0.174795,0.378494,0.286280,-0.043936,0.222408,0.338891,0.380395,0.386597,0.527347,0.511771,0.462216,0.640265,0.810996,0.855419,0.643855,0.221020,0.286618,0.554804,0.564023,0.327296,0.308347,0.052529,0.318017,0.227375,0.366111,0.264429,0.351660,0.326744,0.216480,0.243985,0.224038,0.231782,0.207485,0.259470,0.268273,0.336604,0.291374,0.272295,0.070929,0.362633
0.544597,0.796135,0.460348,0.538947,0.705610,0.820471,1.000000,0.732576,0.713789,0.359926,0.178375,0.589101,0.659813,0.210075,0.177667,0.092787,0.221116,-0.068089,0.313394,0.107016,0.334602,0.366903,0.369820,0.491314,0.262940,0.390820,0.404173,0.398904,0.229128,0.419720,0.392663,0.012605,0.265984,0.425210,0.191177,0.245451,0.450924,0.339711,0.279365,0.355515,0.657223,0.638933,0.325533,-0.065848,0.173679,0.390437,0.412623,0.205966,0.174181,0.016893,0.185218,0.133834,0.226748,0.113684,0.252520,0.214948,0.121697,0.121722,0.169143,0.207943,0.200569,0.135116,0.098123,0.186165,0.188051,0.196117,0.103986,0.174733
0.347908,0.607837,0.424667,0.733128,0.470130,0.920485,0.732576,1.000000,0.731096,0.509924,0.430856,0.877250,0.977229,0.445278,0.408647,0.057072,0.120255,-0.298811,0.184114,0.369822,0.471868,0.442139,0.287131,0.438807,0.188029,0.406311,0.433050,0.222960,0.172235,0.373752,0.283852,-0.052495,0.209647,0.264626,0.516360,0.497172,0.604435,0.651580,0.594415,0.801802,0.923064,0.981982,0.759526,0.265902,0.417538,0.696617,0.696066,0.451754,0.433226,0.095744,0.407318,0.361296,0.496669,0.398221,0.437013,0.415195,0.312538,0.337954,0.291365,0.301199,0.263409,0.376472,0.389401,0.456460,0.355729,0.346933,0.088384,0.499375
0.356265,0.524127,0.277141,0.380817,0.384262,0.861333,0.713789,0.731096,1.000000,0.766995,0.066670,0.518880,0.646783,0.115424,0.069654,0.090222,0.180459,-0.271429,0.382289,0.023692,0.391551,0.391723,0.329229,0.433011,0.265641,0.291539,0.295812,0.235027,0.265836,0.463445,0.323508,-0.035908,0.260654,0.232818,0.193818,0.199434,0.304717,0.265856,0.269400,0.500432,0.613622,0.669172,0.594901,0.300640,0.044349,0.327831,0.381310,0.095331,0.067460,0.019757,0.208143,0.048725,0.190271,0.030499,0.212985,0.195226,0.082735,0.140821,0.130530,0.122321,0.102532,0.114126,0.128809,0.184045,0.188409,0.161790,0.047962,0.198861
0.284485,0.304974,0.152602,0.208803,0.275360,0.616725,0.359926,0.509924,0.766995,1.000000,0.077578,0.327974,0.449049,0.127741,0.055539,0.326242,0.340583,-0.235325,0.257299,0.034768,0.333539,0.334267,0.176616,0.289053,0.058722,0.120383,0.169152,0.202928,0.006011,0.205424,0.168407,0.043345,0.139157,0.289964,0.164977,0.142550,0.154283,0.187858,0.211762,0.436279,0.400279,0.485106,0.584687,0.677051,0.045734,0.223575,0.287491,0.091187,0.060154,0.184429,0.218393,0.026958,0.140206,0.040554,0.149120,0.144174,0.042009,0.115001,0.009101,0.033816,0.003470,0.085317,0.109810,0.161636,0.207113,0.140562,0.010786,0.192350
0.112552,0.158822,0.213942,0.682274,0.166780,0.298653,0.178375,0.430856,0.066670,0.077578,1.000000,0.651674,0.544540,0.973651,0.906572,-0.052801,-0.018270,-0.091919,0.072047,0.861454,0.231019,0.174051,0.096801,0.113945,-0.000147,0.340261,0.264723,0.013782,0.028231,0.069594,-0.010859,-0.088035,-0.004930,0.102207,0.599262,0.711536,0.547794,0.709082,0.643789,0.543011,0.506866,0.480421,0.369907,0.229658,0.975887,0.823755,0.755616,0.974360,0.897250,0.257454,0.476480,0.453356,0.476480,0.829591,0.356766,0.361138,0.191260,0.184852,0.094213,0.259740,0.203005,0.304777,0.315371,0.387753,0.311751,0.170933,0.066812,0.659328
0.304093,0.505446,0.454641,0.903803,0.395750,0.752109,0.589101,0.877250,0.518880,0.327974,0.651674,1.000000,0.924023,0.640103,0.628783,0.007761,0.069264,-0.263351,0.146593,0.584991,0.408029,0.370496,0.244407,0.360110,0.159658,0.433586,0.433463,0.189795,0.152625,0.310000,0.207387,-0.055586,0.154706,0.224893,0.636184,0.652146,0.740816,0.823211,0.718097,0.834656,0.904379,0.888640,0.703181,0.223855,0.645470,0.891319,0.791479,0.663067,0.647608,0.155765,0.492295,0.462151,0.589014,0.598945,0.463003,0.448576,0.353952,0.348698,0.283971,0.351912,0.300655,0.428626,0.468675,0.528289,0.416791,0.354225,0.103698,0.640376
0.317040,0.559378,0.404491,0.772146,0.421674,0.855184,0.659813,0.977229,0.646783,0.449049,0.544540,0.924023,1.000000,0.560151,0.498160,0.042499,0.106061,-0.285479,0.177969,0.451635,0.443590,0.408015,0.264321,0.396044,0.165011,0.393037,0.411025,0.194336,0.162192,0.345601,0.256260,-0.068151,0.181715,0.240033,0.555149,0.550388,0.622660,0.700405,0.635230,0.834198,0.925438,0.979767,0.759629,0.278438,0.523919,0.780026,0.787922,0.559403,0.518075,0.117258,0.446744,0.393670,0.526254,0.473386,0.436107,0.417480,0.312149,0.331520,0.282150,0.308535,0.270050,0.385922,0.416569,0.481631,0.375932,0.339200,0.084948,0.553278
0.106853,0.164744,0.195871,0.644994,0.190362,0.327777,0.210075,0.445278,0.115424,0.127741,0.973651,0.640103,0.560151,1.000000,0.868472,-0.066437,-0.018596,-0.062013,0.102012,0.803143,0.187141,0.143023,0.088807,0.111083,-0.019437,0.317677,0.239992,0.022198,0.006399,0.044714,-0.038646,-0.100014,-0.006145,0.109001,0.502136,0.648433,0.482630,0.636384,0.600706,0.529891,0.507423,0.490912,0.367934,0.275214,0.921145,0.801228,0.812491,0.952223,0.824653,0.245110,0.455326,0.363417,0.397086,0.739659,0.271460,0.271134,0.115301,0.088897,0.050805,0.205812,0.157491,0.209586,0.235235,0.306780,0.277092,0.089655,0.037722,0.608537
0.112557,0.164396,0.215167,0.694949,0.172420,0.301789,0.177667,0.408647,0.069654,0.055539,0.906572,0.628783,0.498160,0.868472,1.000000,-0.099593,-0.066119,-0.123292,0.020672,0.977513,0.248838,0.173810,0.081816,0.093549,-0.008215,0.420652,0.310800,0.015323,-0.014496,0.047133,-0.047173,-0.060838,0.020500,0.103531,0.674800,0.769749,0.596668,0.749810,0.700782,0.555149,0.514968,0.455502,0.376531,0.168857,0.892483,0.785554,0.636822,0.884017,0.943891,0.209658,0.481439,0.511510,0.521543,0.911064,0.411736,0.423271,0.242476,0.238443,0.089738,0.279578,0.224948,0.374366,0.364853,0.438615,0.340120,0.220293,0.059372,0.715895
0.262703,0.150827,0.138348,0.008104,0.312124,0.101193,0.092787,0.057072,0.090222,0.326242,-0.052801,0.007761,0.042499,-0.066437,-0.099593,1.000000,0.836186,0.186159,0.111228,-0.095811,0.133378,0.177804,0.028363,0.141240,-0.046275,-0.079447,0.060673,0.215747,-0.110854,-0.023298,0.155735,0.128090,-0.043943,0.477091,0.060150,-0.017094,0.037316,-0.013493,-0.063189,-0.043506,-0.008885,0.021589,0.014546,0.119215,-0.050061,-0.065881,-0.073933,-0.074798,-0.062760,0.112745,0.038561,0.056360,0.048703,-0.044154,0.160778,0.145763,0.074278,0.160721,0.047073,0.063806,0.056012,0.131903,0.051508,0.076493,0.064491,0.148377,-0.042188,-0.021167
0.529012,0.346390,0.174801,0.052350,0.494336,0.173004,0.221116,0.120255,0.180459,0.340583,-0.018270,0.069264,0.106061,-0.018596,-0.066119,0.836186,1.000000,0.245876,0.381650,-0.083719,0.132919,0.191232,0.207265,0.209633,0.053071,-0.020072,0.114229,0.431511,-0.065203,0.182792,0.424774,0.308711,0.146099,0.712867,0.051726,0.012586,0.039226,0.002687,-0.006477,-0.003892,0.059948,0.080708,0.027429,0.066263,-0.021368,0.015610,0.028275,-0.027446,-0.034634,0.007539,0.029430,-0.007182,0.012769,-0.039595,0.088015,0.075313,0.015898,0.086110,0.007138,0.055981,0.026241,0.067488,0.044475,0.089294,0.055605,0.125176,-0.017266,-0.003002
0.037904,-0.088371,-0.009906,-0.162106,0.041707,-0.271034,-0.068089,-0.298811,-0.271429,-0.235325,-0.091919,-0.263351,-0.285479,-0.062013,-0.123292,0.186159,0.245876,1.000000,0.248677,-0.150289,-0.229019,-0.169338,0.100522,-0.092195,0.034926,-0.195180,-0.213826,0.039415,-0.069608,-0.081031,0.045913,0.300073,0.013689,0.114669,-0.299340,-0.196145,-0.155388,-0.283877,-0.298398,-0.398522,-0.265994,-0.319330,-0.423959,-0.160870,-0.104900,-0.237558,-0.160141,-0.105386,-0.165269,0.069219,-0.144475,-0.043316,-0.256976,-0.185079,-0.169422,-0.191398,-0.224379,-0.292641,-0.111461,-0.077949,-0.025558,-0.278219,-0.391794,-0.350402,-0.270852,-0.231328,-0.045773,-0.300886
0.424117,0.327825,0.053689,0.107253,0.232744,0.242012,0.313394,0.184114,0.382289,0.257299,0.072047,0.146593,0.177969,0.102012,0.020672,0.111228,0.381650,0.248677,1.000000,-0.051315,0.152270,0.167959,0.562769,0.249191,0.456521,0.128530,0.104078,0.277557,0.474657,0.702394,0.600277,0.260512,0.347338,0.290218,-0.028683,0.055275,0.036497,0.019751,0.044121,0.053631,0.138163,0.152351,0.033493,-0.003237,0.054131,0.154883,0.204715,0.087000,0.018621,-0.072738,-0.000383,-0.189059,-0.110092,-0.047129,-0.147930,-0.149942,-0.203432,-0.182769,-0.126030,-0.053798,-0.054062,-0.141151,-0.106832,-0.054183,-0.059101,-0.099078,0.058401,0.020112
0.067136,0.110992,0.193332,0.659372,0.112664,0.252252,0.107016,0.369822,0.023692,0.034768,0.861454,0.584991,0.451635,0.803143,0.977513,-0.095811,-0.083719,-0.150289,-0.051315,1.000000,0.273178,0.185270,0.047651,0.066599,-0.032122,0.394021,0.295707,-0.025571,-0.039353,0.016057,-0.067675,-0.057551,-0.004387,0.064212,0.718377,0.770637,0.592825,0.752675,0.699244,0.553708,0.482478,0.424574,0.386168,0.169016,0.857516,0.738108,0.555282,0.833436,0.937446,0.214048,0.489831,0.594017,0.574467,0.941116,0.475560,0.492812,0.306428,0.324669,0.113800,0.295750,0.238877,0.443576,0.421051,0.491342,0.362793,0.279290,0.068603,0.734275
0.272855,0.380637,0.224416,0.381069,0.194941,0.438753,0.334602,0.471868,0.391551,0.333539,0.231019,0.408029,0.443590,0.187141,0.248838,0.133378,0.132919,-0.229019,0.152270,0.273178,1.000000,0.954136,0.332025,0.761306,0.239828,0.453690,0.523554,0.153261,0.165723,0.358566,0.293689,0.100719,0.249329,0.154470,0.424190,0.374221,0.396366,0.421267,0.398191,0.453088,0.453033,0.474368,0.462945,0.218769,0.250791,0.356718,0.246725,0.239989,0.316332,0.133154,0.345158,0.324060,0.371110,0.328567,0.419799,0.406772,0.237916,0.341282,0.175910,0.233280,0.213791,0.333356,0.282001,0.356263,0.290398,0.316657,0.109513,0.384849
0.342289,0.427812,0.242806,0.351604,0.251999,0.431671,0.366903,0.442139,0.391723,0.334267,0.174051,0.370496,0.408015,0.143023,0.173810,0.177804,0.191232,-0.169338,0.167959,0.185270,0.954136,1.000000,0.399720,0.857675,0.299359,0.440705,0.542099,0.263660,0.151068,0.357050,0.325388,0.138066,0.288917,0.224092,0.350662,0.305242,0.355506,0.361406,0.342966,0.396469,0.422009,0.434670,0.415435,0.196077,0.188377,0.304256,0.210867,0.181963,0.239282,0.129737,0.314787,0.277537,0.319277,0.246532,0.386006,0.368282,0.204555,0.297401,0.171821,0.224321,0.212065,0.280906,0.222709,0.311837,0.256858,0.306786,0.102616,0.308296
0.461329,0.449613,0.147261,0.217575,0.274437,0.316742,0.369820,0.287131,0.329229,0.176616,0.096801,0.244407,0.264321,0.088807,0.081816,0.028363,0.207265,0.100522,0.562769,0.047651,0.332025,0.399720,1.000000,0.493982,0.787906,0.324683,0.327611,0.429054,0.402812,0.712762,0.603321,0.328418,0.436867,0.294917,0.106398,0.119822,0.172945,0.169103,0.147096,0.177012,0.265830,0.266324,0.155739,0.020392,0.101748,0.220569,0.196485,0.110640,0.111291,-0.016022,0.065373,0.016632,0.050631,0.082248,0.031942,0.018935,-0.022949,-0.014292,0.032059,0.117852,0.130821,0.045175,0.022962,0.069429,0.013689,0.057234,0.151325,0.091020
0.448534,0.537832,0.287220,0.350153,0.391920,0.472829,0.491314,0.438807,0.433011,0.289053,0.113945,0.360110,0.396044,0.111083,0.093549,0.141240,0.209633,-0.092195,0.249191,0.066599,0.761306,0.857675,0.493982,1.000000,0.408466,0.542138,0.622869,0.384578,0.208401,0.405196,0.373484,0.159666,0.322108,0.319601,0.213955,0.209562,0.319464,0.277386,0.253237,0.293952,0.406307,0.399856,0.298578,0.099889,0.118835,0.268017,0.200200,0.128865,0.139309,0.095250,0.218452,0.159794,0.218771,0.114658,0.238838,0.209990,0.145143,0.181630,0.181531,0.227145,0.208998,0.177017,0.126959,0.213965,0.184092,0.259049,0.128980,0.181161
0.293495,0.288294,0.094041,0.146161,0.109561,0.209252,0.262940,0.188029,0.265641,0.058722,-0.000147,0.159658,0.165011,-0.019437,-0.008215,-0.046275,0.053071,0.034926,0.456521,-0.032122,0.239828,0.299359,0.787906,0.408466,1.000000,0.332829,0.312212,0.307106,0.673759,0.726417,0.467296,0.158412,0.331988,0.092868,0.071016,0.080982,0.120994,0.098902,0.090671,0.091387,0.173167,0.165036,0.081203,-0.053188,0.016440,0.134351,0.090732,0.009834,0.021828,-0.024600,0.035349,-0.000402,0.024986,0.007279,0.073825,0.051796,0.005212,0.022783,0.071366,0.105019,0.130933,0.053366,0.037942,0.063029,0.028272,0.077617,0.183262,0.049170
0.256792,0.356901,0.266793,0.461901,0.297089,0.414191,0.390820,0.406311,0.291539,0.120383,0.340261,0.433586,0.393037,0.317677,0.420652,-0.079447,-0.020072,-0.195180,0.128530,0.394021,0.453690,0.440705,0.324683,0.542138,0.332829,1.000000,0.868247,0.163916,0.140732,0.271716,0.134014,0.082357,0.203235,0.165510,0.331930,0.408264,0.399166,0.424691,0.432909,0.337692,0.425498,0.386060,0.257055,0.037555,0.357066,0.428608,0.331191,0.361442,0.398281,0.077422,0.270812,0.153171,0.248526,0.361183,0.197223,0.189649,0.108586,0.097292,0.094289,0.193199,0.163962,0.198745,0.182781,0.243056,0.225646,0.160620,0.148925,0.372799
0.342382,0.428738,0.294315,0.444566,0.372520,0.428395,0.404173,0.433050,0.295812,0.169152,0.264723,0.433463,0.411025,0.239992,0.310800,0.060673,0.114229,-0.213826,0.104078,0.295707,0.523554,0.542099,0.327611,0.622869,0.312212,0.868247,1.000000,0.337488,0.095541,0.254571,0.182769,0.116163,0.207944,0.275263,0.342120,0.353736,0.391096,0.403884,0.399052,0.355804,0.431242,0.403923,0.310798,0.069840,0.287378,0.380715,0.272858,0.287525,0.332175,0.083817,0.291201,0.198224,0.309065,0.309659,0.258800,0.241941,0.197786,0.210125,0.167733,0.227642,0.193123,0.264776,0.253697,0.319339,0.268347,0.264453,0.147073,0.342666
0.761884,0.613063,0.244351,0.192651,0.648719,0.301981,0.398904,0.222960,0.235027,0.202928,0.013782,0.189795,0.194336,0.022198,0.015323,0.215747,0.431511,0.039415,0.277557,-0.025571,0.153261,0.263660,0.429054,0.384578,0.307106,0.163916,0.337488,1.000000,0.053797,0.323419,0.499752,0.325582,0.343259,0.711013,0.073043,0.080619,0.146222,0.091104,0.094510,0.070315,0.188075,0.167788,0.054354,-0.031051,0.010324,0.122354,0.111606,0.017645,0.016481,-0.053456,0.076726,-0.022169,0.033461,-0.016338,0.041084,0.023167,0.040107,0.034503,0.061548,0.124952,0.119328,0.032614,0.067632,0.127672,0.117280,0.148339,0.013930,0.038781
0.112005,0.147370,0.057014,0.148581,-0.004736,0.174795,0.229128,0.172235,0.265836,0.006011,0.028231,0.152625,0.162192,0.006399,-0.014496,-0.110854,-0.065203,-0.069608,0.474657,-0.039353,0.165723,0.151068,0.402812,0.208401,0.673759,0.140732,0.095541,0.053797,1.000000,0.734604,0.355434,-0.044363,0.170628,-0.078342,0.065736,0.091839,0.135086,0.098715,0.065618,0.081709,0.154965,0.150156,0.064635,-0.102166,0.052792,0.129590,0.093100,0.040696,0.034340,-0.024058,0.054632,-0.011947,0.032125,0.021516,0.087003,0.068234,0.007775,0.051556,0.081823,0.060836,0.084101,0.041487,0.033573,0.049013,0.022252,0.070214,0.155162,0.044464
0.466604,0.462282,0.116780,0.248755,0.232070,0.378494,0.419720,0.373752,0.463445,0.205424,0.069594,0.310000,0.345601,0.044714,0.047133,-0.023298,0.182792,-0.081031,0.702394,0.016057,0.358566,0.357050,0.712762,0.405196,0.726417,0.271716,0.254571,0.323419,0.734604,1.000000,0.771645,0.205786,0.453567,0.215428,0.159863,0.155697,0.215875,0.205056,0.184084,0.242328,0.323276,0.346332,0.228537,-0.038955,0.085398,0.257540,0.215559,0.081692,0.094492,-0.089568,0.089151,0.020985,0.102790,0.072845,0.094703,0.086673,0.038291,0.088300,0.073693,0.107299,0.112776,0.105705,0.117676,0.155656,0.086060,0.130313,0.169062,0.144131
0.669007,0.585485,0.162215,0.160736,0.382457,0.286280,0.392663,0.283852,0.323508,0.168407,-0.010859,0.207387,0.256260,-0.038646,-0.047173,0.155735,0.424774,0.045913,0.600277,-0.067675,0.293689,0.325388,0.603321,0.373484,0.467296,0.134014,0.182769,0.499752,0.355434,0.771645,1.000000,0.371616,0.545929,0.449356,0.106961,0.066192,0.165773,0.120515,0.087162,0.128413,0.224638,0.251468,0.119974,-0.080132,0.007446,0.137209,0.109357,-0.008452,0.007598,-0.104864,0.039818,0.032892,0.074272,0.005835,0.100850,0.092555,0.036105,0.113979,0.063416,0.120658,0.116452,0.101059,0.087869,0.144151,0.075561,0.164250,0.115989,0.044851
0.369947,0.174016,0.102824,-0.001625,0.214417,-0.043936,0.012605,-0.052495,-0.035908,0.043345,-0.088035,-0.055586,-0.068151,-0.100014,-0.060838,0.128090,0.308711,0.300073,0.260512,-0.057551,0.100719,0.138066,0.328418,0.159666,0.158412,0.082357,0.116163,0.325582,-0.044363,0.205786,0.371616,1.000000,0.311084,0.416025,0.019070,0.018681,0.024926,0.000489,0.025151,-0.029644,-0.034030,-0.049517,-0.041924,-0.003833,-0.068786,-0.046703,-0.072278,-0.074595,-0.041005,-0.017003,0.002329,0.003472,-0.035851,-0.027483,-0.037092,-0.038076,-0.039668,-0.033208,-0.051181,-0.025494,-0.003714,0.027704,-0.000283,0.028308,-0.036058,0.022760,0.049908,0.005491
0.476871,0.424760,0.131762,0.136319,0.247159,0.222408,0.265984,0.209647,0.260654,0.139157,-0.004930,0.154706,0.181715,-0.006145,0.020500,-0.043943,0.146099,0.013689,0.347338,-0.004387,0.249329,0.288917,0.436867,0.322108,0.331988,0.203235,0.207944,0.343259,0.170628,0.453567,0.545929,0.311084,1.000000,0.272272,0.082122,0.091665,0.134429,0.116000,0.144613,0.158323,0.206840,0.204513,0.156262,0.014425,-0.001542,0.124519,0.121848,0.009362,0.026677,-0.072384,0.040338,0.007698,0.033073,0.014116,0.020931,0.011067,-0.044282,-0.015886,-0.011289,0.021291,0.027737,0.008015,0.019261,0.042087,-0.017626,0.024402,0.106544,0.072460
0.779764,0.587779,0.291424,0.246967,0.848235,0.338891,0.425210,0.264626,0.232818,0.289964,0.102207,0.224893,0.240033,0.109001,0.103531,0.477091,0.712867,0.114669,0.290218,0.064212,0.154470,0.224092,0.294917,0.319601,0.092868,0.165510,0.275263,0.711013,-0.078342,0.215428,0.449356,0.416025,0.272272,1.000000,0.136124,0.157363,0.209136,0.152830,0.170273,0.105460,0.232561,0.208889,0.077536,-0.000568,0.101476,0.165340,0.150209,0.108877,0.114154,-0.016375,0.095535,0.028241,0.080478,0.084247,0.077623,0.063679,0.059821,0.052162,0.069554,0.113901,0.077014,0.083372,0.090134,0.149235,0.123109,0.142527,0.003038,0.106722
0.165459,0.228033,0.294517,0.683937,0.154141,0.380395,0.191177,0.516360,0.193818,0.164977,0.599262,0.636184,0.555149,0.502136,0.674800,0.060150,0.051726,-0.299340,-0.028683,0.718377,0.424190,0.350662,0.106398,0.213955,0.071016,0.331930,0.342120,0.073043,0.065736,0.159863,0.106961,0.019070,0.082122,0.136124,1.000000,0.907109,0.676644,0.819198,0.802902,0.674009,0.591382,0.560826,0.557922,0.153512,0.633451,0.697729,0.432902,0.586955,0.733836,0.221151,0.624462,0.723643,0.786401,0.776852,0.711067,0.722911,0.498200,0.616422,0.259404,0.373480,0.334159,0.708208,0.656803,0.773624,0.484726,0.589430,0.089204,0.890986
0.181154,0.223735,0.331106,0.737733,0.201381,0.386597,0.245451,0.497172,0.199434,0.142550,0.711536,0.652146,0.550388,0.648433,0.769749,-0.017094,0.012586,-0.196145,0.055275,0.770637,0.374221,0.305242,0.119822,0.209562,0.080982,0.408264,0.353736,0.080619,0.091839,0.155697,0.066192,0.018681,0.091665,0.157363,0.907109,1.000000,0.681318,0.805162,0.849421,0.645544,0.614694,0.540288,0.491805,0.175401,0.732960,0.760278,0.551677,0.711547,0.794556,0.262143,0.629406,0.599552,0.672118,0.789136,0.596243,0.601434,0.319899,0.416642,0.138243,0.324506,0.301161,0.545026,0.492820,0.623571,0.433969,0.402788,0.069145,0.883943
0.275983,0.425458,0.584680,0.866987,0.343532,0.527347,0.450924,0.604435,0.304717,0.154283,0.547794,0.740816,0.622660,0.482630,0.596668,0.037316,0.039226,-0.155388,0.036497,0.592825,0.396366,0.355506,0.172945,0.319464,0.120994,0.399166,0.391096,0.146222,0.135086,0.215875,0.165773,0.024926,0.134429,0.209136,0.676644,0.681318,1.000000,0.858927,0.681024,0.630288,0.705694,0.611575,0.497462,0.079029,0.589917,0.700612,0.454053,0.559659,0.646857,0.209953,0.442484,0.545392,0.612593,0.641839,0.574141,0.555030,0.432808,0.459500,0.351495,0.440457,0.413984,0.528427,0.457569,0.524393,0.412828,0.425630,0.107945,0.578775
0.206276,0.343680,0.451590,0.920557,0.248480,0.511771,0.339711,0.651580,0.265856,0.187858,0.709082,0.823211,0.700405,0.636384,0.749810,-0.013493,0.002687,-0.283877,0.019751,0.752675,0.421267,0.361406,0.169103,0.277386,0.098902,0.424691,0.403884,0.091104,0.098715,0.205056,0.120515,0.000489,0.116000,0.152830,0.819198,0.805162,0.858927,1.000000,0.843495,0.783742,0.757714,0.696326,0.620640,0.197057,0.740809,0.881064,0.624017,0.717641,0.800110,0.218443,0.524026,0.593014,0.677213,0.797660,0.563654,0.565361,0.433386,0.454336,0.286668,0.391530,0.339068,0.568576,0.556638,0.619099,0.456615,0.429646,0.106461,0.766684
0.200864,0.282661,0.338466,0.769111,0.226524,0.462216,0.279365,0.594415,0.269400,0.211762,0.643789,0.718097,0.635230,0.600706,0.700782,-0.063189,-0.006477,-0.298398,0.044121,0.699244,0.398191,0.342966,0.147096,0.253237,0.090671,0.432909,0.399052,0.094510,0.065618,0.184084,0.087162,0.025151,0.144613,0.170273,0.802902,0.849421,0.681024,0.843495,1.000000,0.792825,0.721258,0.653405,0.635148,0.251781,0.659903,0.789762,0.595872,0.658325,0.724998,0.227158,0.578648,0.506380,0.627388,0.720611,0.503265,0.514037,0.299123,0.367335,0.145951,0.285998,0.236651,0.482191,0.480788,0.581531,0.434597,0.322616,0.077992,0.873200
0.157889,0.326137,0.318318,0.733262,0.159617,0.640265,0.355515,0.801802,0.500432,0.436279,0.543011,0.834656,0.834198,0.529891,0.555149,-0.043506,-0.003892,-0.398522,0.053631,0.553708,0.453088,0.396469,0.177012,0.293952,0.091387,0.337692,0.355804,0.070315,0.081709,0.242328,0.128413,-0.029644,0.158323,0.105460,0.674009,0.645544,0.630288,0.783742,0.792825,1.000000,0.884887,0.872931,0.933673,0.465064,0.535585,0.781625,0.683924,0.558022,0.589378,0.181944,0.530912,0.482567,0.625878,0.586621,0.481605,0.485000,0.381430,0.420761,0.250767,0.306594,0.247290,0.482685,0.530676,0.571963,0.427815,0.353350,0.071242,0.707448
0.309074,0.543972,0.480772,0.826473,0.400316,0.810996,0.657223,0.923064,0.613622,0.400279,0.506866,0.904379,0.925438,0.507423,0.514968,-0.008885,0.059948,-0.265994,0.138163,0.482478,0.453033,0.422009,0.265830,0.406307,0.173167,0.425498,0.431242,0.188075,0.154965,0.323276,0.224638,-0.034030,0.206840,0.232561,0.591382,0.614694,0.705694,0.757714,0.721258,0.884887,1.000000,0.942768,0.801723,0.275070,0.505539,0.765771,0.697119,0.533860,0.547246,0.161627,0.456188,0.426945,0.550729,0.517447,0.476900,0.457879,0.324491,0.356154,0.285037,0.360658,0.317469,0.428223,0.390895,0.461317,0.359487,0.324953,0.096099,0.585307
0.291477,0.540435,0.389950,0.740540,0.376531,0.855419,0.638933,0.981982,0.669172,0.485106,0.480421,0.888640,0.979767,0.490912,0.455502,0.021589,0.080708,-0.319330,0.152351,0.424574,0.474368,0.434670,0.266324,0.399856,0.165036,0.386060,0.403923,0.167788,0.150156,0.346332,0.251468,-0.049517,0.204513,0.208889,0.560826,0.540288,0.611575,0.696326,0.653405,0.872931,0.942768,1.000000,0.816483,0.325996,0.464785,0.738639,0.738241,0.498390,0.483487,0.120663,0.431843,0.395129,0.528140,0.455959,0.450459,0.435643,0.326057,0.355635,0.291776,0.317454,0.277358,0.410374,0.415188,0.475988,0.358478,0.342992,0.085308,0.553291
0.125760,0.291720,0.244900,0.562231,0.107781,0.643855,0.325533,0.759526,0.594901,0.584687,0.369907,0.703181,0.759629,0.367934,0.376531,0.014546,0.027429,-0.423959,0.033493,0.386168,0.462945,0.415435,0.155739,0.298578,0.081203,0.257055,0.310798,0.054354,0.064635,0.228537,0.119974,-0.041924,0.156262,0.077536,0.557922,0.491805,0.497462,0.620640,0.635148,0.933673,0.801723,0.816483,1.000000,0.597406,0.357384,0.607735,0.548487,0.385433,0.420812,0.183945,0.493448,0.428976,0.560459,0.430322,0.455880,0.456476,0.345289,0.418356,0.219968,0.261947,0.202419,0.431692,0.482777,0.519522,0.386076,0.349449,0.044320,0.583452
-0.030994,-0.043292,0.011695,0.140561,-0.084515,0.221020,-0.065848,0.265902,0.300640,0.677051,0.229658,0.223855,0.278438,0.275214,0.168857,0.119215,0.066263,-0.160870,-0.003237,0.169016,0.218769,0.196077,0.020392,0.099889,-0.053188,0.037555,0.069840,-0.031051,-0.102166,-0.038955,-0.080132,-0.003833,0.014425,-0.000568,0.153512,0.175401,0.079029,0.197057,0.251781,0.465064,0.275070,0.325996,0.597406,1.000000,0.184610,0.235515,0.311772,0.225181,0.166360,0.461063,0.358473,0.111421,0.191036,0.160931,0.114565,0.118884,0.034052,0.062060,-0.052389,-0.024746,-0.050731,0.045227,0.110084,0.158954,0.216978,0.057490,0.002431,0.268748
0.116512,0.162182,0.255442,0.701425,0.167711,0.286618,0.173679,0.417538,0.044349,0.045734,0.975887,0.645470,0.523919,0.921145,0.892483,-0.050061,-0.021368,-0.104900,0.054131,0.857516,0.250791,0.188377,0.101748,0.118835,0.016440,0.357066,0.287378,0.010324,0.052792,0.085398,0.007446,-0.068786,-0.001542,0.101476,0.633451,0.732960,0.589917,0.740809,0.659903,0.535585,0.505539,0.464785,0.357384,0.184610,1.000000,0.817980,0.699504,0.982577,0.927791,0.266126,0.465134,0.486722,0.505883,0.867169,0.402320,0.406579,0.225056,0.235714,0.128304,0.290137,0.235280,0.354752,0.341335,0.408059,0.312520,0.198632,0.066243,0.661884
0.226527,0.351326,0.347222,0.877911,0.275120,0.554804,0.390437,0.696617,0.327831,0.223575,0.823755,0.891319,0.780026,0.801228,0.785554,-0.065881,0.015610,-0.237558,0.154883,0.738108,0.356718,0.304256,0.220569,0.268017,0.134351,0.428608,0.380715,0.122354,0.129590,0.257540,0.137209,-0.046703,0.124519,0.165340,0.697729,0.760278,0.700612,0.881064,0.789762,0.781625,0.765771,0.738639,0.607735,0.235515,0.817980,1.000000,0.866920,0.837223,0.800001,0.175124,0.517385,0.460006,0.571712,0.735415,0.396711,0.401233,0.278358,0.271482,0.183158,0.304255,0.249750,0.396690,0.470529,0.519615,0.392094,0.285847,0.086036,0.741832
0.188574,0.329974,0.236071,0.682951,0.273519,0.564023,0.412623,0.696066,0.381310,0.287491,0.755616,0.791479,0.787922,0.812491,0.636822,-0.073933,0.028275,-0.160141,0.204715,0.555282,0.246725,0.210867,0.196485,0.200200,0.090732,0.331191,0.272858,0.111606,0.093100,0.215559,0.109357,-0.072278,0.121848,0.150209,0.432902,0.551677,0.454053,0.624017,0.595872,0.683924,0.697119,0.738241,0.548487,0.311772,0.699504,0.866920,1.000000,0.768745,0.608681,0.126204,0.403603,0.255003,0.361732,0.511314,0.217128,0.213175,0.098217,0.067317,0.069946,0.175045,0.143346,0.178126,0.266475,0.307785,0.267938,0.100437,0.032709,0.551645
0.120857,0.179835,0.245300,0.696882,0.188977,0.327296,0.205966,0.451754,0.095331,0.091187,0.974360,0.663067,0.559403,0.952223,0.884017,-0.074798,-0.027446,-0.105386,0.087000,0.833436,0.239989,0.181963,0.110640,0.128865,0.009834,0.361442,0.287525,0.017645,0.040696,0.081692,-0.008452,-0.074595,0.009362,0.108877,0.586955,0.711547,0.559659,0.717641,0.658325,0.558022,0.533860,0.498390,0.385433,0.225181,0.982577,0.837223,0.768745,1.000000,0.910000,0.250455,0.458849,0.423886,0.462112,0.832400,0.341871,0.344888,0.167747,0.170437,0.091389,0.251652,0.199602,0.301620,0.299476,0.362542,0.293037,0.141389,0.046460,0.649767
0.135311,0.185864,0.244835,0.717272,0.170398,0.308347,0.174181,0.433226,0.067460,0.060154,0.897250,0.647608,0.518075,0.824653,0.943891,-0.062760,-0.034634,-0.165269,0.018621,0.937446,0.316332,0.239282,0.111291,0.139309,0.021828,0.398281,0.332175,0.016481,0.034340,0.094492,0.007598,-0.041005,0.026677,0.114154,0.733836,0.794556,0.646857,0.800110,0.724998,0.589378,0.547246,0.483487,0.420812,0.166360,0.927791,0.800001,0.608681,0.910000,1.000000,0.229744,0.486822,0.578866,0.596533,0.972147,0.493615,0.507335,0.315434,0.357040,0.165032,0.372385,0.299361,0.490770,0.428205,0.495537,0.350143,0.290652,0.074187,0.722762
-0.034943,-0.002300,0.139615,0.225996,0.007910,0.052529,0.016893,0.095744,0.019757,0.184429,0.257454,0.155765,0.117258,0.245110,0.209658,0.112745,0.007539,0.069219,-0.072738,0.214048,0.133154,0.129737,-0.016022,0.095250,-0.024600,0.077422,0.083817,-0.053456,-0.024058,-0.089568,-0.104864,-0.017003,-0.072384,-0.016375,0.221151,0.262143,0.209953,0.218443,0.227158,0.181944,0.161627,0.120663,0.183945,0.461063,0.266126,0.175124,0.126204,0.250455,0.229744,1.000000,0.449494,0.265045,0.274689,0.230036,0.256632,0.236602,0.090703,0.113489,0.042444,0.080966,0.096496,0.115294,0.069762,0.183794,0.217526,0.135550,0.025833,0.275863
0.108618,0.161066,0.216041,0.507066,0.123384,0.318017,0.185218,0.407318,0.208143,0.218393,0.476480,0.492295,0.446744,0.455326,0.481439,0.038561,0.029430,-0.144475,-0.000383,0.489831,0.345158,0.314787,0.065373,0.218452,0.035349,0.270812,0.291201,0.076726,0.054632,0.089151,0.039818,0.002329,0.040338,0.095535,0.624462,0.629406,0.442484,0.524026,0.578648,0.530912,0.456188,0.431843,0.493448,0.358473,0.465134,0.517385,0.403603,0.458849,0.486822,0.449494,1.000000,0.578499,0.685556,0.495472,0.524093,0.509811,0.188620,0.332694,0.032677,0.196569,0.186446,0.365242,0.395241,0.708255,0.670077,0.524045,0.120191,0.697540
0.037019,0.141323,0.228696,0.495642,0.069488,0.227375,0.133834,0.361296,0.048725,0.026958,0.453356,0.462151,0.393670,0.363417,0.511510,0.056360,-0.007182,-0.043316,-0.189059,0.594017,0.324060,0.277537,0.016632,0.159794,-0.000402,0.153171,0.198224,-0.022169,-0.011947,0.020985,0.032892,0.003472,0.007698,0.028241,0.723643,0.599552,0.545392,0.593014,0.506380,0.482567,0.426945,0.395129,0.428976,0.111421,0.486722,0.460006,0.255003,0.423886,0.578866,0.265045,0.578499,1.000000,0.865823,0.663330,0.771436,0.780165,0.616341,0.695661,0.302519,0.354546,0.323937,0.638803,0.591373,0.716837,0.454816,0.647816,0.103927,0.626297
0.110239,0.230228,0.272057,0.589248,0.140924,0.366111,0.226748,0.496669,0.190271,0.140206,0.476480,0.589014,0.526254,0.397086,0.521543,0.048703,0.012769,-0.256976,-0.110092,0.574467,0.371110,0.319277,0.050631,0.218771,0.024986,0.248526,0.309065,0.033461,0.032125,0.102790,0.074272,-0.035851,0.033073,0.080478,0.786401,0.672118,0.612593,0.677213,0.627388,0.625878,0.550729,0.528140,0.560459,0.191036,0.505883,0.571712,0.361732,0.462112,0.596533,0.274689,0.685556,0.865823,1.000000,0.652190,0.776176,0.789765,0.695754,0.740181,0.374841,0.389888,0.341645,0.703329,0.745849,0.863654,0.585846,0.680755,0.121653,0.719814
0.098795,0.143020,0.229771,0.677718,0.119079,0.264429,0.113684,0.398221,0.030499,0.040554,0.829591,0.598945,0.473386,0.739659,0.911064,-0.044154,-0.039595,-0.185079,-0.047129,0.941116,0.328567,0.246532,0.082248,0.114658,0.007279,0.361183,0.309659,-0.016338,0.021516,0.072845,0.005835,-0.027483,0.014116,0.084247,0.776852,0.789136,0.641839,0.797660,0.720611,0.586621,0.517447,0.455959,0.430322,0.160931,0.867169,0.735415,0.511314,0.832400,0.972147,0.230036,0.495472,0.663330,0.652190,1.000000,0.568958,0.587049,0.384273,0.455250,0.188773,0.362131,0.294630,0.564375,0.487657,0.554001,0.369829,0.360471,0.082086,0.740707
0.093661,0.219894,0.311505,0.499066,0.137994,0.351660,0.252520,0.437013,0.212985,0.149120,0.356766,0.463003,0.436107,0.271460,0.411736,0.160778,0.088015,-0.169422,-0.147930,0.475560,0.419799,0.386006,0.031942,0.238838,0.073825,0.197223,0.258800,0.041084,0.087003,0.094703,0.100850,-0.037092,0.020931,0.077623,0.711067,0.596243,0.574141,0.563654,0.503265,0.481605,0.476900,0.450459,0.455880,0.114565,0.402320,0.396711,0.217128,0.341871,0.493615,0.256632,0.524093,0.771436,0.776176,0.568958,1.000000,0.980188,0.620906,0.822864,0.403030,0.443730,0.408228,0.651398,0.540356,0.666186,0.432170,0.626312,0.111291,0.562799
0.077096,0.191617,0.278592,0.479984,0.112319,0.326744,0.214948,0.415195,0.195226,0.144174,0.361138,0.448576,0.417480,0.271134,0.423271,0.145763,0.075313,-0.191398,-0.149942,0.492812,0.406772,0.368282,0.018935,0.209990,0.051796,0.189649,0.241941,0.023167,0.068234,0.086673,0.092555,-0.038076,0.011067,0.063679,0.722911,0.601434,0.555030,0.565361,0.514037,0.485000,0.457879,0.435643,0.456476,0.118884,0.406579,0.401233,0.213175,0.344888,0.507335,0.236602,0.509811,0.780165,0.789765,0.587049,0.980188,1.000000,0.657073,0.862987,0.409258,0.441072,0.395132,0.679595,0.567623,0.670483,0.425931,0.629837,0.103865,0.585566
0.053915,0.155903,0.201872,0.351203,0.096948,0.216480,0.121697,0.312538,0.082735,0.042009,0.191260,0.353952,0.312149,0.115301,0.242476,0.074278,0.015898,-0.224379,-0.203432,0.306428,0.237916,0.204555,-0.022949,0.145143,0.005212,0.108586,0.197786,0.040107,0.007775,0.038291,0.036105,-0.039668,-0.044282,0.059821,0.498200,0.319899,0.432808,0.433386,0.299123,0.381430,0.324491,0.326057,0.345289,0.034052,0.225056,0.278358,0.098217,0.167747,0.315434,0.090703,0.188620,0.616341,0.695754,0.384273,0.620906,0.657073,1.000000,0.769856,0.714557,0.429246,0.351028,0.654338,0.698273,0.548294,0.303535,0.541709,0.048562,0.352971
0.069846,0.168375,0.213431,0.339483,0.062780,0.243985,0.121722,0.337954,0.140821,0.115001,0.184852,0.348698,0.331520,0.088897,0.238443,0.160721,0.086110,-0.292641,-0.182769,0.324669,0.341282,0.297401,-0.014292,0.181630,0.022783,0.097292,0.210125,0.034503,0.051556,0.088300,0.113979,-0.033208,-0.015886,0.052162,0.616422,0.416642,0.459500,0.454336,0.367335,0.420761,0.356154,0.355635,0.418356,0.062060,0.235714,0.271482,0.067317,0.170437,0.357040,0.113489,0.332694,0.695661,0.740181,0.455250,0.822864,0.862987,0.769856,1.000000,0.544918,0.456970,0.372136,0.747216,0.664641,0.656994,0.371831,0.658252,0.079061,0.448861
0.075110,0.185258,0.198617,0.279207,0.130256,0.224038,0.169143,0.291365,0.130530,0.009101,0.094213,0.283971,0.282150,0.050805,0.089738,0.047073,0.007138,-0.111461,-0.126030,0.113800,0.175910,0.171821,0.032059,0.181531,0.071366,0.094289,0.167733,0.061548,0.081823,0.073693,0.063416,-0.051181,-0.011289,0.069554,0.259404,0.138243,0.351495,0.286668,0.145951,0.250767,0.285037,0.291776,0.219968,-0.052389,0.128304,0.183158,0.069946,0.091389,0.165032,0.042444,0.032677,0.302519,0.374841,0.188773,0.403030,0.409258,0.714557,0.544918,1.000000,0.553008,0.465727,0.481156,0.403099,0.237440,0.143774,0.311740,0.017822,0.078625
0.125517,0.214725,0.214688,0.374751,0.143490,0.231782,0.207943,0.301199,0.122321,0.033816,0.259740,0.351912,0.308535,0.205812,0.279578,0.063806,0.055981,-0.077949,-0.053798,0.295750,0.233280,0.224321,0.117852,0.227145,0.105019,0.193199,0.227642,0.124952,0.060836,0.107299,0.120658,-0.025494,0.021291,0.113901,0.373480,0.324506,0.440457,0.391530,0.285998,0.306594,0.360658,0.317454,0.261947,-0.024746,0.290137,0.304255,0.175045,0.251652,0.372385,0.080966,0.196569,0.354546,0.389888,0.362131,0.443730,0.441072,0.429246,0.456970,0.553008,1.000000,0.898447,0.580336,0.235061,0.284457,0.214599,0.360420,0.032742,0.208098
0.100284,0.195079,0.204419,0.335252,0.117357,0.207485,0.200569,0.263409,0.102532,0.003470,0.203005,0.300655,0.270050,0.157491,0.224948,0.056012,0.026241,-0.025558,-0.054062,0.238877,0.213791,0.212065,0.130821,0.208998,0.130933,0.163962,0.193123,0.119328,0.084101,0.112776,0.116452,-0.003714,0.027737,0.077014,0.334159,0.301161,0.413984,0.339068,0.236651,0.247290,0.317469,0.277358,0.202419,-0.050731,0.235280,0.249750,0.143346,0.199602,0.299361,0.096496,0.186446,0.323937,0.341645,0.294630,0.408228,0.395132,0.351028,0.372136,0.465727,0.898447,1.000000,0.551525,0.161791,0.238439,0.175149,0.323363,0.048778,0.169921
0.095173,0.186623,0.184951,0.442634,0.084721,0.259470,0.135116,0.376472,0.114126,0.085317,0.304777,0.428626,0.385922,0.209586,0.374366,0.131903,0.067488,-0.278219,-0.141151,0.443576,0.333356,0.280906,0.045175,0.177017,0.053366,0.198745,0.264776,0.032614,0.041487,0.105705,0.101059,0.027704,0.008015,0.083372,0.708208,0.545026,0.528427,0.568576,0.482191,0.482685,0.428223,0.410374,0.431692,0.045227,0.354752,0.396690,0.178126,0.301620,0.490770,0.115294,0.365242,0.638803,0.703329,0.564375,0.651398,0.679595,0.654338,0.747216,0.481156,0.580336,0.551525,1.000000,0.656499,0.640565,0.386235,0.595153,0.062219,0.575869
0.103852,0.171232,0.188790,0.430106,0.072979,0.268273,0.098123,0.389401,0.128809,0.109810,0.315371,0.468675,0.416569,0.235235,0.364853,0.051508,0.044475,-0.391794,-0.106832,0.421051,0.282001,0.222709,0.022962,0.126959,0.037942,0.182781,0.253697,0.067632,0.033573,0.117676,0.087869,-0.000283,0.019261,0.090134,0.656803,0.492820,0.457569,0.556638,0.480788,0.530676,0.390895,0.415188,0.482777,0.110084,0.341335,0.470529,0.266475,0.299476,0.428205,0.069762,0.395241,0.591373,0.745849,0.487657,0.540356,0.567623,0.698273,0.664641,0.403099,0.235061,0.161791,0.656499,1.000000,0.803973,0.470422,0.545428,0.066537,0.597198
0.186159,0.254306,0.230114,0.511781,0.144873,0.336604,0.186165,0.456460,0.184045,0.161636,0.387753,0.528289,0.481631,0.306780,0.438615,0.076493,0.089294,-0.350402,-0.054183,0.491342,0.356263,0.311837,0.069429,0.213965,0.063029,0.243056,0.319339,0.127672,0.049013,0.155656,0.144151,0.028308,0.042087,0.149235,0.773624,0.623571,0.524393,0.619099,0.581531,0.571963,0.461317,0.475988,0.519522,0.158954,0.408059,0.519615,0.307785,0.362542,0.495537,0.183794,0.708255,0.716837,0.863654,0.554001,0.666186,0.670483,0.548294,0.656994,0.237440,0.284457,0.238439,0.640565,0.803973,1.000000,0.695612,0.770290,0.139502,0.720646
