1.000000,0.998399,0.992956,0.992235,0.998587,0.990901,0.994855,0.992229,0.982142,0.977588,0.991800,0.990959,0.991976,0.991717,0.987673,0.963984,0.933625,0.900182,0.919867,0.984317,0.992752,0.994803,0.986268,0.995389,0.982928,0.993138,0.992996,0.997264,0.930565,0.838894,0.763490,0.662515,0.486554,0.997053,0.987318,0.989401,0.991381,0.989767,0.989508,0.991466,0.992179,0.991575,0.992193,0.987921,0.991004,0.988492,0.990576,0.989691,0.984149,0.992160,0.990867,0.948811,0.976701,0.981991,0.979744,0.982511,0.980561,0.981259,0.981252,0.977116,0.977326,0.984175,0.988527,0.988559,0.987736,0.985368,0.979388,0.989635
0.998399,1.000000,0.994644,0.996089,0.998757,0.992154,0.997206,0.995639,0.982745,0.976268,0.994918,0.995420,0.996098,0.994974,0.989482,0.961040,0.927713,0.886264,0.913208,0.984220,0.993968,0.995589,0.982593,0.996604,0.981075,0.995848,0.996216,0.996292,0.925823,0.827436,0.747370,0.634127,0.483809,0.993529,0.991784,0.993893,0.995412,0.994301,0.994008,0.995374,0.996103,0.995437,0.995273,0.989173,0.994193,0.993100,0.994621,0.993374,0.987154,0.994752,0.993061,0.942990,0.975862,0.983532,0.982524,0.985209,0.981585,0.984967,0.984216,0.981294,0.982194,0.988694,0.991615,0.991514,0.991046,0.988619,0.982315,0.993322
0.992956,0.994644,1.000000,0.992981,0.992479,0.984410,0.991183,0.989962,0.973755,0.966373,0.991290,0.991791,0.991626,0.991674,0.987110,0.949262,0.914120,0.874432,0.899302,0.981408,0.990822,0.991810,0.973340,0.992221,0.971445,0.991212,0.990884,0.989577,0.912410,0.810772,0.732414,0.626405,0.485501,0.986121,0.989035,0.990433,0.993628,0.991531,0.990417,0.990575,0.991175,0.990229,0.989901,0.981991,0.990408,0.990419,0.991352,0.990538,0.985480,0.989526,0.988446,0.936869,0.971530,0.981695,0.980802,0.983277,0.978561,0.983100,0.981680,0.979945,0.980548,0.986004,0.988183,0.987937,0.987344,0.985509,0.976933,0.989868
0.992235,0.996089,0.992981,1.000000,0.993267,0.987551,0.994888,0.995047,0.977619,0.968649,0.998719,0.999416,0.998129,0.998899,0.994170,0.948990,0.912628,0.863028,0.897804,0.987310,0.996264,0.996489,0.971583,0.996970,0.972942,0.997470,0.997065,0.989741,0.914655,0.811157,0.729878,0.602646,0.484400,0.983499,0.998322,0.998587,0.998825,0.999629,0.998764,0.997258,0.997524,0.996272,0.995556,0.986692,0.998257,0.999128,0.999243,0.998688,0.994193,0.996163,0.995355,0.935645,0.975220,0.989700,0.990685,0.992566,0.985692,0.993295,0.991247,0.991133,0.992331,0.996224,0.996311,0.995760,0.995757,0.994604,0.987773,0.998197
0.998587,0.998757,0.992479,0.993267,1.000000,0.994986,0.997771,0.995976,0.987204,0.982126,0.992627,0.992988,0.994865,0.992316,0.985647,0.969284,0.938989,0.897387,0.924778,0.980875,0.991051,0.993414,0.987375,0.995049,0.985931,0.994360,0.995063,0.997958,0.936366,0.843165,0.763644,0.647143,0.487436,0.996437,0.988171,0.991250,0.992738,0.991024,0.991603,0.994603,0.995286,0.995155,0.995382,0.991639,0.992082,0.989615,0.991908,0.990186,0.982403,0.994208,0.991570,0.944712,0.973982,0.979090,0.977487,0.980575,0.978078,0.980042,0.979902,0.975630,0.976765,0.984813,0.988896,0.988855,0.988298,0.985152,0.980145,0.990677
0.990901,0.992154,0.984410,0.987551,0.994986,1.000000,0.997655,0.997345,0.997438,0.993332,0.988258,0.989450,0.993433,0.986952,0.975629,0.983881,0.959273,0.905997,0.945989,0.969650,0.981931,0.985349,0.991073,0.989286,0.993343,0.991145,0.992512,0.995411,0.958134,0.872002,0.788229,0.643315,0.502815,0.992670,0.982137,0.987357,0.987684,0.985301,0.988471,0.994616,0.994624,0.996043,0.996534,0.997279,0.988757,0.984145,0.987507,0.984497,0.972148,0.992947,0.987054,0.937721,0.962672,0.967996,0.966931,0.970569,0.967164,0.970552,0.970286,0.965160,0.967644,0.978518,0.982976,0.982511,0.982311,0.977885,0.976152,0.986024
0.994855,0.997206,0.991183,0.994888,0.997771,0.997655,1.000000,0.999292,0.991648,0.985315,0.994645,0.995851,0.998000,0.994033,0.985072,0.972028,0.941773,0.891010,0.927134,0.978692,0.989911,0.992170,0.985961,0.994764,0.987311,0.996022,0.996977,0.996445,0.941191,0.846739,0.763308,0.627345,0.497177,0.992255,0.990666,0.994247,0.994747,0.993283,0.994945,0.998206,0.998587,0.998852,0.998629,0.995102,0.994563,0.992266,0.994446,0.992221,0.982777,0.996589,0.992760,0.939538,0.970263,0.978379,0.977916,0.980976,0.976588,0.981256,0.980461,0.976995,0.979006,0.987459,0.990429,0.990012,0.989894,0.986555,0.982612,0.993066
0.992229,0.995639,0.989962,0.995047,0.995976,0.997345,0.999292,1.000000,0.991781,0.985009,0.994685,0.996584,0.998846,0.994035,0.983931,0.970922,0.939533,0.884382,0.924760,0.976472,0.988592,0.990755,0.983561,0.993737,0.986227,0.995841,0.996954,0.994531,0.939854,0.842594,0.757049,0.614732,0.499122,0.989188,0.991307,0.994853,0.994951,0.993828,0.995750,0.999120,0.999206,0.999769,0.999334,0.995824,0.994710,0.993001,0.995096,0.992486,0.982302,0.996845,0.992529,0.934338,0.967993,0.977046,0.977314,0.980403,0.975144,0.981219,0.980239,0.977174,0.979670,0.988130,0.990611,0.990085,0.990109,0.986588,0.982303,0.993498
0.982142,0.982745,0.973755,0.977619,0.987204,0.997438,0.991648,0.991781,1.000000,0.997979,0.979730,0.980532,0.985811,0.977640,0.964363,0.991285,0.972704,0.914553,0.961504,0.958518,0.971827,0.976077,0.992003,0.981328,0.996181,0.984214,0.985529,0.989984,0.973107,0.895669,0.812246,0.652167,0.510562,0.987603,0.972238,0.978443,0.978013,0.975207,0.980195,0.988325,0.987734,0.990124,0.991595,0.996857,0.981001,0.974217,0.978496,0.974940,0.960125,0.986966,0.979314,0.931970,0.952676,0.956090,0.955184,0.959263,0.956331,0.959109,0.959360,0.952863,0.955993,0.968655,0.973970,0.973331,0.973182,0.967961,0.968576,0.977331
0.977588,0.976268,0.966373,0.968649,0.982126,0.993332,0.985315,0.985009,0.997979,1.000000,0.971549,0.971514,0.977572,0.968995,0.955561,0.995572,0.981177,0.926762,0.972149,0.950862,0.964558,0.969630,0.993545,0.975039,0.996684,0.977147,0.978058,0.986107,0.979776,0.909238,0.828369,0.673505,0.510835,0.986282,0.962633,0.969337,0.968942,0.965697,0.971329,0.980787,0.979945,0.982869,0.985368,0.994464,0.973211,0.964538,0.969581,0.965948,0.950213,0.980301,0.972000,0.931121,0.946847,0.946875,0.945510,0.949996,0.948294,0.949079,0.949967,0.942006,0.945063,0.958861,0.965486,0.964858,0.964449,0.958869,0.960548,0.968657
0.991800,0.994918,0.991290,0.998719,0.992627,0.988258,0.994645,0.994685,0.979730,0.971549,1.000000,0.998754,0.997579,0.999846,0.996322,0.952521,0.918726,0.873616,0.904324,0.991079,0.997368,0.997444,0.973730,0.997571,0.975676,0.997911,0.996901,0.990201,0.921910,0.823305,0.744092,0.613832,0.490599,0.984270,0.998799,0.998812,0.997880,0.998703,0.998945,0.997212,0.997091,0.995946,0.995865,0.988147,0.999715,0.998876,0.999276,0.999560,0.995772,0.997718,0.997478,0.943256,0.978727,0.992643,0.993136,0.994767,0.989112,0.995075,0.993611,0.992841,0.993826,0.997495,0.997932,0.997376,0.997403,0.996625,0.991278,0.999328
0.990959,0.995420,0.991791,0.999416,0.992988,0.989450,0.995851,0.996584,0.980532,0.971514,0.998754,1.000000,0.999149,0.998750,0.992647,0.952441,0.916632,0.863814,0.901628,0.985275,0.994855,0.995276,0.972541,0.996319,0.974933,0.997576,0.997445,0.989804,0.919071,0.815804,0.732667,0.597659,0.489526,0.982887,0.998069,0.998875,0.998646,0.999297,0.999284,0.998511,0.998584,0.997728,0.996910,0.988777,0.998489,0.999042,0.999430,0.998463,0.992742,0.996944,0.995369,0.933915,0.973237,0.987837,0.989065,0.991063,0.983913,0.992070,0.990027,0.989757,0.991416,0.995975,0.996035,0.995378,0.995534,0.993988,0.987819,0.998266
0.991976,0.996098,0.991626,0.998129,0.994865,0.993433,0.998000,0.998846,0.985811,0.977572,0.997579,0.999149,1.000000,0.997332,0.989338,0.960487,0.926031,0.872254,0.910793,0.981757,0.992556,0.993709,0.977365,0.995596,0.979905,0.997284,0.997765,0.992317,0.927349,0.825662,0.741156,0.603362,0.494792,0.985948,0.995785,0.997818,0.997633,0.997560,0.998491,0.999528,0.999623,0.999416,0.998665,0.992410,0.997390,0.997118,0.998331,0.996493,0.988784,0.997557,0.994774,0.933770,0.971337,0.983605,0.984428,0.986894,0.980491,0.987881,0.986307,0.984845,0.986899,0.993188,0.994335,0.993756,0.993852,0.991377,0.985793,0.996861
0.991717,0.994974,0.991674,0.998899,0.992316,0.986952,0.994033,0.994035,0.977640,0.968995,0.999846,0.998750,0.997332,1.000000,0.996949,0.949527,0.914740,0.870591,0.900085,0.991725,0.997573,0.997457,0.972036,0.997363,0.973691,0.997578,0.996593,0.989569,0.917893,0.817734,0.738551,0.611173,0.487085,0.983508,0.999011,0.998807,0.998023,0.998912,0.998820,0.996708,0.996672,0.995364,0.995132,0.986497,0.999426,0.999106,0.999336,0.999713,0.996521,0.997160,0.997360,0.943259,0.979295,0.993418,0.993771,0.995308,0.989687,0.995623,0.994146,0.993644,0.994494,0.997734,0.998033,0.997516,0.997517,0.996911,0.991128,0.999330
0.987673,0.989482,0.987110,0.994170,0.985647,0.975629,0.985072,0.983931,0.964363,0.955561,0.996322,0.992647,0.989338,0.996949,1.000000,0.934005,0.898860,0.867987,0.884501,0.998059,0.997787,0.996366,0.962728,0.994056,0.962804,0.992397,0.990070,0.982597,0.903080,0.804423,0.731391,0.621437,0.476645,0.977575,0.996464,0.993960,0.992643,0.994449,0.993260,0.988192,0.988176,0.985795,0.986171,0.975249,0.995478,0.995102,0.994551,0.997062,0.999105,0.991543,0.995335,0.951594,0.985094,0.998730,0.998281,0.998811,0.995451,0.998207,0.997431,0.997145,0.996506,0.996689,0.996793,0.996564,0.996344,0.997634,0.991674,0.996301
0.963984,0.961040,0.949262,0.948990,0.969284,0.983881,0.972028,0.970922,0.991285,0.995572,0.952521,0.952441,0.960487,0.949527,0.934005,1.000000,0.991966,0.939064,0.983492,0.930273,0.944559,0.950893,0.989524,0.957613,0.991821,0.959837,0.961459,0.975042,0.986712,0.927976,0.849835,0.693574,0.508888,0.977802,0.940928,0.949895,0.949892,0.944982,0.951972,0.964549,0.963655,0.967602,0.970438,0.983031,0.954422,0.943396,0.949664,0.945267,0.926711,0.963664,0.953655,0.922246,0.927185,0.924054,0.921407,0.926503,0.926314,0.924903,0.926398,0.916521,0.919728,0.936286,0.944764,0.944203,0.943728,0.936941,0.941160,0.948542
0.933625,0.927713,0.914120,0.912628,0.938989,0.959273,0.941773,0.939533,0.972704,0.981177,0.918726,0.916632,0.926031,0.914740,0.898860,0.991966,1.000000,0.946249,0.994437,0.897397,0.910737,0.918229,0.972994,0.925886,0.976083,0.927939,0.928981,0.948103,0.994264,0.961778,0.894257,0.724899,0.506741,0.954022,0.904035,0.914306,0.914046,0.907908,0.916631,0.931775,0.930409,0.935301,0.939809,0.958650,0.921715,0.906432,0.913966,0.909940,0.889737,0.932306,0.920648,0.902876,0.894411,0.889147,0.885224,0.890596,0.891613,0.887665,0.889624,0.878174,0.881226,0.899633,0.909578,0.908806,0.908249,0.901040,0.909635,0.913520
0.900182,0.886264,0.874432,0.863028,0.897387,0.905997,0.891010,0.884382,0.914553,0.926762,0.873616,0.863814,0.872254,0.870591,0.867987,0.939064,0.946249,1.000000,0.943863,0.879900,0.875470,0.881881,0.937123,0.883993,0.929278,0.878925,0.877727,0.907961,0.934093,0.908511,0.857637,0.802897,0.481508,0.923270,0.857008,0.865147,0.863613,0.856776,0.864956,0.877471,0.876285,0.879529,0.887099,0.904243,0.874525,0.855652,0.863755,0.863867,0.853520,0.887950,0.885281,0.931211,0.889695,0.862262,0.852528,0.856973,0.872630,0.850011,0.857564,0.839549,0.838916,0.854869,0.870975,0.871764,0.869637,0.865191,0.874947,0.869096
0.919867,0.913208,0.899302,0.897804,0.924778,0.945989,0.927134,0.924760,0.961504,0.972149,0.904324,0.901628,0.910793,0.900085,0.884501,0.983492,0.994437,0.943863,1.000000,0.883506,0.897618,0.905460,0.966016,0.913380,0.968666,0.915239,0.915485,0.934745,0.992479,0.963359,0.894850,0.727251,0.484860,0.941784,0.889270,0.899200,0.898935,0.893084,0.901870,0.917350,0.915390,0.920573,0.926029,0.946965,0.907981,0.891715,0.899317,0.895490,0.874963,0.917968,0.905952,0.895266,0.881311,0.874597,0.870933,0.876392,0.877490,0.873080,0.874926,0.863287,0.866279,0.884766,0.894744,0.893771,0.892914,0.886076,0.896154,0.898774
0.984317,0.984220,0.981408,0.987310,0.980875,0.969650,0.978692,0.976472,0.958518,0.950862,0.991079,0.985275,0.981757,0.991725,0.998059,0.930273,0.897397,0.879900,0.883506,1.000000,0.994520,0.992811,0.960394,0.989474,0.959087,0.986354,0.983469,0.978543,0.901238,0.807772,0.738893,0.641103,0.472801,0.975444,0.990504,0.987445,0.985712,0.987301,0.986325,0.980738,0.980712,0.978104,0.979296,0.968882,0.990116,0.988082,0.987693,0.991456,0.995754,0.986648,0.992412,0.963287,0.988816,0.998023,0.996228,0.996415,0.996824,0.994819,0.995525,0.993580,0.992097,0.991624,0.992982,0.993088,0.992640,0.994727,0.990400,0.991128
0.992752,0.993968,0.990822,0.996264,0.991051,0.981931,0.989911,0.988592,0.971827,0.964558,0.997368,0.994855,0.992556,0.997573,0.997787,0.944559,0.910737,0.875470,0.897618,0.994520,1.000000,0.999587,0.971957,0.998271,0.971247,0.996002,0.993892,0.988443,0.913024,0.815119,0.740009,0.629693,0.482153,0.984397,0.996476,0.995118,0.994885,0.996040,0.994967,0.991792,0.991883,0.989990,0.990448,0.981900,0.996975,0.996009,0.996106,0.997469,0.996593,0.993815,0.995463,0.947925,0.982277,0.994814,0.994969,0.996401,0.991941,0.995682,0.994492,0.993602,0.993473,0.995625,0.996379,0.996043,0.995618,0.995857,0.989523,0.996686
0.994803,0.995589,0.991810,0.996489,0.993414,0.985349,0.992170,0.990755,0.976077,0.969630,0.997444,0.995276,0.993709,0.997457,0.996366,0.950893,0.918229,0.881881,0.905460,0.992811,0.999587,1.000000,0.976666,0.999182,0.975770,0.996971,0.995117,0.991273,0.919699,0.823325,0.747387,0.636282,0.484724,0.987824,0.995739,0.995159,0.995254,0.995903,0.995182,0.993221,0.993307,0.991787,0.992382,0.985207,0.997140,0.995643,0.996197,0.997026,0.994756,0.994815,0.995516,0.948252,0.981393,0.992710,0.992660,0.994454,0.990124,0.993659,0.992549,0.991033,0.991131,0.994436,0.995787,0.995459,0.994966,0.994637,0.988573,0.996428
0.986268,0.982593,0.973340,0.971583,0.987375,0.991073,0.985961,0.983561,0.992003,0.993545,0.973730,0.972541,0.977365,0.972036,0.962728,0.989524,0.972994,0.937123,0.966016,0.960394,0.971957,0.976666,1.000000,0.980631,0.997679,0.980086,0.980364,0.991243,0.970435,0.897275,0.820102,0.697394,0.493129,0.994015,0.964744,0.970494,0.971688,0.967925,0.971812,0.979870,0.979411,0.981339,0.984160,0.990215,0.974546,0.966404,0.971064,0.968518,0.955972,0.980604,0.974893,0.945851,0.957178,0.954147,0.951355,0.955707,0.956224,0.953642,0.955075,0.946607,0.948276,0.960804,0.968318,0.968234,0.967260,0.962576,0.962665,0.970535
0.995389,0.996604,0.992221,0.996970,0.995049,0.989286,0.994764,0.993737,0.981328,0.975039,0.997571,0.996319,0.995596,0.997363,0.994056,0.957613,0.925886,0.883993,0.913380,0.989474,0.998271,0.999182,0.980631,1.000000,0.980648,0.998296,0.997041,0.993463,0.927544,0.831382,0.753077,0.633387,0.488004,0.989591,0.995343,0.995666,0.995956,0.996198,0.996062,0.995452,0.995492,0.994475,0.995011,0.989088,0.997519,0.995706,0.996638,0.996695,0.992275,0.996157,0.995480,0.945725,0.978848,0.989348,0.989584,0.991789,0.987142,0.991301,0.990190,0.988244,0.988920,0.993586,0.995199,0.994785,0.994386,0.993237,0.987814,0.996412
0.982928,0.981075,0.971445,0.972942,0.985931,0.993343,0.987311,0.986227,0.996181,0.996684,0.975676,0.974933,0.979905,0.973691,0.962804,0.991821,0.976083,0.929278,0.968666,0.959087,0.971247,0.975770,0.997679,0.980648,1.000000,0.982075,0.982650,0.990178,0.977215,0.903360,0.823266,0.677060,0.499169,0.990365,0.967310,0.973088,0.973139,0.969926,0.974739,0.982807,0.982036,0.984312,0.986989,0.993507,0.976873,0.968747,0.973278,0.970572,0.956922,0.983207,0.976667,0.940832,0.955582,0.954310,0.952528,0.956822,0.956328,0.955583,0.956822,0.948854,0.951289,0.963908,0.970512,0.970255,0.969563,0.964708,0.965581,0.973022
0.993138,0.995848,0.991212,0.997470,0.994360,0.991145,0.996022,0.995841,0.984214,0.977147,0.997911,0.997576,0.997284,0.997578,0.992397,0.959837,0.927939,0.878925,0.915239,0.986354,0.996002,0.996971,0.980086,0.998296,0.982075,1.000000,0.999145,0.993126,0.931210,0.833478,0.752490,0.619642,0.492961,0.987403,0.995843,0.996889,0.996678,0.996955,0.997429,0.997398,0.997339,0.996641,0.996887,0.991121,0.998014,0.996552,0.997494,0.996948,0.991022,0.997204,0.995376,0.940829,0.975511,0.987130,0.987838,0.990067,0.984503,0.990277,0.988937,0.987332,0.988685,0.993934,0.995035,0.994520,0.994373,0.992749,0.987906,0.996916
0.992996,0.996216,0.990884,0.997065,0.995063,0.992512,0.996977,0.996954,0.985529,0.978058,0.996901,0.997445,0.997765,0.996593,0.990070,0.961459,0.928981,0.877727,0.915485,0.983469,0.993892,0.995117,0.980364,0.997041,0.982650,0.999145,1.000000,0.994003,0.931861,0.832603,0.749469,0.613254,0.491242,0.987565,0.994795,0.996581,0.996455,0.996363,0.997147,0.997861,0.997953,0.997475,0.997444,0.991659,0.996867,0.995679,0.996763,0.995640,0.988564,0.997121,0.994791,0.938336,0.974134,0.984070,0.984727,0.987267,0.982304,0.987886,0.986854,0.984685,0.986472,0.992658,0.994109,0.993679,0.993606,0.991345,0.986716,0.996096
0.997264,0.996292,0.989577,0.989741,0.997958,0.995411,0.996445,0.994531,0.989984,0.986107,0.990201,0.989804,0.992317,0.989569,0.982597,0.975042,0.948103,0.907961,0.934745,0.978543,0.988443,0.991273,0.991243,0.993463,0.990178,0.993126,0.994003,1.000000,0.946262,0.858320,0.780495,0.661678,0.494418,0.997226,0.984626,0.988274,0.989445,0.987251,0.988771,0.992755,0.993104,0.993445,0.994301,0.992875,0.989922,0.985985,0.988846,0.987127,0.978584,0.992978,0.989846,0.946860,0.972108,0.975878,0.973822,0.977051,0.975402,0.976133,0.976487,0.971233,0.972432,0.981387,0.986281,0.986211,0.985587,0.982166,0.978551,0.988009
0.930565,0.925823,0.912410,0.914655,0.936366,0.958134,0.941191,0.939854,0.973107,0.979776,0.921910,0.919071,0.927349,0.917893,0.903080,0.986712,0.994264,0.934093,0.992479,0.901238,0.913024,0.919699,0.970435,0.927544,0.977215,0.931210,0.931861,0.946262,1.000000,0.967164,0.897047,0.704751,0.503038,0.949249,0.908577,0.917463,0.915856,0.910892,0.920026,0.933548,0.931621,0.936322,0.941168,0.959140,0.925191,0.910127,0.916964,0.913835,0.894836,0.934926,0.924169,0.902677,0.898016,0.894299,0.891210,0.896067,0.897052,0.893764,0.895916,0.885163,0.888439,0.905398,0.914115,0.913283,0.912910,0.906500,0.915519,0.917657
0.838894,0.827436,0.810772,0.811157,0.843165,0.872002,0.846739,0.842594,0.895669,0.909238,0.823305,0.815804,0.825662,0.817734,0.804423,0.927976,0.961778,0.908511,0.963359,0.807772,0.815119,0.823325,0.897275,0.831382,0.903360,0.833478,0.832603,0.858320,0.967164,1.000000,0.965894,0.756690,0.498036,0.868023,0.804753,0.815008,0.812804,0.806184,0.817616,0.834310,0.831774,0.837556,0.844853,0.872180,0.827829,0.806035,0.814659,0.812825,0.793512,0.838630,0.826679,0.830562,0.802547,0.797882,0.791831,0.796378,0.799619,0.791398,0.794378,0.781555,0.783656,0.802154,0.813395,0.812112,0.811593,0.805357,0.821221,0.816722
0.763490,0.747370,0.732414,0.729878,0.763644,0.788229,0.763308,0.757049,0.812246,0.828369,0.744092,0.732667,0.741156,0.738551,0.731391,0.849835,0.894257,0.857637,0.894850,0.738893,0.740009,0.747387,0.820102,0.753077,0.823266,0.752490,0.749469,0.780495,0.897047,0.965894,1.000000,0.796286,0.522831,0.794435,0.724496,0.733087,0.731515,0.724472,0.734878,0.749534,0.747202,0.752060,0.760318,0.788980,0.748473,0.724978,0.733464,0.734062,0.720058,0.756813,0.747458,0.766252,0.730737,0.728581,0.720158,0.723194,0.727342,0.716357,0.719250,0.707643,0.707363,0.722551,0.734100,0.732717,0.731786,0.727694,0.743996,0.736315
0.662515,0.634127,0.626405,0.602646,0.647143,0.643315,0.627345,0.614732,0.652167,0.673505,0.613832,0.597659,0.603362,0.611173,0.621437,0.693574,0.724899,0.802897,0.727251,0.641103,0.629693,0.636282,0.697394,0.633387,0.677060,0.619642,0.613254,0.661678,0.704751,0.756690,0.796286,1.000000,0.483478,0.691439,0.593343,0.598241,0.601571,0.594264,0.596922,0.607440,0.606838,0.608891,0.618013,0.640796,0.614782,0.593248,0.601709,0.605234,0.605709,0.620625,0.620147,0.690441,0.632557,0.622150,0.606573,0.608166,0.619385,0.595419,0.599771,0.587088,0.580348,0.590072,0.606388,0.606899,0.602831,0.602502,0.612558,0.604314
0.486554,0.483809,0.485501,0.484400,0.487436,0.502815,0.497177,0.499122,0.510562,0.510835,0.490599,0.489526,0.494792,0.487085,0.476645,0.508888,0.506741,0.481508,0.484860,0.472801,0.482153,0.484724,0.493129,0.488004,0.499169,0.492961,0.491242,0.494418,0.503038,0.498036,0.522831,0.483478,1.000000,0.492494,0.480824,0.485710,0.485406,0.484178,0.489443,0.495721,0.495279,0.498103,0.495985,0.506954,0.491736,0.484191,0.489375,0.486595,0.476971,0.492483,0.483223,0.442570,0.452856,0.477215,0.475140,0.475375,0.465677,0.474548,0.470978,0.471835,0.471655,0.478910,0.481015,0.478295,0.479467,0.476557,0.471582,0.485818
0.997053,0.993529,0.986121,0.983499,0.996437,0.992670,0.992255,0.989188,0.987603,0.986282,0.984270,0.982887,0.985948,0.983508,0.977575,0.977802,0.954022,0.923270,0.941784,0.975444,0.984397,0.987824,0.994015,0.989591,0.990365,0.987403,0.987565,0.997226,0.949249,0.868023,0.794435,0.691439,0.492494,1.000000,0.977091,0.980996,0.982975,0.980065,0.981502,0.986509,0.986933,0.987477,0.989088,0.989759,0.983928,0.978543,0.982064,0.980508,0.972185,0.987693,0.984599,0.950941,0.970016,0.970850,0.967444,0.970919,0.970850,0.968910,0.969792,0.963334,0.963806,0.973433,0.979917,0.980015,0.978952,0.975467,0.971971,0.981281
0.987318,0.991784,0.989035,0.998322,0.988171,0.982137,0.990666,0.991307,0.972238,0.962633,0.998799,0.998069,0.995785,0.999011,0.996464,0.940928,0.904035,0.857008,0.889270,0.990504,0.996476,0.995739,0.964744,0.995343,0.967310,0.995843,0.994795,0.984626,0.908577,0.804753,0.724496,0.593343,0.480824,0.977091,1.000000,0.998790,0.997171,0.999015,0.998693,0.995085,0.994971,0.993263,0.992843,0.982796,0.998373,0.999321,0.998851,0.999377,0.997010,0.995564,0.996552,0.937316,0.978431,0.993272,0.995069,0.996384,0.990236,0.997326,0.995778,0.995808,0.997001,0.999162,0.998411,0.997871,0.998036,0.997861,0.991687,0.999404
0.989401,0.993893,0.990433,0.998587,0.991250,0.987357,0.994247,0.994853,0.978443,0.969337,0.998812,0.998875,0.997818,0.998807,0.993960,0.949895,0.914306,0.865147,0.899200,0.987445,0.995118,0.995159,0.970494,0.995666,0.973088,0.996889,0.996581,0.988274,0.917463,0.815008,0.733087,0.598241,0.485710,0.980996,0.998790,1.000000,0.997902,0.998782,0.999246,0.997433,0.997446,0.996252,0.995696,0.987182,0.998525,0.998800,0.998982,0.998624,0.993972,0.996975,0.996455,0.937087,0.976086,0.989734,0.991163,0.992952,0.986842,0.993904,0.992384,0.991700,0.993322,0.997352,0.997257,0.996721,0.996945,0.995804,0.990338,0.998969
0.991381,0.995412,0.993628,0.998825,0.992738,0.987684,0.994747,0.994951,0.978013,0.968942,0.997880,0.998646,0.997633,0.998023,0.992643,0.949892,0.914046,0.863613,0.898935,0.985712,0.994885,0.995254,0.971688,0.995956,0.973139,0.996678,0.996455,0.989445,0.915856,0.812804,0.731515,0.601571,0.485406,0.982975,0.997171,0.997902,1.000000,0.998626,0.998050,0.996908,0.997139,0.996056,0.995224,0.986494,0.997492,0.998114,0.998315,0.997683,0.992515,0.995504,0.994273,0.935816,0.973385,0.987966,0.988788,0.990764,0.983778,0.991534,0.989330,0.989156,0.990535,0.995000,0.994945,0.994360,0.994439,0.993132,0.986784,0.997205
0.989767,0.994301,0.991531,0.999629,0.991024,0.985301,0.993283,0.993828,0.975207,0.965697,0.998703,0.999297,0.997560,0.998912,0.994449,0.944982,0.907908,0.856776,0.893084,0.987301,0.996040,0.995903,0.967925,0.996198,0.969926,0.996955,0.996363,0.987251,0.910892,0.806184,0.724472,0.594264,0.484178,0.980065,0.999015,0.998782,0.998626,1.000000,0.998981,0.996679,0.996822,0.995408,0.994554,0.984992,0.998326,0.999637,0.999393,0.999064,0.995058,0.995573,0.995057,0.933358,0.974479,0.990370,0.991884,0.993546,0.986026,0.994524,0.992228,0.992759,0.994060,0.997275,0.996584,0.995935,0.996069,0.995234,0.988378,0.998481
0.989508,0.994008,0.990417,0.998764,0.991603,0.988471,0.994945,0.995750,0.980195,0.971329,0.998945,0.999284,0.998491,0.998820,0.993260,0.951972,0.916631,0.864956,0.901870,0.986325,0.994967,0.995182,0.971812,0.996062,0.974739,0.997429,0.997147,0.988771,0.920026,0.817616,0.734878,0.596922,0.489443,0.981502,0.998693,0.999246,0.998050,0.998981,1.000000,0.998245,0.998154,0.997151,0.996664,0.988782,0.998798,0.998968,0.999313,0.998652,0.993324,0.997503,0.996391,0.935106,0.974800,0.988742,0.990233,0.992183,0.985718,0.993278,0.991662,0.990987,0.992810,0.997155,0.997159,0.996530,0.996732,0.995343,0.989874,0.999075
0.991466,0.995374,0.990575,0.997258,0.994603,0.994616,0.998206,0.999120,0.988325,0.980787,0.997212,0.998511,0.999528,0.996708,0.988192,0.964549,0.931775,0.877471,0.917350,0.980738,0.991792,0.993221,0.979870,0.995452,0.982807,0.997398,0.997861,0.992755,0.933548,0.834310,0.749534,0.607440,0.495721,0.986509,0.995085,0.997433,0.996908,0.996679,0.998245,1.000000,0.999684,0.999653,0.999464,0.994398,0.997260,0.996268,0.997668,0.995778,0.987317,0.998085,0.994859,0.934813,0.970936,0.982193,0.983081,0.985729,0.979660,0.986714,0.985362,0.983369,0.985666,0.992584,0.994000,0.993347,0.993471,0.990733,0.986018,0.996572
0.992179,0.996103,0.991175,0.997524,0.995286,0.994624,0.998587,0.999206,0.987734,0.979945,0.997091,0.998584,0.999623,0.996672,0.988176,0.963655,0.930409,0.876285,0.915390,0.980712,0.991883,0.993307,0.979411,0.995492,0.982036,0.997339,0.997953,0.993104,0.931621,0.831774,0.747202,0.606838,0.495279,0.986933,0.994971,0.997446,0.997139,0.996822,0.998154,0.999684,1.000000,0.999630,0.999141,0.993678,0.997035,0.996240,0.997609,0.995684,0.987289,0.997736,0.994531,0.934515,0.970803,0.982135,0.982883,0.985547,0.979492,0.986487,0.985100,0.983172,0.985391,0.992268,0.993669,0.993093,0.993203,0.990447,0.985497,0.996338
0.991575,0.995437,0.990229,0.996272,0.995155,0.996043,0.998852,0.999769,0.990124,0.982869,0.995946,0.997728,0.999416,0.995364,0.985795,0.967602,0.935301,0.879529,0.920573,0.978104,0.989990,0.991787,0.981339,0.994475,0.984312,0.996641,0.997475,0.993445,0.936322,0.837556,0.752060,0.608891,0.498103,0.987477,0.993263,0.996252,0.996056,0.995408,0.997151,0.999653,0.999630,1.000000,0.999472,0.995188,0.996004,0.994791,0.996545,0.994175,0.984686,0.997414,0.993492,0.933457,0.968775,0.979328,0.980025,0.982905,0.976979,0.983872,0.982615,0.980196,0.982658,0.990369,0.992195,0.991585,0.991682,0.988539,0.983929,0.995035
0.992193,0.995273,0.989901,0.995556,0.995382,0.996534,0.998629,0.999334,0.991595,0.985368,0.995865,0.996910,0.998665,0.995132,0.986171,0.970438,0.939809,0.887099,0.926029,0.979296,0.990448,0.992382,0.984160,0.995011,0.986989,0.996887,0.997444,0.994301,0.941168,0.844853,0.760318,0.618013,0.495985,0.989088,0.992843,0.995696,0.995224,0.994554,0.996664,0.999464,0.999141,0.999472,1.000000,0.996699,0.996055,0.993999,0.995937,0.993848,0.984521,0.998180,0.994437,0.937822,0.971308,0.979737,0.980160,0.983133,0.978282,0.983827,0.983090,0.979911,0.982295,0.990221,0.992675,0.992087,0.992086,0.988886,0.984849,0.995074
0.987921,0.989173,0.981991,0.986692,0.991639,0.997279,0.995102,0.995824,0.996857,0.994464,0.988147,0.988777,0.992410,0.986497,0.975249,0.983031,0.958650,0.904243,0.946965,0.968882,0.981900,0.985207,0.990215,0.989088,0.993507,0.991121,0.991659,0.992875,0.959140,0.872180,0.788980,0.640796,0.506954,0.989759,0.982796,0.987182,0.986494,0.984992,0.988782,0.994398,0.993678,0.995188,0.996699,1.000000,0.989068,0.984291,0.987626,0.984700,0.972395,0.993509,0.987513,0.934462,0.962557,0.967853,0.967912,0.971575,0.967504,0.971700,0.971527,0.966478,0.969305,0.979772,0.983846,0.983171,0.983018,0.978687,0.976607,0.986617
0.991004,0.994193,0.990408,0.998257,0.992082,0.988757,0.994563,0.994710,0.981001,0.973211,0.999715,0.998489,0.997390,0.999426,0.995478,0.954422,0.921715,0.874525,0.907981,0.990116,0.996975,0.997140,0.974546,0.997519,0.976873,0.998014,0.996867,0.989922,0.925191,0.827829,0.748473,0.614782,0.491736,0.983928,0.998373,0.998525,0.997492,0.998326,0.998798,0.997260,0.997035,0.996004,0.996055,0.989068,1.000000,0.998538,0.999022,0.999332,0.994973,0.997648,0.996937,0.942540,0.977243,0.991703,0.992398,0.994090,0.987961,0.994371,0.992743,0.992077,0.993179,0.997056,0.997328,0.996645,0.996739,0.995894,0.991176,0.998977
0.988492,0.993100,0.990419,0.999128,0.989615,0.984145,0.992266,0.993001,0.974217,0.964538,0.998876,0.999042,0.997118,0.999106,0.995102,0.943396,0.906432,0.855652,0.891715,0.988082,0.996009,0.995643,0.966404,0.995706,0.968747,0.996552,0.995679,0.985985,0.910127,0.806035,0.724978,0.593248,0.484191,0.978543,0.999321,0.998800,0.998114,0.999637,0.998968,0.996268,0.996240,0.994791,0.993999,0.984291,0.998538,1.000000,0.999613,0.999451,0.996017,0.995404,0.995167,0.933522,0.974428,0.991610,0.993048,0.994483,0.986630,0.995449,0.993014,0.993963,0.995173,0.997869,0.996895,0.996178,0.996356,0.995802,0.989114,0.998725
0.990576,0.994621,0.991352,0.999243,0.991908,0.987507,0.994446,0.995096,0.978496,0.969581,0.999276,0.999430,0.998331,0.999336,0.994551,0.949664,0.913966,0.863755,0.899317,0.987693,0.996106,0.996197,0.971064,0.996638,0.973278,0.997494,0.996763,0.988846,0.916964,0.814659,0.733464,0.601709,0.489375,0.982064,0.998851,0.998982,0.998315,0.999393,0.999313,0.997668,0.997609,0.996545,0.995937,0.987626,0.999022,0.999613,1.000000,0.999358,0.994942,0.996836,0.995942,0.935380,0.974695,0.990616,0.991633,0.993326,0.986037,0.994119,0.992001,0.992158,0.993471,0.997144,0.996943,0.996235,0.996369,0.995310,0.988961,0.998868
0.989691,0.993374,0.990538,0.998688,0.990186,0.984497,0.992221,0.992486,0.974940,0.965948,0.999560,0.998463,0.996493,0.999713,0.997062,0.945267,0.909940,0.863867,0.895490,0.991456,0.997469,0.997026,0.968518,0.996695,0.970572,0.996948,0.995640,0.987127,0.913835,0.812825,0.734062,0.605234,0.486595,0.980508,0.999377,0.998624,0.997683,0.999064,0.998652,0.995778,0.995684,0.994175,0.993848,0.984700,0.999332,0.999451,0.999358,1.000000,0.997365,0.996136,0.996516,0.940078,0.977859,0.994081,0.994834,0.996132,0.989460,0.996588,0.994631,0.995032,0.995824,0.998279,0.997819,0.997164,0.997245,0.997005,0.990932,0.999193
0.984149,0.987154,0.985480,0.994193,0.982403,0.972148,0.982777,0.982302,0.960125,0.950213,0.995772,0.992742,0.988784,0.996521,0.999105,0.926711,0.889737,0.853520,0.874963,0.995754,0.996593,0.994756,0.955972,0.992275,0.956922,0.991022,0.988564,0.978584,0.894836,0.793512,0.720058,0.605709,0.476971,0.972185,0.997010,0.993972,0.992515,0.995058,0.993324,0.987317,0.987289,0.984686,0.984521,0.972395,0.994973,0.996017,0.994942,0.997365,1.000000,0.989713,0.993372,0.942885,0.980479,0.998770,0.998914,0.999092,0.993199,0.998967,0.997046,0.998723,0.998112,0.997208,0.995923,0.995440,0.995379,0.997041,0.990079,0.995911
0.992160,0.994752,0.989526,0.996163,0.994208,0.992947,0.996589,0.996845,0.986966,0.980301,0.997718,0.996944,0.997557,0.997160,0.991543,0.963664,0.932306,0.887950,0.917968,0.986648,0.993815,0.994815,0.980604,0.996157,0.983207,0.997204,0.997121,0.992978,0.934926,0.838630,0.756813,0.620625,0.492483,0.987693,0.995564,0.996975,0.995504,0.995573,0.997503,0.998085,0.997736,0.997414,0.998180,0.993509,0.997648,0.995404,0.996836,0.996136,0.989713,1.000000,0.998113,0.945329,0.978924,0.986404,0.986685,0.989164,0.986162,0.989572,0.989607,0.986149,0.987968,0.994246,0.996539,0.996253,0.996211,0.994081,0.990083,0.997673
0.990867,0.993061,0.988446,0.995355,0.991570,0.987054,0.992760,0.992529,0.979314,0.972000,0.997478,0.995369,0.994774,0.997360,0.995335,0.953655,0.920648,0.885281,0.905952,0.992412,0.995463,0.995516,0.974893,0.995480,0.976667,0.995376,0.994791,0.989846,0.924169,0.826679,0.747458,0.620147,0.483223,0.984599,0.996552,0.996455,0.994273,0.995057,0.996391,0.994859,0.994531,0.993492,0.994437,0.987513,0.996937,0.995167,0.995942,0.996516,0.993372,0.998113,1.000000,0.952894,0.986418,0.991500,0.991727,0.993609,0.992973,0.993794,0.994924,0.990973,0.992088,0.996383,0.998771,0.998851,0.998791,0.997661,0.993138,0.998330
0.948811,0.942990,0.936869,0.935645,0.944712,0.937721,0.939538,0.934338,0.931970,0.931121,0.943256,0.933915,0.933770,0.943259,0.951594,0.922246,0.902876,0.931211,0.895266,0.963287,0.947925,0.948252,0.945851,0.945725,0.940832,0.940829,0.938336,0.946860,0.902677,0.830562,0.766252,0.690441,0.442570,0.950941,0.937316,0.937087,0.935816,0.933358,0.935106,0.934813,0.934515,0.933457,0.937822,0.934462,0.942540,0.933522,0.935380,0.940078,0.942885,0.945329,0.952894,1.000000,0.971136,0.951603,0.945053,0.945968,0.960113,0.941347,0.947334,0.936726,0.934394,0.938370,0.946336,0.947566,0.946111,0.948024,0.953025,0.942510
0.976701,0.975862,0.971530,0.975220,0.973982,0.962672,0.970263,0.967993,0.952676,0.946847,0.978727,0.973237,0.971337,0.979295,0.985094,0.927185,0.894411,0.889695,0.881311,0.988816,0.982277,0.981393,0.957178,0.978848,0.955582,0.975511,0.974134,0.972108,0.898016,0.802547,0.730737,0.632557,0.452856,0.970016,0.978431,0.976086,0.973385,0.974479,0.974800,0.970936,0.970803,0.968775,0.971308,0.962557,0.977243,0.974428,0.974695,0.977859,0.980479,0.978924,0.986418,0.971136,1.000000,0.982912,0.981614,0.982988,0.994037,0.981893,0.987877,0.978972,0.978564,0.980432,0.985819,0.987209,0.986248,0.986898,0.983196,0.980771
0.981991,0.983532,0.981695,0.989700,0.979090,0.967996,0.978379,0.977046,0.956090,0.946875,0.992643,0.987837,0.983605,0.993418,0.998730,0.924054,0.889147,0.862262,0.874597,0.998023,0.994814,0.992710,0.954147,0.989348,0.954310,0.987130,0.984070,0.975878,0.894299,0.797882,0.728581,0.622150,0.477215,0.970850,0.993272,0.989734,0.987966,0.990370,0.988742,0.982193,0.982135,0.979328,0.979737,0.967853,0.991703,0.991610,0.990616,0.994081,0.998770,0.986404,0.991500,0.951603,0.982912,1.000000,0.998766,0.998457,0.994644,0.997482,0.996275,0.997301,0.995855,0.994169,0.993543,0.993218,0.992985,0.995426,0.989575,0.992664
0.979744,0.982524,0.980802,0.990685,0.977487,0.966931,0.977916,0.977314,0.955184,0.945510,0.993136,0.989065,0.984428,0.993771,0.998281,0.921407,0.885224,0.852528,0.870933,0.996228,0.994969,0.992660,0.951355,0.989584,0.952528,0.987838,0.984727,0.973822,0.891210,0.791831,0.720158,0.606573,0.475140,0.967444,0.995069,0.991163,0.988788,0.991884,0.990233,0.983081,0.982883,0.980025,0.980160,0.967912,0.992398,0.993048,0.991633,0.994834,0.998914,0.986685,0.991727,0.945053,0.981614,0.998766,1.000000,0.999710,0.994781,0.999260,0.997818,0.999011,0.998204,0.996217,0.994785,0.994381,0.994366,0.996765,0.990763,0.993886
0.982511,0.985209,0.983277,0.992566,0.980575,0.970569,0.980976,0.980403,0.959263,0.949996,0.994767,0.991063,0.986894,0.995308,0.998811,0.926503,0.890596,0.856973,0.876392,0.996415,0.996401,0.994454,0.955707,0.991789,0.956822,0.990067,0.987267,0.977051,0.896067,0.796378,0.723194,0.608166,0.475375,0.970919,0.996384,0.992952,0.990764,0.993546,0.992183,0.985729,0.985547,0.982905,0.983133,0.971575,0.994090,0.994483,0.993326,0.996132,0.999092,0.989164,0.993609,0.945968,0.982988,0.998457,0.999710,1.000000,0.995357,0.999565,0.998365,0.998889,0.998391,0.997302,0.996328,0.995976,0.995884,0.997834,0.991685,0.995511
0.980561,0.981585,0.978561,0.985692,0.978078,0.967164,0.976588,0.975144,0.956331,0.948294,0.989112,0.983913,0.980491,0.989687,0.995451,0.926314,0.891613,0.872630,0.877490,0.996824,0.991941,0.990124,0.956224,0.987142,0.956328,0.984503,0.982304,0.975402,0.897052,0.799619,0.727342,0.619385,0.465677,0.970850,0.990236,0.986842,0.983778,0.986026,0.985718,0.979660,0.979492,0.976979,0.978282,0.967504,0.987961,0.986630,0.986037,0.989460,0.993199,0.986162,0.992973,0.960113,0.994037,0.994644,0.994781,0.995357,1.000000,0.994707,0.997692,0.993147,0.992646,0.992372,0.994370,0.994902,0.994521,0.996218,0.991705,0.990992
0.981259,0.984967,0.983100,0.993295,0.980042,0.970552,0.981256,0.981219,0.959109,0.949079,0.995075,0.992070,0.987881,0.995623,0.998207,0.924903,0.887665,0.850011,0.873080,0.994819,0.995682,0.993659,0.953642,0.991301,0.955583,0.990277,0.987886,0.976133,0.893764,0.791398,0.716357,0.595419,0.474548,0.968910,0.997326,0.993904,0.991534,0.994524,0.993278,0.986714,0.986487,0.983872,0.983827,0.971700,0.994371,0.995449,0.994119,0.996588,0.998967,0.989572,0.993794,0.941347,0.981893,0.997482,0.999260,0.999565,0.994707,1.000000,0.998663,0.999335,0.999273,0.998239,0.996884,0.996510,0.996587,0.998272,0.991832,0.996199
0.981252,0.984216,0.981680,0.991247,0.979902,0.970286,0.980461,0.980239,0.959360,0.949967,0.993611,0.990027,0.986307,0.994146,0.997431,0.926398,0.889624,0.857564,0.874926,0.995525,0.994492,0.992549,0.955075,0.990190,0.956822,0.988937,0.986854,0.976487,0.895916,0.794378,0.719250,0.599771,0.470978,0.969792,0.995778,0.992384,0.989330,0.992228,0.991662,0.985362,0.985100,0.982615,0.983090,0.971527,0.992743,0.993014,0.992001,0.994631,0.997046,0.989607,0.994924,0.947334,0.987877,0.996275,0.997818,0.998365,0.997692,0.998663,1.000000,0.997751,0.997850,0.997335,0.997513,0.997526,0.997485,0.998837,0.993051,0.995447
0.977116,0.981294,0.979945,0.991133,0.975630,0.965160,0.976995,0.977174,0.952863,0.942006,0.992841,0.989757,0.984845,0.993644,0.997145,0.916521,0.878174,0.839549,0.863287,0.993580,0.993602,0.991033,0.946607,0.988244,0.948854,0.987332,0.984685,0.971233,0.885163,0.781555,0.707643,0.587088,0.471835,0.963334,0.995808,0.991700,0.989156,0.992759,0.990987,0.983369,0.983172,0.980196,0.979911,0.966478,0.992077,0.993963,0.992158,0.995032,0.998723,0.986149,0.990973,0.936726,0.978972,0.997301,0.999011,0.998889,0.993147,0.999335,0.997751,1.000000,0.999465,0.997087,0.994783,0.994324,0.994467,0.996701,0.989761,0.994092
0.977326,0.982194,0.980548,0.992331,0.976765,0.967644,0.979006,0.979670,0.955993,0.945063,0.993826,0.991416,0.986899,0.994494,0.996506,0.919728,0.881226,0.838916,0.866279,0.992097,0.993473,0.991131,0.948276,0.988920,0.951289,0.988685,0.986472,0.972432,0.888439,0.783656,0.707363,0.580348,0.471655,0.963806,0.997001,0.993322,0.990535,0.994060,0.992810,0.985666,0.985391,0.982658,0.982295,0.969305,0.993179,0.995173,0.993471,0.995824,0.998112,0.987968,0.992088,0.934394,0.978564,0.995855,0.998204,0.998391,0.992646,0.999273,0.997850,0.999465,1.000000,0.998327,0.995861,0.995365,0.995639,0.997402,0.990697,0.995415
0.984175,0.988694,0.986004,0.996224,0.984813,0.978518,0.987459,0.988130,0.968655,0.958861,0.997495,0.995975,0.993188,0.997734,0.996689,0.936286,0.899633,0.854869,0.884766,0.991624,0.995625,0.994436,0.960804,0.993586,0.963908,0.993934,0.992658,0.981387,0.905398,0.802154,0.722551,0.590072,0.478910,0.973433,0.999162,0.997352,0.995000,0.997275,0.997155,0.992584,0.992268,0.990369,0.990221,0.979772,0.997056,0.997869,0.997144,0.998279,0.997208,0.994246,0.996383,0.938370,0.980432,0.994169,0.996217,0.997302,0.992372,0.998239,0.997335,0.997087,0.998327,1.000000,0.998593,0.998149,0.998388,0.998731,0.992901,0.998783
0.988527,0.991615,0.988183,0.996311,0.988896,0.982976,0.990429,0.990611,0.973970,0.965486,0.997932,0.996035,0.994335,0.998033,0.996793,0.944764,0.909578,0.870975,0.894744,0.992982,0.996379,0.995787,0.968318,0.995199,0.970512,0.995035,0.994109,0.986281,0.914115,0.813395,0.734100,0.606388,0.481015,0.979917,0.998411,0.997257,0.994945,0.996584,0.997159,0.994000,0.993669,0.992195,0.992675,0.983846,0.997328,0.996895,0.996943,0.997819,0.995923,0.996539,0.998771,0.946336,0.985819,0.993543,0.994785,0.996328,0.994370,0.996884,0.997513,0.994783,0.995861,0.998593,1.000000,0.999735,0.999633,0.999197,0.993773,0.999122
0.988559,0.991514,0.987937,0.995760,0.988855,0.982511,0.990012,0.990085,0.973331,0.964858,0.997376,0.995378,0.993756,0.997516,0.996564,0.944203,0.908806,0.871764,0.893771,0.993088,0.996043,0.995459,0.968234,0.994785,0.970255,0.994520,0.993679,0.986211,0.913283,0.812112,0.732717,0.606899,0.478295,0.980015,0.997871,0.996721,0.994360,0.995935,0.996530,0.993347,0.993093,0.991585,0.992087,0.983171,0.996645,0.996178,0.996235,0.997164,0.995440,0.996253,0.998851,0.947566,0.987209,0.993218,0.994381,0.995976,0.994902,0.996510,0.997526,0.994324,0.995365,0.998149,0.999735,1.000000,0.999716,0.999258,0.993677,0.998717
0.987736,0.991046,0.987344,0.995757,0.988298,0.982311,0.989894,0.990109,0.973182,0.964449,0.997403,0.995534,0.993852,0.997517,0.996344,0.943728,0.908249,0.869637,0.892914,0.992640,0.995618,0.994966,0.967260,0.994386,0.969563,0.994373,0.993606,0.985587,0.912910,0.811593,0.731786,0.602831,0.479467,0.978952,0.998036,0.996945,0.994439,0.996069,0.996732,0.993471,0.993203,0.991682,0.992086,0.983018,0.996739,0.996356,0.996369,0.997245,0.995379,0.996211,0.998791,0.946111,0.986248,0.992985,0.994366,0.995884,0.994521,0.996587,0.997485,0.994467,0.995639,0.998388,0.999633,0.999716,1.000000,0.999220,0.993851,0.998804
