1.000000,0.301921,0.030624,-0.031625,0.206652,0.241077,0.214550,0.023600,0.188225,-0.066073,-0.074473,0.142893,-0.075881,-0.069127,0.167178,0.043571,0.104587,0.047152,0.157911,0.017856,0.091288,0.104115,0.122439,0.093511,0.058174,0.084771,0.089836,0.131408,0.023526,0.021127,0.087505,0.193771,0.089761,0.472524,0.171711,0.191203,0.021616,-0.029318,0.202426,0.229220,0.201170,0.014575,0.202507,-0.037137,-0.091511,0.183586,-0.081173,-0.071868,0.168673,0.035826,0.045625,0.012397,0.052942,0.026870,0.093617,0.092957,0.133225,0.085437,0.035964,0.066288,0.024775,0.096140,0.105374,0.092655,0.030030,0.150915,0.091004,0.167729
0.301921,1.000000,0.066680,-0.058471,0.386341,0.249361,0.461010,0.201072,0.145526,0.041762,0.007551,0.116207,0.038831,0.034527,0.103574,0.014041,0.059219,0.062907,0.055707,0.038966,0.083373,0.139686,0.073256,0.155774,0.074715,0.069829,0.101191,0.044330,0.110884,0.026905,-0.051061,0.041933,0.002930,0.201318,0.299145,0.430542,0.021585,-0.062249,0.320475,0.288585,0.455620,0.179879,0.168425,0.059010,0.007162,0.143004,0.008625,0.027077,0.105987,0.029644,0.034950,0.035736,-0.003959,0.060983,0.129027,0.141476,0.044748,0.131169,0.051411,0.081425,0.032173,0.023318,0.015733,0.063010,0.011232,0.096655,0.051704,0.326806
0.030624,0.066680,1.000000,0.652672,-0.089176,0.058215,-0.080492,-0.039194,0.080577,-0.146206,-0.070664,0.217242,0.108813,0.039156,0.067928,-0.093779,-0.069525,0.097575,-0.051766,0.124030,0.002466,0.012503,-0.001811,-0.025923,0.029105,-0.084400,-0.081037,-0.053710,0.014494,-0.073951,0.029484,-0.049292,0.044311,-0.094037,0.018006,0.040619,0.840805,0.644961,-0.086442,-0.054245,-0.080491,-0.029947,0.063941,-0.186730,-0.026443,0.108085,0.220264,0.079457,0.070331,-0.121971,-0.038541,0.113426,-0.017549,0.123785,0.050654,0.014022,-0.003797,-0.034106,0.009556,-0.064545,-0.001414,-0.009337,-0.060072,-0.111144,-0.086320,-0.043010,-0.014026,0.000456
-0.031625,-0.058471,0.652672,1.000000,-0.131481,-0.000076,-0.166677,0.060247,0.033281,0.010144,0.058061,0.343239,0.283640,0.112035,-0.017937,-0.113330,-0.110570,-0.000223,-0.094977,0.037677,-0.075109,-0.066142,-0.051700,-0.087169,-0.003796,-0.081425,-0.058904,-0.049406,-0.014726,-0.089636,0.017992,-0.075435,0.052256,-0.155912,-0.012624,-0.005796,0.728073,0.984403,-0.144770,-0.118474,-0.135081,0.085448,0.006632,-0.039501,0.101624,0.227802,0.375776,0.143036,-0.017572,-0.111007,-0.035738,0.029636,-0.043613,0.030430,-0.039654,-0.063582,-0.082615,-0.069525,-0.037822,-0.083001,0.016446,-0.053394,-0.081631,-0.132155,-0.057741,-0.090928,-0.030654,-0.081848
0.206652,0.386341,-0.089176,-0.131481,1.000000,0.308860,0.450889,0.103313,0.182689,0.080845,0.066059,0.122254,-0.068294,0.033246,0.023531,0.193344,0.146272,-0.026536,0.179069,-0.085489,0.084061,0.096668,0.109197,0.137718,0.080530,0.080884,0.171089,0.195817,0.151479,0.287592,0.094706,0.189272,0.007393,0.434784,0.205979,0.193443,-0.113862,-0.142468,0.349449,0.331566,0.402234,0.098528,0.209623,0.109857,0.030764,0.174052,-0.122121,0.008866,0.021890,0.194712,0.043838,-0.060404,0.054344,-0.070985,0.060485,0.092403,0.117938,0.127225,0.037970,0.121095,0.056699,0.094234,0.052148,0.122497,0.001293,0.157348,0.025744,0.235112
0.241077,0.249361,0.058215,-0.000076,0.308860,1.000000,0.544741,0.260774,0.816789,0.062428,-0.033346,0.285192,-0.006046,-0.032587,0.061665,0.122904,0.113302,-0.001765,0.156940,-0.048053,0.015702,0.050226,0.055893,0.057648,0.028159,0.065155,-0.011987,0.033401,0.013044,0.107674,0.088437,0.123973,0.066501,0.263926,0.125399,0.205873,0.046131,0.001788,0.282750,0.737131,0.472344,0.251531,0.836456,0.110819,-0.055962,0.298106,-0.066282,-0.038928,0.064999,0.153978,0.082461,-0.024011,0.042565,-0.036457,0.044131,0.052113,0.057395,0.031111,0.056106,0.008246,0.061690,0.064925,0.153732,0.118216,0.040522,0.058397,-0.001255,0.123044
0.214550,0.461010,-0.080492,-0.166677,0.450889,0.544741,1.000000,0.426457,0.400778,0.150533,0.026456,0.184713,0.082782,0.003355,0.101367,0.105840,0.088365,0.030914,0.036759,-0.002865,0.037533,0.093795,0.039143,0.097625,0.012908,0.061907,0.044087,0.084357,0.008004,0.033243,0.018631,0.077083,0.037911,0.194213,0.180074,0.257511,-0.149752,-0.186750,0.344836,0.539292,0.965351,0.399369,0.452605,0.197184,0.010063,0.186852,-0.024744,-0.008401,0.105563,0.128881,0.027388,0.003610,-0.041559,0.018854,0.075651,0.090045,0.027239,0.035010,0.006663,0.000839,-0.014835,0.039142,0.072633,0.078072,0.052969,0.008518,-0.082832,0.178718
0.023600,0.201072,-0.039194,0.060247,0.103313,0.260774,0.426457,1.000000,0.289140,0.774080,0.612410,0.065072,0.844357,0.537221,0.009037,-0.047190,-0.060566,-0.131702,-0.052048,-0.124920,-0.145124,-0.119664,-0.067684,-0.116817,-0.034261,-0.046766,-0.023118,0.052206,-0.035072,-0.013764,0.014631,0.002051,0.060379,0.002701,0.086079,0.190983,-0.158847,0.008396,0.143820,0.212258,0.536101,0.995780,0.271571,0.765994,0.642925,0.043346,0.695708,0.530859,0.016099,0.008456,-0.031542,-0.134349,-0.070837,-0.109103,-0.115674,-0.122154,-0.097455,-0.082600,-0.045027,-0.073247,0.001992,-0.017009,-0.011101,-0.000256,-0.019138,-0.044403,-0.052976,0.026154
0.188225,0.145526,0.080577,0.033281,0.182689,0.816789,0.400778,0.289140,1.000000,0.108597,0.002427,0.252396,0.047506,-0.002145,0.037261,0.097961,0.059809,-0.010771,0.098439,-0.030799,-0.020857,0.010093,-0.018433,0.017546,-0.008472,0.037989,-0.039691,-0.005072,-0.013605,0.026631,0.080229,0.106048,0.036325,0.171581,0.051525,0.110433,0.079321,0.045619,0.185290,0.665532,0.331163,0.290628,0.986358,0.160058,-0.015262,0.265675,-0.020520,-0.006209,0.039771,0.137758,0.064168,-0.019827,-0.005249,-0.027477,0.010003,0.009379,-0.008823,-0.016447,0.039512,-0.049718,0.060776,0.062567,0.128989,0.118718,0.003097,0.017547,-0.024739,0.053371
-0.066073,0.041762,-0.146206,0.010144,0.080845,0.062428,0.150533,0.774080,0.108597,1.000000,0.874053,-0.041742,0.759327,0.672140,-0.069905,0.053605,-0.010457,-0.250728,-0.004998,-0.250936,-0.178491,-0.174824,-0.043447,-0.131426,-0.008711,-0.019924,0.051666,0.067472,-0.009685,0.039424,0.002935,-0.001600,0.033189,0.020096,0.071282,0.115056,-0.258961,-0.045998,0.083208,0.104597,0.236322,0.796424,0.084032,0.986296,0.864467,-0.035056,0.629792,0.628394,-0.065507,0.132669,-0.007350,-0.261935,-0.037702,-0.232414,-0.200489,-0.175744,-0.073119,-0.055373,-0.042689,-0.003976,0.020966,0.002774,-0.010495,0.037006,0.036102,-0.030628,-0.025754,0.020313
-0.074473,0.007551,-0.070664,0.058061,0.066059,-0.033346,0.026456,0.612410,0.002427,0.874053,1.000000,-0.027155,0.658343,0.876196,-0.149116,0.056194,-0.014839,-0.407659,-0.050790,-0.385054,-0.307299,-0.332143,-0.099516,-0.259659,-0.035856,-0.073118,0.066581,0.048892,-0.010614,0.032524,-0.010207,-0.030069,0.003799,0.002018,0.071352,0.116930,-0.180655,0.006158,0.037129,0.006535,0.107482,0.632754,-0.017382,0.837788,0.980234,-0.038099,0.591764,0.824394,-0.144345,0.133698,-0.043066,-0.409594,-0.070188,-0.353861,-0.360091,-0.331066,-0.146103,-0.127800,-0.057954,0.005283,0.034408,-0.018183,-0.052770,0.013717,0.033094,-0.058450,0.000221,0.011792
0.142893,0.116207,0.217242,0.343239,0.122254,0.285192,0.184713,0.065072,0.252396,-0.041742,-0.027155,1.000000,0.120096,0.010988,0.029625,-0.004457,0.001150,-0.036601,0.011172,-0.055766,-0.032117,-0.033206,-0.013898,-0.039587,-0.041518,-0.002473,-0.071287,0.078178,-0.029003,-0.024952,0.089792,0.036549,0.110434,0.101343,0.118278,0.137407,0.284326,0.349340,0.153680,0.224757,0.168634,0.076977,0.250067,-0.048443,-0.019385,0.856165,0.190938,0.031311,0.030694,0.034883,0.060321,-0.042998,-0.032319,-0.043895,-0.037142,-0.036162,-0.017333,-0.039476,0.030669,-0.081817,0.035198,0.016547,0.005539,0.010542,0.015015,-0.036037,0.012978,0.115269
-0.075881,0.038831,0.108813,0.283640,-0.068294,-0.006046,0.082782,0.844357,0.047506,0.759327,0.658343,0.120096,1.000000,0.633541,-0.047867,-0.131154,-0.120445,-0.172272,-0.121978,-0.138860,-0.212492,-0.205703,-0.111574,-0.207586,-0.042870,-0.103826,-0.059573,0.040026,-0.045555,-0.067238,-0.011430,-0.084984,0.046723,-0.128591,0.022262,0.078564,0.008066,0.221505,-0.009520,-0.074490,0.205623,0.867411,0.005288,0.706594,0.725500,0.052848,0.951748,0.656216,-0.039294,-0.077520,-0.060524,-0.152698,-0.107729,-0.129111,-0.181175,-0.206108,-0.150248,-0.143002,-0.096230,-0.106632,-0.014299,-0.051968,-0.098639,-0.068662,-0.053927,-0.090568,-0.059873,-0.023573
-0.069127,0.034527,0.039156,0.112035,0.033246,-0.032587,0.003355,0.537221,-0.002145,0.672140,0.876196,0.010988,0.633541,1.000000,-0.151359,-0.034859,-0.070352,-0.437937,-0.156652,-0.374179,-0.409095,-0.460083,-0.211787,-0.408595,-0.094932,-0.199052,-0.001951,0.042706,-0.051105,-0.037029,-0.037100,-0.114375,-0.002944,-0.081849,0.061361,0.116127,-0.049598,0.073671,0.014686,-0.054445,0.078668,0.551145,-0.023624,0.620303,0.923219,-0.010299,0.620553,0.987145,-0.140878,0.016780,-0.097679,-0.416219,-0.160113,-0.325869,-0.438658,-0.455049,-0.264275,-0.261387,-0.094212,-0.059697,0.000719,-0.047830,-0.097398,-0.039869,-0.006668,-0.135822,-0.018042,0.040089
0.167178,0.103574,0.067928,-0.017937,0.023531,0.061665,0.101367,0.009037,0.037261,-0.069905,-0.149116,0.029625,-0.047867,-0.151359,1.000000,0.057703,0.086777,0.570567,0.225535,0.545025,0.435174,0.475493,0.197771,0.337932,0.054722,0.292637,-0.033589,0.010384,-0.027559,-0.020636,0.018459,0.111662,0.217827,0.162005,0.010534,0.051461,0.059030,-0.011491,0.063213,0.085086,0.104124,-0.001838,0.043047,-0.058418,-0.149263,0.022848,-0.061048,-0.142084,0.998430,0.000357,0.179283,0.492182,0.177215,0.611726,0.577321,0.484009,0.249945,0.191786,0.095183,0.027061,-0.046747,-0.000233,0.203535,0.144098,0.052072,0.086791,-0.050017,0.157795
0.043571,0.014041,-0.093779,-0.113330,0.193344,0.122904,0.105840,-0.047190,0.097961,0.053605,0.056194,-0.004457,-0.131154,-0.034859,0.057703,1.000000,0.456429,0.215645,0.302756,0.162396,0.220550,0.226597,0.031715,0.226157,0.013542,0.129713,0.088677,0.068315,0.029765,0.188324,0.114543,0.158271,0.022968,0.213783,0.041666,0.009023,-0.103894,-0.112268,0.106357,0.243039,0.061052,-0.049418,0.118637,0.073476,0.010948,0.036730,-0.157467,-0.067237,0.049060,0.798226,0.210885,0.229760,0.220751,0.160785,0.194243,0.226726,0.082876,0.187322,0.086724,0.063098,0.069970,0.063763,0.157231,0.193938,0.067454,0.111301,0.062125,0.086621
0.104587,0.059219,-0.069525,-0.110570,0.146272,0.113302,0.088365,-0.060566,0.059809,-0.010457,-0.014839,0.001150,-0.120445,-0.070352,0.086777,0.456429,1.000000,0.095611,0.260186,0.042195,0.152659,0.163512,0.101040,0.174862,0.069238,0.149578,0.073918,0.097681,0.072861,0.258459,0.216131,0.247610,-0.001084,0.287219,0.061034,0.000474,-0.081946,-0.108296,0.076544,0.153569,0.063148,-0.063483,0.076420,-0.000499,-0.049424,-0.004349,-0.137183,-0.090737,0.083475,0.370846,0.062654,0.073894,0.117787,0.040188,0.132950,0.166405,0.106900,0.158941,0.074950,0.093323,0.052988,0.065650,0.086144,0.164366,-0.000549,0.143035,0.064778,0.105401
0.047152,0.062907,0.097575,-0.000223,-0.026536,-0.001765,0.030914,-0.131702,-0.010771,-0.250728,-0.407659,-0.036601,-0.172272,-0.437937,0.570567,0.215645,0.095611,1.000000,0.429032,0.948011,0.790639,0.851056,0.298520,0.705067,0.062496,0.301456,-0.018692,-0.002296,0.040600,0.046592,-0.010963,0.211986,0.122255,0.036294,-0.001383,0.001064,0.129501,0.019764,-0.014785,0.004759,0.015546,-0.148132,-0.005786,-0.234953,-0.397041,-0.009719,-0.160223,-0.415255,0.555885,0.047907,0.246219,0.967572,0.278694,0.953569,0.915351,0.855516,0.409193,0.462494,0.195769,0.076178,0.124161,0.157078,0.135674,0.052149,-0.039667,0.205720,0.032947,0.112341
0.157911,0.055707,-0.051766,-0.094977,0.179069,0.156940,0.036759,-0.052048,0.098439,-0.004998,-0.050790,0.011172,-0.121978,-0.156652,0.225535,0.302756,0.260186,0.429032,1.000000,0.290508,0.500190,0.532936,0.371368,0.572872,0.167452,0.321395,0.099522,0.058044,0.223186,0.440099,0.119155,0.360674,0.091545,0.368867,0.038429,0.023386,-0.031388,-0.088911,0.078408,0.175002,0.011719,-0.059235,0.113626,0.010173,-0.090701,0.058899,-0.128871,-0.180213,0.218204,0.229390,0.318813,0.363396,0.420071,0.300515,0.473325,0.527951,0.418221,0.509177,0.193928,0.255450,0.234963,0.158559,0.279065,0.246452,0.080994,0.302288,0.088575,0.114961
0.017856,0.038966,0.124030,0.037677,-0.085489,-0.048053,-0.002865,-0.124920,-0.030799,-0.250936,-0.385054,-0.055766,-0.138860,-0.374179,0.545025,0.162396,0.042195,0.948011,0.290508,1.000000,0.691628,0.730948,0.174091,0.564492,0.001907,0.238790,-0.061184,-0.036583,-0.027390,-0.027043,-0.050262,0.120061,0.091534,-0.056235,-0.003455,0.016260,0.155117,0.060340,-0.030977,-0.058440,-0.008688,-0.141522,-0.027645,-0.242906,-0.359295,-0.034119,-0.115554,-0.340902,0.528963,-0.011176,0.168211,0.966491,0.187443,0.972449,0.836864,0.738133,0.269499,0.351694,0.125665,0.027300,0.087049,0.132494,0.063375,-0.031849,-0.102062,0.103272,0.018733,0.084986
0.091288,0.083373,0.002466,-0.075109,0.084061,0.015702,0.037533,-0.145124,-0.020857,-0.178491,-0.307299,-0.032117,-0.212492,-0.409095,0.435174,0.220550,0.152659,0.790639,0.500190,0.691628,1.000000,0.893045,0.451615,0.793014,0.096195,0.386589,0.087761,0.050842,0.070844,0.161391,0.017457,0.249606,0.056372,0.165767,0.011665,0.037500,0.014821,-0.067240,0.058259,0.053981,0.016574,-0.158499,-0.004777,-0.153277,-0.334958,-0.004050,-0.216980,-0.416296,0.417560,0.090799,0.225321,0.720348,0.312552,0.705359,0.863024,0.885155,0.597927,0.554340,0.227328,0.181028,0.185963,0.191850,0.148540,0.129907,0.004566,0.296612,0.039883,0.145656
0.104115,0.139686,0.012503,-0.066142,0.096668,0.050226,0.093795,-0.119664,0.010093,-0.174824,-0.332143,-0.033206,-0.205703,-0.460083,0.475493,0.226597,0.163512,0.851056,0.532936,0.730948,0.893045,1.000000,0.490244,0.926026,0.167635,0.433645,0.140645,0.049961,0.123188,0.174491,0.007904,0.282266,0.073215,0.157098,0.032613,0.053046,0.029687,-0.056039,0.057087,0.095102,0.065046,-0.132796,0.024802,-0.145791,-0.363716,-0.009756,-0.219043,-0.467663,0.460492,0.106329,0.279855,0.765799,0.336919,0.754153,0.951572,0.993547,0.590860,0.698283,0.266509,0.217614,0.216240,0.229637,0.148047,0.134249,0.003309,0.347353,0.074135,0.164806
0.122439,0.073256,-0.001811,-0.051700,0.109197,0.055893,0.039143,-0.067684,-0.018433,-0.043447,-0.099516,-0.013898,-0.111574,-0.211787,0.197771,0.031715,0.101040,0.298520,0.371368,0.174091,0.451615,0.490244,1.000000,0.464329,0.576591,0.306086,0.152595,0.078854,0.358945,0.176603,0.078955,0.290540,0.070131,0.146342,0.039970,0.040966,0.002336,-0.056818,0.040119,0.082971,0.021069,-0.070495,-0.013185,-0.024224,-0.140648,-0.026946,-0.123890,-0.228394,0.192878,0.028127,0.078835,0.192810,0.067104,0.196503,0.402409,0.476092,0.844151,0.322779,0.282584,0.125908,0.088493,0.127002,0.000587,0.016267,-0.003588,0.201753,0.074467,0.102873
0.093511,0.155774,-0.025923,-0.087169,0.137718,0.057648,0.097625,-0.116817,0.017546,-0.131426,-0.259659,-0.039587,-0.207586,-0.408595,0.337932,0.226157,0.174862,0.705067,0.572872,0.564492,0.793014,0.926026,0.464329,1.000000,0.163609,0.460146,0.236214,0.087464,0.173432,0.239597,0.008842,0.300959,0.061554,0.203272,0.046983,0.047308,-0.009874,-0.081286,0.053191,0.114727,0.065433,-0.125769,0.030770,-0.101660,-0.305090,-0.014410,-0.232267,-0.429959,0.323575,0.144304,0.309787,0.618501,0.412163,0.583856,0.834036,0.926968,0.563044,0.836294,0.271308,0.318244,0.318932,0.295989,0.166714,0.180007,0.022644,0.425024,0.107516,0.147893
0.058174,0.074715,0.029105,-0.003796,0.080530,0.028159,0.012908,-0.034261,-0.008472,-0.008711,-0.035856,-0.041518,-0.042870,-0.094932,0.054722,0.013542,0.069238,0.062496,0.167452,0.001907,0.096195,0.167635,0.576591,0.163609,1.000000,0.156854,0.147290,0.059008,0.585730,0.095330,0.040928,0.106125,0.077004,0.063120,0.023029,0.015628,0.031044,-0.006772,0.018189,0.036425,-0.004282,-0.035998,-0.007777,-0.002253,-0.060216,-0.039686,-0.041374,-0.101032,0.056635,0.064071,0.029319,0.006735,-0.023995,0.015196,0.123697,0.167776,0.327225,0.079122,0.148422,0.047227,0.008183,0.077756,-0.027774,-0.074768,-0.000591,0.057318,0.006555,0.073361
0.084771,0.069829,-0.084400,-0.081425,0.080884,0.065155,0.061907,-0.046766,0.037989,-0.019924,-0.073118,-0.002473,-0.103826,-0.199052,0.292637,0.129713,0.149578,0.301456,0.321395,0.238790,0.386589,0.433645,0.306086,0.460146,0.156854,1.000000,0.378425,0.093676,0.117528,0.107989,0.079526,0.183715,0.062260,0.184579,0.003152,0.036698,-0.077026,-0.085621,0.061069,0.119245,0.040979,-0.049185,0.050778,-0.001059,-0.117270,0.012087,-0.133916,-0.220331,0.280271,0.088703,0.223926,0.242601,0.150514,0.241544,0.404582,0.436714,0.310410,0.345363,0.100226,0.179084,0.132471,0.078285,0.085864,0.088488,0.030200,0.167190,0.023179,0.058290
0.089836,0.101191,-0.081037,-0.058904,0.171089,-0.011987,0.044087,-0.023118,-0.039691,0.051666,0.066581,-0.071287,-0.059573,-0.001951,-0.033589,0.088677,0.073918,-0.018692,0.099522,-0.061184,0.087761,0.140645,0.152595,0.236214,0.147290,0.378425,1.000000,0.374671,0.090803,0.142053,0.042192,0.110013,-0.016509,0.172471,0.077689,0.068507,-0.100723,-0.067701,0.059450,-0.013474,0.031065,-0.018249,-0.047988,0.064572,0.031926,-0.062339,-0.101419,-0.023635,-0.039929,0.123728,0.081155,-0.046614,0.065792,-0.051654,0.063427,0.143461,0.120328,0.274656,0.025709,0.183649,0.153692,0.083195,-0.011083,-0.019794,0.034878,0.165503,0.075487,0.041479
0.131408,0.044330,-0.053710,-0.049406,0.195817,0.033401,0.084357,0.052206,-0.005072,0.067472,0.048892,0.078178,0.040026,0.042706,0.010384,0.068315,0.097681,-0.002296,0.058044,-0.036583,0.050842,0.049961,0.078854,0.087464,0.059008,0.093676,0.374671,1.000000,0.029108,0.083367,0.091012,0.109180,0.105684,0.177058,0.078069,0.090943,-0.064812,-0.052701,0.092033,0.037519,0.070057,0.055588,-0.010284,0.065736,0.046508,0.064005,0.022070,0.040342,0.005950,0.086165,-0.017257,-0.022524,-0.010963,-0.024028,0.035785,0.051636,0.057184,0.065115,0.051338,-0.012309,0.024433,0.071573,-0.025526,0.056420,0.076836,0.098554,-0.058363,0.125742
0.023526,0.110884,0.014494,-0.014726,0.151479,0.013044,0.008004,-0.035072,-0.013605,-0.009685,-0.010614,-0.029003,-0.045555,-0.051105,-0.027559,0.029765,0.072861,0.040600,0.223186,-0.027390,0.070844,0.123188,0.358945,0.173432,0.585730,0.117528,0.090803,0.029108,1.000000,0.304434,0.098882,0.152162,0.068503,0.143828,0.018077,-0.001302,0.006838,-0.014520,0.027795,0.027891,-0.014293,-0.032989,-0.012207,-0.004612,-0.030481,-0.000614,-0.039103,-0.057489,-0.026830,0.024669,0.015961,0.008941,0.029842,-0.021274,0.076204,0.121289,0.201106,0.125660,0.100877,0.026922,0.022679,0.064172,0.009238,-0.038340,-0.054443,0.108549,0.047533,0.031644
0.021127,0.026905,-0.073951,-0.089636,0.287592,0.107674,0.033243,-0.013764,0.026631,0.039424,0.032524,-0.024952,-0.067238,-0.037029,-0.020636,0.188324,0.258459,0.046592,0.440099,-0.027043,0.161391,0.174491,0.176603,0.239597,0.095330,0.107989,0.142053,0.083367,0.304434,1.000000,0.280199,0.300038,0.005213,0.355523,0.009404,0.042088,-0.066696,-0.087948,0.047471,0.082344,0.018743,-0.012523,0.042648,0.045888,0.000891,-0.013641,-0.093614,-0.056901,-0.026066,0.139960,0.115130,0.016844,0.207300,-0.034139,0.115671,0.176912,0.209473,0.268215,0.085472,0.182762,0.148481,0.119098,0.181668,0.138513,0.044842,0.217903,0.077347,0.024638
0.087505,-0.051061,0.029484,0.017992,0.094706,0.088437,0.018631,0.014631,0.080229,0.002935,-0.010207,0.089792,-0.011430,-0.037100,0.018459,0.114543,0.216131,-0.010963,0.119155,-0.050262,0.017457,0.007904,0.078955,0.008842,0.040928,0.079526,0.042192,0.091012,0.098882,0.280199,1.000000,0.226592,0.090980,0.186903,0.011264,0.054699,0.014438,0.015615,0.034478,0.055746,0.021382,0.015487,0.083093,0.001720,-0.025981,0.058567,-0.028252,-0.038174,0.017309,0.112887,0.027024,-0.021881,0.021362,-0.050331,-0.010370,0.004625,0.063414,0.032741,-0.022184,-0.018710,0.023653,0.022705,0.007441,-0.008782,-0.025998,0.053153,0.034770,-0.000670
0.193771,0.041933,-0.049292,-0.075435,0.189272,0.123973,0.077083,0.002051,0.106048,-0.001600,-0.030069,0.036549,-0.084984,-0.114375,0.111662,0.158271,0.247610,0.211986,0.360674,0.120061,0.249606,0.282266,0.290540,0.300959,0.106125,0.183715,0.110013,0.109180,0.152162,0.300038,0.226592,1.000000,0.135522,0.340993,0.049096,0.083915,-0.034898,-0.075401,0.079967,0.128487,0.055742,-0.000382,0.106629,0.010857,-0.068999,0.049843,-0.107972,-0.133127,0.107502,0.142184,0.096453,0.158704,0.103151,0.132276,0.247369,0.278153,0.288314,0.242622,0.162525,0.087610,0.134011,0.180979,0.106642,0.091511,-0.067083,0.169992,0.063198,0.088690
0.089761,0.002930,0.044311,0.052256,0.007393,0.066501,0.037911,0.060379,0.036325,0.033189,0.003799,0.110434,0.046723,-0.002944,0.217827,0.022968,-0.001084,0.122255,0.091545,0.091534,0.056372,0.073215,0.070131,0.061554,0.077004,0.062260,-0.016509,0.105684,0.068503,0.005213,0.090980,0.135522,1.000000,0.145908,0.080893,0.045848,0.045200,0.053168,0.095701,0.070612,0.041296,0.061383,0.023093,0.032945,0.007710,0.101632,0.043805,-0.006073,0.218157,0.000050,0.120138,0.103565,0.121502,0.104803,0.084072,0.078552,0.080807,0.037819,0.058458,-0.016314,0.086179,0.105654,0.097491,0.041432,0.012347,0.065480,0.012270,0.085054
0.472524,0.201318,-0.094037,-0.155912,0.434784,0.263926,0.194213,0.002701,0.171581,0.020096,0.002018,0.101343,-0.128591,-0.081849,0.162005,0.213783,0.287219,0.036294,0.368867,-0.056235,0.165767,0.157098,0.146342,0.203272,0.063120,0.184579,0.172471,0.177058,0.143828,0.355523,0.186903,0.340993,0.145908,1.000000,0.120722,0.133514,-0.114783,-0.160205,0.201550,0.261979,0.152068,-0.000024,0.194159,0.045344,-0.048066,0.161535,-0.165153,-0.107412,0.158698,0.205007,0.126896,-0.017111,0.230893,-0.047294,0.121698,0.156140,0.216701,0.207119,0.095948,0.169473,0.024742,0.057145,0.187267,0.184131,0.037533,0.206065,0.121505,0.122354
0.171711,0.299145,0.018006,-0.012624,0.205979,0.125399,0.180074,0.086079,0.051525,0.071282,0.071352,0.118278,0.022262,0.061361,0.010534,0.041666,0.061034,-0.001383,0.038429,-0.003455,0.011665,0.032613,0.039970,0.046983,0.023029,0.003152,0.077689,0.078069,0.018077,0.009404,0.011264,0.049096,0.080893,0.120722,1.000000,0.615304,-0.026617,-0.023192,0.463710,0.185840,0.181847,0.078294,0.064731,0.092126,0.053457,0.137344,-0.003105,0.051339,0.009530,0.072687,0.057271,-0.012278,-0.050574,0.007219,0.034240,0.027545,0.015686,0.060010,0.013420,0.047303,0.038540,0.084735,-0.028577,0.031810,-0.005119,0.061727,0.079905,0.545209
0.191203,0.430542,0.040619,-0.005796,0.193443,0.205873,0.257511,0.190983,0.110433,0.115056,0.116930,0.137407,0.078564,0.116127,0.051461,0.009023,0.000474,0.001064,0.023386,0.016260,0.037500,0.053046,0.040966,0.047308,0.015628,0.036698,0.068507,0.090943,-0.001302,0.042088,0.054699,0.083915,0.045848,0.133514,0.615304,1.000000,-0.025147,-0.025147,0.479259,0.256536,0.279089,0.177387,0.132070,0.125036,0.104998,0.147104,0.052253,0.106768,0.050704,0.028034,-0.002221,-0.003004,-0.063856,0.018812,0.053572,0.052259,0.013893,0.039305,0.030444,0.032479,-0.002496,0.046483,-0.006259,0.057482,0.032723,0.052530,0.069379,0.440426
0.021616,0.021585,0.840805,0.728073,-0.113862,0.046131,-0.149752,-0.158847,0.079321,-0.258961,-0.180655,0.284326,0.008066,-0.049598,0.059030,-0.103894,-0.081946,0.129501,-0.031388,0.155117,0.014821,0.029687,0.002336,-0.009874,0.031044,-0.077026,-0.100723,-0.064812,0.006838,-0.066696,0.014438,-0.034898,0.045200,-0.114783,-0.026617,-0.025147,1.000000,0.741058,-0.123643,-0.075302,-0.166728,-0.149065,0.059299,-0.296826,-0.132921,0.176415,0.132353,-0.005569,0.059775,-0.128714,-0.018169,0.151014,-0.020779,0.152771,0.070162,0.030633,-0.005244,-0.029025,-0.007755,-0.078354,0.015009,-0.015936,-0.070431,-0.129103,-0.074463,-0.057402,-0.026028,-0.013060
-0.029318,-0.062249,0.644961,0.984403,-0.142468,0.001788,-0.186750,0.008396,0.045619,-0.045998,0.006158,0.349340,0.221505,0.073671,-0.011491,-0.112268,-0.108296,0.019764,-0.088911,0.060340,-0.067240,-0.056039,-0.056818,-0.081286,-0.006772,-0.085621,-0.067701,-0.052701,-0.014520,-0.087948,0.015615,-0.075401,0.053168,-0.160205,-0.023192,-0.025147,0.741058,1.000000,-0.148217,-0.116026,-0.168485,0.030908,0.019698,-0.091275,0.050118,0.249063,0.316962,0.105409,-0.011635,-0.115578,-0.032262,0.051727,-0.037323,0.052067,-0.025878,-0.052933,-0.084739,-0.069302,-0.030775,-0.083839,0.016142,-0.047661,-0.080709,-0.130814,-0.057584,-0.092448,-0.030669,-0.082960
0.202426,0.320475,-0.086442,-0.144770,0.349449,0.282750,0.344836,0.143820,0.185290,0.083208,0.037129,0.153680,-0.009520,0.014686,0.063213,0.106357,0.076544,-0.014785,0.078408,-0.030977,0.058259,0.057087,0.040119,0.053191,0.018189,0.061069,0.059450,0.092033,0.027795,0.047471,0.034478,0.079967,0.095701,0.201550,0.463710,0.479259,-0.123643,-0.148217,1.000000,0.450528,0.333216,0.127745,0.204992,0.109245,0.017624,0.187411,-0.055615,0.001235,0.065042,0.126312,0.089100,-0.037041,0.024345,-0.022417,0.053315,0.055197,0.019116,0.029958,0.044643,0.022898,-0.018860,0.023206,0.050256,0.168673,0.083004,0.088043,0.046177,0.539659
0.229220,0.288585,-0.054245,-0.118474,0.331566,0.737131,0.539292,0.212258,0.665532,0.104597,0.006535,0.224757,-0.074490,-0.054445,0.085086,0.243039,0.153569,0.004759,0.175002,-0.058440,0.053981,0.095102,0.082971,0.114727,0.036425,0.119245,-0.013474,0.037519,0.027891,0.082344,0.055746,0.128487,0.070612,0.261979,0.185840,0.256536,-0.075302,-0.116026,0.450528,1.000000,0.467692,0.198897,0.709156,0.165553,-0.038730,0.260282,-0.151154,-0.079282,0.087258,0.274602,0.151424,-0.029203,0.076254,-0.047882,0.058492,0.094316,0.086270,0.075176,0.096449,0.025464,0.014848,0.049091,0.191267,0.246103,0.134541,0.088838,-0.027267,0.241755
0.201170,0.455620,-0.080491,-0.135081,0.402234,0.472344,0.965351,0.536101,0.331163,0.236322,0.107482,0.168634,0.205623,0.078668,0.104124,0.061052,0.063148,0.015546,0.011719,-0.008688,0.016574,0.065046,0.021069,0.065433,-0.004282,0.040979,0.031065,0.070057,-0.014293,0.018743,0.021382,0.055742,0.041296,0.152068,0.181847,0.279089,-0.166728,-0.168485,0.333216,0.467692,1.000000,0.505632,0.375014,0.273715,0.098908,0.152387,0.087355,0.067931,0.108576,0.097368,0.011847,-0.008707,-0.050196,0.012278,0.052155,0.060980,0.003826,0.009607,-0.006542,-0.014125,-0.028204,0.016338,0.066338,0.058365,0.049138,-0.014759,-0.070134,0.164438
0.014575,0.179879,-0.029947,0.085448,0.098528,0.251531,0.399369,0.995780,0.290628,0.796424,0.632754,0.076977,0.867411,0.551145,-0.001838,-0.049418,-0.063483,-0.148132,-0.059235,-0.141522,-0.158499,-0.132796,-0.070495,-0.125769,-0.035998,-0.049185,-0.018249,0.055588,-0.032989,-0.012523,0.015487,-0.000382,0.061383,-0.000024,0.078294,0.177387,-0.149065,0.030908,0.127745,0.198897,0.505632,1.000000,0.268373,0.786471,0.663486,0.049755,0.722784,0.545114,0.005470,0.010510,-0.032208,-0.149723,-0.072645,-0.126284,-0.130659,-0.135058,-0.099997,-0.085485,-0.049139,-0.076119,0.002287,-0.015187,-0.015163,0.000187,-0.019816,-0.046740,-0.053871,0.015257
0.202507,0.168425,0.063941,0.006632,0.209623,0.836456,0.452605,0.271571,0.986358,0.084032,-0.017382,0.250067,0.005288,-0.023624,0.043047,0.118637,0.076420,-0.005786,0.113626,-0.027645,-0.004777,0.024802,-0.013185,0.030770,-0.007777,0.050778,-0.047988,-0.010284,-0.012207,0.042648,0.083093,0.106629,0.023093,0.194159,0.064731,0.132070,0.059299,0.019698,0.204992,0.709156,0.375014,0.268373,1.000000,0.138733,-0.039699,0.268047,-0.063158,-0.029743,0.045518,0.155393,0.074344,-0.018345,0.005717,-0.022205,0.021286,0.023909,0.000136,-0.003180,0.042249,-0.033772,0.060466,0.060624,0.148202,0.128433,0.019207,0.022643,-0.019158,0.070272
-0.037137,0.059010,-0.186730,-0.039501,0.109857,0.110819,0.197184,0.765994,0.160058,0.986296,0.837788,-0.048443,0.706594,0.620303,-0.058418,0.073476,-0.000499,-0.234953,0.010173,-0.242906,-0.153277,-0.145791,-0.024224,-0.101660,-0.002253,-0.001059,0.064572,0.065736,-0.004612,0.045888,0.001720,0.010857,0.032945,0.045344,0.092126,0.125036,-0.296826,-0.091275,0.109245,0.165553,0.273715,0.786471,0.138733,1.000000,0.815978,-0.030142,0.560412,0.572234,-0.054513,0.152150,0.003177,-0.251839,-0.027584,-0.223399,-0.176356,-0.147390,-0.049597,-0.034393,-0.028827,-0.001152,0.022575,0.011037,0.008880,0.052394,0.040142,-0.020415,-0.022217,0.035364
-0.091511,0.007162,-0.026443,0.101624,0.030764,-0.055962,0.010063,0.642925,-0.015262,0.864467,0.980234,-0.019385,0.725500,0.923219,-0.149263,0.010948,-0.049424,-0.397041,-0.090701,-0.359295,-0.334958,-0.363716,-0.140648,-0.305090,-0.060216,-0.117270,0.031926,0.046508,-0.030481,0.000891,-0.025981,-0.068999,0.007710,-0.048066,0.053457,0.104998,-0.132921,0.050118,0.017624,-0.038730,0.098908,0.663486,-0.039699,0.815978,1.000000,-0.037084,0.674013,0.887679,-0.142334,0.077048,-0.059567,-0.388163,-0.099465,-0.326318,-0.371509,-0.361947,-0.186134,-0.172685,-0.072960,-0.022900,0.017456,-0.033286,-0.074347,-0.011291,0.013868,-0.087450,-0.015402,0.003965
0.183586,0.143004,0.108085,0.227802,0.174052,0.298106,0.186852,0.043346,0.265675,-0.035056,-0.038099,0.856165,0.052848,-0.010299,0.022848,0.036730,-0.004349,-0.009719,0.058899,-0.034119,-0.004050,-0.009756,-0.026946,-0.014410,-0.039686,0.012087,-0.062339,0.064005,-0.000614,-0.013641,0.058567,0.049843,0.101632,0.161535,0.137344,0.147104,0.176415,0.249063,0.187411,0.260282,0.152387,0.049755,0.268047,-0.030142,-0.037084,1.000000,0.109135,0.002360,0.022937,0.052077,0.089024,-0.017860,0.022094,-0.025861,-0.009285,-0.011165,-0.018958,-0.026297,0.019226,-0.042651,0.034961,0.026274,0.010023,0.020122,0.019983,-0.006910,0.004167,0.123320
-0.081173,0.008625,0.220264,0.375776,-0.122121,-0.066282,-0.024744,0.695708,-0.020520,0.629792,0.591764,0.190938,0.951748,0.620553,-0.061048,-0.157467,-0.137183,-0.160223,-0.128871,-0.115554,-0.216980,-0.219043,-0.123890,-0.232267,-0.041374,-0.133916,-0.101419,0.022070,-0.039103,-0.093614,-0.028252,-0.107972,0.043805,-0.165153,-0.003105,0.052253,0.132353,0.316962,-0.055615,-0.151154,0.087355,0.722784,-0.063158,0.560412,0.674013,0.109135,1.000000,0.660733,-0.052199,-0.113073,-0.068533,-0.130512,-0.112406,-0.108247,-0.183371,-0.218204,-0.163586,-0.167652,-0.109425,-0.114506,-0.019450,-0.070097,-0.123715,-0.088202,-0.061759,-0.111353,-0.062448,-0.025171
-0.071868,0.027077,0.079457,0.143036,0.008866,-0.038928,-0.008401,0.530859,-0.006209,0.628394,0.824394,0.031311,0.656216,0.987145,-0.142084,-0.067237,-0.090737,-0.415255,-0.180213,-0.340902,-0.416296,-0.467663,-0.228394,-0.429959,-0.101032,-0.220331,-0.023635,0.040342,-0.057489,-0.056901,-0.038174,-0.133127,-0.006073,-0.107412,0.051339,0.106768,-0.005569,0.105409,0.001235,-0.079282,0.067931,0.545114,-0.029743,0.572234,0.887679,0.002360,0.660733,1.000000,-0.130414,-0.025076,-0.113457,-0.385573,-0.183252,-0.293441,-0.429845,-0.461785,-0.281168,-0.288853,-0.106069,-0.085544,-0.016056,-0.059894,-0.112575,-0.057864,-0.017151,-0.160571,-0.030193,0.038794
0.168673,0.105987,0.070331,-0.017572,0.021890,0.064999,0.105563,0.016099,0.039771,-0.065507,-0.144345,0.030694,-0.039294,-0.140878,0.998430,0.049060,0.083475,0.555885,0.218204,0.528963,0.417560,0.460492,0.192878,0.323575,0.056635,0.280271,-0.039929,0.005950,-0.026830,-0.026066,0.017309,0.107502,0.218157,0.158698,0.009530,0.050704,0.059775,-0.011635,0.065042,0.087258,0.108576,0.005470,0.045518,-0.054513,-0.142334,0.022937,-0.052199,-0.130414,1.000000,-0.002785,0.174227,0.477040,0.173194,0.597295,0.561670,0.468864,0.243069,0.183312,0.092208,0.027010,-0.049099,-0.007174,0.199486,0.143774,0.054688,0.082628,-0.050136,0.156834
0.035826,0.029644,-0.121971,-0.111007,0.194712,0.153978,0.128881,0.008456,0.137758,0.132669,0.133698,0.034883,-0.077520,0.016780,0.000357,0.798226,0.370846,0.047907,0.229390,-0.011176,0.090799,0.106329,0.028127,0.144304,0.064071,0.088703,0.123728,0.086165,0.024669,0.139960,0.112887,0.142184,0.000050,0.205007,0.072687,0.028034,-0.128714,-0.115578,0.126312,0.274602,0.097368,0.010510,0.155393,0.152150,0.077048,0.052077,-0.113073,-0.025076,-0.002785,1.000000,0.292205,0.043657,0.222274,-0.002946,0.053605,0.103868,0.054915,0.145823,0.089458,0.097240,0.101086,0.069889,0.165967,0.218321,0.117118,0.131598,0.019164,0.123864
0.045625,0.034950,-0.038541,-0.035738,0.043838,0.082461,0.027388,-0.031542,0.064168,-0.007350,-0.043066,0.060321,-0.060524,-0.097679,0.179283,0.210885,0.062654,0.246219,0.318813,0.168211,0.225321,0.279855,0.078835,0.309787,0.029319,0.223926,0.081155,-0.017257,0.015961,0.115130,0.027024,0.096453,0.120138,0.126896,0.057271,-0.002221,-0.018169,-0.032262,0.089100,0.151424,0.011847,-0.032208,0.074344,0.003177,-0.059567,0.089024,-0.068533,-0.113457,0.174227,0.292205,1.000000,0.227348,0.526155,0.178672,0.267154,0.281745,0.126784,0.294065,0.143125,0.157964,0.267077,0.208558,0.373870,0.384960,0.354363,0.406975,0.001146,0.110011
0.012397,0.035736,0.113426,0.029636,-0.060404,-0.024011,0.003610,-0.134349,-0.019827,-0.261935,-0.409594,-0.042998,-0.152698,-0.416219,0.492182,0.229760,0.073894,0.967572,0.363396,0.966491,0.720348,0.765799,0.192810,0.618501,0.006735,0.242601,-0.046614,-0.022524,0.008941,0.016844,-0.021881,0.158704,0.103565,-0.017111,-0.012278,-0.003004,0.151014,0.051727,-0.037041,-0.029203,-0.008707,-0.149723,-0.018345,-0.251839,-0.388163,-0.017860,-0.130512,-0.385573,0.477040,0.043657,0.227348,1.000000,0.282647,0.934190,0.847139,0.771822,0.298087,0.403847,0.153797,0.057661,0.114413,0.146302,0.101294,0.011707,-0.070568,0.164629,0.032695,0.079317
0.052942,-0.003959,-0.017549,-0.043613,0.054344,0.042565,-0.041559,-0.070837,-0.005249,-0.037702,-0.070188,-0.032319,-0.107729,-0.160113,0.177215,0.220751,0.117787,0.278694,0.420071,0.187443,0.312552,0.336919,0.067104,0.412163,-0.023995,0.150514,0.065792,-0.010963,0.029842,0.207300,0.021362,0.103151,0.121502,0.230893,-0.050574,-0.063856,-0.020779,-0.037323,0.024345,0.076254,-0.050196,-0.072645,0.005717,-0.027584,-0.099465,0.022094,-0.112406,-0.183252,0.173194,0.222274,0.526155,0.282647,1.000000,0.179041,0.281025,0.330752,0.247394,0.443373,0.215135,0.255719,0.230952,0.165263,0.498881,0.446055,0.282017,0.485020,0.089192,0.013413
0.026870,0.060983,0.123785,0.030430,-0.070985,-0.036457,0.018854,-0.109103,-0.027477,-0.232414,-0.353861,-0.043895,-0.129111,-0.325869,0.611726,0.160785,0.040188,0.953569,0.300515,0.972449,0.705359,0.754153,0.196503,0.583856,0.015196,0.241544,-0.051654,-0.024028,-0.021274,-0.034139,-0.050331,0.132276,0.104803,-0.047294,0.007219,0.018812,0.152771,0.052067,-0.022417,-0.047882,0.012278,-0.126284,-0.022205,-0.223399,-0.326318,-0.025861,-0.108247,-0.293441,0.597295,-0.002946,0.178672,0.934190,0.179041,1.000000,0.857615,0.762196,0.290131,0.361733,0.135689,0.039865,0.090793,0.126713,0.085563,-0.006947,-0.076720,0.113155,0.014809,0.117132
0.093617,0.129027,0.050654,-0.039654,0.060485,0.044131,0.075651,-0.115674,0.010003,-0.200489,-0.360091,-0.037142,-0.181175,-0.438658,0.577321,0.194243,0.132950,0.915351,0.473325,0.836864,0.863024,0.951572,0.402409,0.834036,0.123697,0.404582,0.063427,0.035785,0.076204,0.115671,-0.010370,0.247369,0.084072,0.121698,0.034240,0.053572,0.070162,-0.025878,0.053315,0.058492,0.052155,-0.130659,0.021286,-0.176356,-0.371509,-0.009285,-0.183371,-0.429845,0.561670,0.053605,0.267154,0.847139,0.281025,0.857615,1.000000,0.955862,0.494630,0.575529,0.225030,0.144261,0.157036,0.183591,0.140429,0.106464,-0.010549,0.287773,0.054568,0.173159
0.092957,0.141476,0.014022,-0.063582,0.092403,0.052113,0.090045,-0.122154,0.009379,-0.175744,-0.331066,-0.036162,-0.206108,-0.455049,0.484009,0.226726,0.166405,0.855516,0.527951,0.738133,0.885155,0.993547,0.476092,0.926968,0.167776,0.436714,0.143461,0.051636,0.121289,0.176912,0.004625,0.278153,0.078552,0.156140,0.027545,0.052259,0.030633,-0.052933,0.055197,0.094316,0.060980,-0.135058,0.023909,-0.147390,-0.361947,-0.011165,-0.218204,-0.461785,0.468864,0.103868,0.281745,0.771822,0.330752,0.762196,0.955862,1.000000,0.568029,0.701893,0.261664,0.226548,0.223832,0.231511,0.152682,0.137556,0.006266,0.346597,0.077913,0.161873
0.133225,0.044748,-0.003797,-0.082615,0.117938,0.057395,0.027239,-0.097455,-0.008823,-0.073119,-0.146103,-0.017333,-0.150248,-0.264275,0.249945,0.082876,0.106900,0.409193,0.418221,0.269499,0.597927,0.590860,0.844151,0.563044,0.327225,0.310410,0.120328,0.057184,0.201106,0.209473,0.063414,0.288314,0.080807,0.216701,0.015686,0.013893,-0.005244,-0.084739,0.019116,0.086270,0.003826,-0.099997,0.000136,-0.049597,-0.186134,-0.018958,-0.163586,-0.281168,0.243069,0.054915,0.126784,0.298087,0.247394,0.290131,0.494630,0.568029,1.000000,0.440937,0.366827,0.167620,0.158984,0.183968,0.142108,0.120511,0.042653,0.324189,0.056126,0.110786
0.085437,0.131169,-0.034106,-0.069525,0.127225,0.031111,0.035010,-0.082600,-0.016447,-0.055373,-0.127800,-0.039476,-0.143002,-0.261387,0.191786,0.187322,0.158941,0.462494,0.509177,0.351694,0.554340,0.698283,0.322779,0.836294,0.079122,0.345363,0.274656,0.065115,0.125660,0.268215,0.032741,0.242622,0.037819,0.207119,0.060010,0.039305,-0.029025,-0.069302,0.029958,0.075176,0.009607,-0.085485,-0.003180,-0.034393,-0.172685,-0.026297,-0.167652,-0.288853,0.183312,0.145823,0.294065,0.403847,0.443373,0.361733,0.575529,0.701893,0.440937,1.000000,0.214633,0.430071,0.427516,0.345886,0.167416,0.192826,0.015003,0.454359,0.176432,0.128497
0.035964,0.051411,0.009556,-0.037822,0.037970,0.056106,0.006663,-0.045027,0.039512,-0.042689,-0.057954,0.030669,-0.096230,-0.094212,0.095183,0.086724,0.074950,0.195769,0.193928,0.125665,0.227328,0.266509,0.282584,0.271308,0.148422,0.100226,0.025709,0.051338,0.100877,0.085472,-0.022184,0.162525,0.058458,0.095948,0.013420,0.030444,-0.007755,-0.030775,0.044643,0.096449,-0.006542,-0.049139,0.042249,-0.028827,-0.072960,0.019226,-0.109425,-0.106069,0.092208,0.089458,0.143125,0.153797,0.215135,0.135689,0.225030,0.261664,0.366827,0.214633,1.000000,0.075574,0.101700,0.167161,0.182887,0.143920,0.104108,0.198539,0.002554,0.113024
0.066288,0.081425,-0.064545,-0.083001,0.121095,0.008246,0.000839,-0.073247,-0.049718,-0.003976,0.005283,-0.081817,-0.106632,-0.059697,0.027061,0.063098,0.093323,0.076178,0.255450,0.027300,0.181028,0.217614,0.125908,0.318244,0.047227,0.179084,0.183649,-0.012309,0.026922,0.182762,-0.018710,0.087610,-0.016314,0.169473,0.047303,0.032479,-0.078354,-0.083839,0.022898,0.025464,-0.014125,-0.076119,-0.033772,-0.001152,-0.022900,-0.042651,-0.114506,-0.085544,0.027010,0.097240,0.157964,0.057661,0.255719,0.039865,0.144261,0.226548,0.167620,0.430071,0.075574,1.000000,0.506813,0.115631,0.068044,0.106873,0.077478,0.290629,0.101178,0.077102
0.024775,0.032173,-0.001414,0.016446,0.056699,0.061690,-0.014835,0.001992,0.060776,0.020966,0.034408,0.035198,-0.014299,0.000719,-0.046747,0.069970,0.052988,0.124161,0.234963,0.087049,0.185963,0.216240,0.088493,0.318932,0.008183,0.132471,0.153692,0.024433,0.022679,0.148481,0.023653,0.134011,0.086179,0.024742,0.038540,-0.002496,0.015009,0.016142,-0.018860,0.014848,-0.028204,0.002287,0.060466,0.022575,0.017456,0.034961,-0.019450,-0.016056,-0.049099,0.101086,0.267077,0.114413,0.230952,0.090793,0.157036,0.223832,0.158984,0.427516,0.101700,0.506813,1.000000,0.540200,0.131788,0.109154,0.027447,0.298319,0.039140,0.048037
0.096140,0.023318,-0.009337,-0.053394,0.094234,0.064925,0.039142,-0.017009,0.062567,0.002774,-0.018183,0.016547,-0.051968,-0.047830,-0.000233,0.063763,0.065650,0.157078,0.158559,0.132494,0.191850,0.229637,0.127002,0.295989,0.077756,0.078285,0.083195,0.071573,0.064172,0.119098,0.022705,0.180979,0.105654,0.057145,0.084735,0.046483,-0.015936,-0.047661,0.023206,0.049091,0.016338,-0.015187,0.060624,0.011037,-0.033286,0.026274,-0.070097,-0.059894,-0.007174,0.069889,0.208558,0.146302,0.165263,0.126713,0.183591,0.231511,0.183968,0.345886,0.167161,0.115631,0.540200,1.000000,0.116907,0.100891,-0.033848,0.215209,0.014970,0.172507
0.105374,0.015733,-0.060072,-0.081631,0.052148,0.153732,0.072633,-0.011101,0.128989,-0.010495,-0.052770,0.005539,-0.098639,-0.097398,0.203535,0.157231,0.086144,0.135674,0.279065,0.063375,0.148540,0.148047,0.000587,0.166714,-0.027774,0.085864,-0.011083,-0.025526,0.009238,0.181668,0.007441,0.106642,0.097491,0.187267,-0.028577,-0.006259,-0.070431,-0.080709,0.050256,0.191267,0.066338,-0.015163,0.148202,0.008880,-0.074347,0.010023,-0.123715,-0.112575,0.199486,0.165967,0.373870,0.101294,0.498881,0.085563,0.140429,0.152682,0.142108,0.167416,0.182887,0.068044,0.131788,0.116907,1.000000,0.511837,0.336846,0.360004,-0.003104,0.007368
