1.000000000000000000e+00,4.167660777777777437e-01,2.121225940740741056e-01,4.981753296296297373e-01,3.073943943703703607e-01,2.249493547777777769e-01,3.351747266666667002e-01,2.789405940740740664e-01,1.585819059259259423e-01,6.538740203703703735e-02,-4.483013999999999749e-02,3.625786977777777365e-01,1.747288627777777714e-01,3.928924222222222179e-02,7.874335930740740397e-02,-3.356774074074073133e-02,5.966161659259258676e-02,-2.038211851851851747e-02,2.376974007407407219e-01,2.014597074074073874e-02,9.874419081481482230e-02,1.027590432592592612e-01,1.105813674074074271e-01,1.252452592592592506e-01,2.040075922222222005e-01,1.767076711111110754e-01,2.085518866666667415e-01,1.972372842962962225e-01,2.875434713333331893e-01,2.451748650000000196e-01,1.373958211111111216e-01,2.528417196296295910e-01,1.232557431703703854e-01,1.962783940740740751e-01,6.940458074074075112e-01,2.895043883703704024e-01,1.829391888888888817e-01,4.577734262962963596e-01,2.067692129629629949e-01,1.146571909999999778e-01,2.112424070370370333e-01,1.691580359259259037e-01,1.136930159259259415e-01,3.504592747777778711e-02,-3.922538292592592235e-02,3.479703103703702949e-01,1.256595125555555748e-01,2.602256281481482580e-02,6.730124962962963364e-02,1.771422489629630170e-02,8.744763428370370961e-02,-9.175132111111107200e-03,1.570790114814814564e-01,-4.911158148148142728e-03,1.045277462962962978e-01,1.120038807407407466e-01,1.303059959259259271e-01,1.244649055555555467e-01,1.633098882592592671e-01,1.279399451851851721e-01,1.432937824074073940e-01,1.825024944074074285e-01,2.322889096296296974e-01,1.714886507407407390e-01,1.279998196296296686e-01,2.320680025925926371e-01,1.371742562962962875e-01,1.682222255555555213e-01
4.167660777777777437e-01,1.000000000000000000e+00,1.068084498148148265e-01,2.321754951851852100e-01,4.934652777777778221e-01,3.652780702222222509e-01,4.449025518518519018e-01,3.845643214814814526e-01,3.426683555555555261e-01,9.864707777777777242e-02,-1.561693407407407572e-02,3.061699433333333609e-01,1.914289292962962630e-01,2.496658037037037536e-02,1.649226601111110913e-01,-1.144992936666667030e-02,8.146821074074071800e-02,-1.168774470370370286e-02,3.669681925925924459e-01,2.431183196296296881e-02,7.848621733333333017e-02,8.055170629629629375e-02,6.029737562962962649e-02,1.324850447407406873e-01,1.218100707407407113e-01,1.395018962962963072e-01,1.257529629629629553e-01,1.778496977777778154e-01,2.644495685185184741e-01,3.281015892592592520e-01,1.143929325925925611e-01,1.724582195555555697e-01,6.682173444444444721e-02,2.052996577777777831e-01,3.644227877777777569e-01,4.959218703703703879e-01,1.214913422222222289e-01,1.881388147037036385e-01,3.868527888888889099e-01,2.972467088888888775e-01,3.107007170370369997e-01,2.664871588888889642e-01,2.598445448888888065e-01,6.125441607407408617e-02,-2.069956944814814806e-02,2.892437751851851813e-01,8.103766814814815367e-02,1.689107363703703374e-02,6.623045040740740963e-02,-1.651063897407407943e-02,9.163319370370368033e-02,-5.257029281481481742e-02,2.919707860000000377e-01,-4.292397296296296405e-02,6.364867055555557818e-02,3.260665703703703733e-02,9.217248296296294552e-02,7.771520814814814049e-02,9.479268185185182882e-02,1.300861494444444377e-01,1.687041207407407595e-01,2.122987033333333939e-01,2.863275200000000575e-01,2.636603494629629618e-01,1.138288566666666862e-01,1.392721496296296380e-01,8.499878814814813832e-02,1.575373170370370501e-01
2.121225940740741056e-01,1.068084498148148265e-01,1.000000000000000000e+00,3.565231320740740451e-01,-2.733881111111100427e-03,5.016372185185185434e-02,1.161146074074074080e-01,2.154332826666665868e-01,4.664893507407406881e-02,-9.794729000000003752e-03,2.526895092592592110e-02,1.396233725925925540e-01,-1.334081074074074114e-02,4.710644896296297540e-02,1.678795066666666502e-01,2.355054388888888975e-02,-6.880991922222221002e-02,-2.193610037037037330e-02,1.488583254444444115e-01,8.814457692592592153e-02,1.021700075333333430e-01,6.250156562962963513e-02,4.685044122222222635e-02,2.918895662962962823e-02,1.474161000000000395e-02,8.757460355555554687e-02,1.263713408148148254e-01,1.020679033333333208e-01,9.556890766666663317e-02,1.518217699999999948e-01,1.073874074074075485e-03,2.373045825925927318e-02,1.763298185185185191e-02,-6.459125470740741115e-02,1.930067564814814951e-01,1.011981707407407505e-01,3.645453293555555585e-01,3.087016556666667411e-01,5.140808392592593340e-02,2.557747733333333440e-02,5.955118407407408720e-02,1.617701474074074164e-01,4.122040037037036364e-02,-1.217322814814814948e-02,5.006767925925926371e-02,1.964943906666666296e-01,-4.591735733333332514e-02,3.312790159259258738e-02,1.623741548518518596e-01,1.813910592592592880e-02,-5.423103762962963592e-02,7.754539259259261158e-03,1.708146362962962572e-01,9.357168518518514666e-02,4.916359240740739156e-02,1.457808467777778165e-02,5.286767248148147719e-02,5.701381914814815377e-02,4.297665074074074471e-02,1.159372191111111422e-01,8.552780862962959529e-02,1.114883594074074225e-01,1.231290594925925769e-01,1.454232091481481581e-01,6.255965137037038104e-02,3.913951407407407351e-02,3.199254411111111113e-02,-6.874761814814814298e-02
4.981753296296297373e-01,2.321754951851852100e-01,3.565231320740740451e-01,1.000000000000000000e+00,3.327452996296295651e-02,-4.504184074074081556e-03,1.955868192222222635e-01,4.511526600000000387e-01,1.382973159259259233e-01,-7.384911091851852072e-02,4.115758432962961927e-02,5.177378407407408067e-01,3.526693792592593135e-02,5.810934181481480776e-02,3.720173299999999794e-01,6.992339777777777099e-02,-2.279009937037037303e-01,-9.929255785185185645e-02,2.425211348148147983e-01,1.515784606296296522e-01,1.951528462962963117e-01,1.432581726296296432e-01,9.275908222222220556e-02,1.429268751851851815e-01,1.160507925925925860e-01,2.429647692592592501e-01,2.728052771629629891e-01,1.911612125925925831e-01,2.509357625925925372e-01,4.061987044444444472e-01,5.107952129629628885e-02,5.849658166666666520e-02,9.349429844444444304e-02,-8.079426777777777569e-02,4.735174185185186957e-01,2.620291340740740771e-01,2.917020917777777833e-01,7.873881851851849412e-01,5.848492822222221832e-02,1.546156962962963455e-02,1.572649625925925942e-01,4.162293740740741210e-01,1.974934538888888924e-01,-3.653975092592592899e-02,2.940293444444444168e-02,5.800425740740741132e-01,1.704358555555555640e-02,4.972766544444442993e-02,3.719633259259258473e-01,6.001676370370372104e-02,-1.845144129629629759e-01,-8.399381518518519996e-02,3.161540027037036960e-01,1.541326725555555444e-01,1.448176369629629590e-01,1.091916876666666758e-01,1.196275339629629536e-01,1.485423945555555403e-01,9.624823444444444154e-02,2.341803611111110683e-01,2.567254606666666827e-01,2.419057464333333463e-01,2.770657187777778030e-01,3.351977953333333260e-01,9.887305740740741367e-02,6.256334777777776412e-02,7.424532118518520352e-02,-9.428346222222223905e-02
3.073943943703703607e-01,4.934652777777778221e-01,-2.733881111111100427e-03,3.327452996296295651e-02,1.000000000000000000e+00,6.148206999999999978e-01,3.729247148148148172e-01,2.222082004814814327e-01,3.027804481481481402e-01,3.055412788888888231e-01,2.674681962962962775e-02,1.941768218148147984e-01,3.096289281481481304e-01,1.748869966666667108e-01,5.850371692592593736e-02,4.464740381481481502e-02,3.718252074074073765e-01,1.085044757111111174e-01,2.846819274074074424e-01,3.865234874074075649e-02,3.139987645185186166e-02,6.511422655555554329e-02,7.206487937037039937e-02,9.822594814814814002e-02,1.401381037777777727e-01,9.299486444444447775e-02,7.023877370370369688e-02,1.507559155185184963e-01,2.502314266666667009e-01,1.962093518148148030e-01,2.210526100000000382e-01,2.976000794814814832e-01,9.935201996296297300e-02,3.621683329629629688e-01,2.152466492592591818e-01,2.519429099999999644e-01,-1.024670000000001152e-04,-1.817950074074073732e-02,4.947876577777777229e-01,4.025451925925924712e-01,2.217111200000000393e-01,6.574493485185183006e-02,9.511287074074070702e-02,1.977875055925926162e-01,3.072187524444444651e-02,8.119936826333330748e-02,1.904884886666666777e-01,1.258551229629629731e-01,-8.391430148148150414e-02,7.327873405925926231e-02,3.355343918518519097e-01,1.108701599111110991e-01,9.813351814814813556e-02,-3.965061370370370070e-02,3.734917592592591762e-02,3.876095488888889329e-02,7.712514600000000553e-02,6.006658370370369232e-02,1.297320895925926088e-01,6.158624451851851811e-02,1.082475997777777726e-01,1.131948463703703334e-01,1.330968959999999923e-01,1.004793796296296199e-01,1.228165978074073905e-01,2.662454954814814645e-01,1.035713403703703711e-01,2.952587022222222801e-01
2.249493547777777769e-01,3.652780702222222509e-01,5.016372185185185434e-02,-4.504184074074081556e-03,6.148206999999999978e-01,1.000000000000000000e+00,3.169737003703703149e-01,1.621947654444444442e-01,2.936661725555555491e-01,3.707522629629629862e-01,8.393982592592597741e-03,1.104297244444444465e-01,2.896829052222222312e-01,1.573451755185185374e-01,2.861087148148149309e-02,1.024455747407407302e-01,3.665234018518518377e-01,7.687897190000000935e-02,2.594216660740740754e-01,4.318627888888890154e-02,-4.400380777777775955e-03,2.078480870370370825e-02,3.048568925925925974e-02,6.469769333333333372e-02,8.978604492592591468e-02,6.059748677777777870e-02,3.590344811111111784e-02,1.540047781481481692e-01,2.289856196162963209e-01,1.843071740740741260e-01,1.855469461111111107e-01,2.241479803703703422e-01,1.394931644814814964e-01,3.535471035555556307e-01,1.055898893592592536e-01,1.865932489629630042e-01,1.348766592592593079e-02,-7.085195144444440818e-02,3.686846859259259590e-01,4.112443051851851772e-01,1.181617015555555261e-01,-1.153247777777769312e-03,9.584917007407407763e-02,2.313062722222222478e-01,-1.127594588888887993e-02,7.541670370370411091e-04,1.478193280148148159e-01,1.244262087074074208e-01,-6.952002525185187187e-02,7.291076351851852322e-02,2.560732460000000321e-01,6.130020374074073713e-02,1.037674766666666498e-01,-2.386364259259259046e-02,3.022692407407407203e-02,2.637029518518518856e-02,3.988706277777777365e-02,2.115085759259259165e-02,9.038542177777778019e-02,1.641948456666665959e-02,8.874677074074073524e-02,7.978796370370370983e-02,1.066755312222222307e-01,9.750301266666666633e-02,1.502087814814814792e-01,2.393221100000000046e-01,1.151199196296296273e-01,2.962627944444444217e-01
3.351747266666667002e-01,4.449025518518519018e-01,1.161146074074074080e-01,1.955868192222222635e-01,3.729247148148148172e-01,3.169737003703703149e-01,1.000000000000000000e+00,4.986070407407407479e-01,5.778326407407406995e-01,1.916743911111111476e-01,4.506338081481481295e-02,3.324669766666666360e-01,3.094994074074072787e-01,1.546763599999999850e-01,2.404876624814814845e-01,-1.764041440740740652e-02,2.214480422592592646e-01,1.625191062962963173e-01,4.901203222222222378e-01,2.237630714814814459e-01,2.027414229259260070e-01,9.590013851851848792e-02,1.261096872962963189e-01,9.800878877777777221e-02,4.641473185185186062e-02,1.047847405555555611e-01,4.092116962962962651e-02,7.672235962962961620e-02,2.679027146666666526e-01,2.355496785185184905e-01,7.456490037037034890e-02,1.092920121111111142e-01,-3.950238618518519401e-02,1.072365159259259376e-01,2.611211829629629944e-01,2.046485195185184791e-01,1.179096636296296241e-01,1.289452922222222297e-01,1.568715824444444351e-01,1.673540573333333614e-01,5.939022851851851748e-01,3.136514314814813909e-01,3.203831156296296223e-01,9.572638148148149284e-02,5.784066740740741175e-02,2.460095784444444600e-01,1.541301051851851622e-01,4.501369185185186139e-02,1.371727911111111364e-01,1.655185248148148200e-02,1.617895905185184335e-01,1.458845518518518680e-01,3.073218933333333180e-01,1.647445388888889029e-01,1.788740348148148696e-01,8.475253229629631235e-02,1.426895600740740178e-01,6.596577314814816573e-02,3.623522014814815201e-02,7.178696599999999373e-02,6.780410481481483065e-02,7.431533218518519834e-02,1.975391637037036963e-01,1.358554843703703441e-01,3.625444003703703899e-02,6.821319362962961763e-02,-4.722858703703702865e-02,6.849569962962966108e-02
2.789405940740740664e-01,3.845643214814814526e-01,2.154332826666665868e-01,4.511526600000000387e-01,2.222082004814814327e-01,1.621947654444444442e-01,4.986070407407407479e-01,1.000000000000000000e+00,3.729162581481481054e-01,1.705352862962963012e-01,1.236506937777777787e-01,4.930086600000000430e-01,2.475698513333333128e-01,1.609359144074074266e-01,3.151835270370369479e-01,9.109607170370369322e-02,-1.002358918518518882e-01,-6.964665111111111029e-02,2.770120307407407112e-01,1.584958274444444593e-01,1.616257518518518510e-01,9.536187966666666294e-02,2.858044518518517915e-02,9.510508888888889734e-02,5.742520337037036737e-02,1.731426185185185318e-01,1.068099333333333290e-01,1.415691130370370088e-01,1.493026711111111460e-01,4.096397474074073841e-01,7.734001477777775746e-02,-1.552002555555554711e-03,2.388014814814814948e-03,-4.996462611111111146e-02,2.822872311111111476e-01,2.970294245444444758e-01,2.523520325925926455e-01,4.480540814814815698e-01,1.348965170370370614e-01,1.814052566666666533e-01,3.910707062962964220e-01,7.258913222222220796e-01,4.050472192592592391e-01,1.816499151851852512e-01,1.466751805555555621e-01,4.885228843444444080e-01,1.815603182592592790e-01,1.193288392222222050e-01,2.957795534444443986e-01,1.012732046666666719e-01,-8.840592037037037221e-02,-2.739800825925926137e-02,3.246386035185185315e-01,1.495897352222222143e-01,1.321243670740740450e-01,6.296546555555555813e-02,6.628666885185185986e-02,8.137869877777778593e-02,6.630068148148149376e-03,1.994590734814814525e-01,1.603852964444444640e-01,1.628906199999999582e-01,1.944188922222222504e-01,3.796171511111111063e-01,9.297565888888889574e-02,8.124731111111106047e-03,-7.671591481481470319e-03,-5.196387259259259428e-02
1.585819059259259423e-01,3.426683555555555261e-01,4.664893507407406881e-02,1.382973159259259233e-01,3.027804481481481402e-01,2.936661725555555491e-01,5.778326407407406995e-01,3.729162581481481054e-01,1.000000000000000000e+00,1.837987259999999956e-01,8.210531199999998586e-02,1.899412526296296866e-01,1.281265862962963076e-01,1.168811259259259355e-01,3.297326285185185890e-01,7.874484666666669089e-03,1.812450492592592166e-01,1.758384894074074001e-01,5.684076314814816566e-01,2.694071388888887864e-01,1.453449625925925803e-01,8.341054666666668227e-02,3.050918888888889610e-02,1.066206858148147640e-01,2.981083248148149248e-02,1.633577333333333381e-01,5.467915962962962423e-02,4.491877025925926359e-02,2.741627566666666738e-01,2.437180811111110956e-01,2.624254185185184718e-02,-2.102911407407406785e-02,-8.005909000000001330e-02,-5.663823481481481542e-02,7.981317185185184127e-02,1.408598911851851876e-01,-1.285461144444445536e-02,8.534433840740740518e-02,1.625078396296296690e-01,2.074066664074074029e-01,3.589205403703704111e-01,2.643032348518518648e-01,5.221208925925926447e-01,1.052896825444444295e-01,1.163452396296296015e-01,1.057813391481481485e-01,-1.308822777777777537e-02,2.100729629629630515e-02,1.946552652222222346e-01,4.451633905185185119e-02,1.822586951851851711e-01,1.992496896296296338e-01,3.855469333333333970e-01,2.030820622222222482e-01,1.176514733333333534e-01,7.384412914814815487e-02,5.784205333333333754e-02,8.998804270370369673e-02,6.114265296296294422e-02,1.299555496296296297e-01,6.858128444444443195e-02,2.420218814814814601e-02,2.441202051851851795e-01,1.771425794074074356e-01,3.366340325925926136e-02,-2.987390314814814332e-02,-3.794624681481481576e-02,-6.675360981481481826e-02
6.538740203703703735e-02,9.864707777777777242e-02,-9.794729000000003752e-03,-7.384911091851852072e-02,3.055412788888888231e-01,3.707522629629629862e-01,1.916743911111111476e-01,1.705352862962963012e-01,1.837987259999999956e-01,1.000000000000000000e+00,3.809390781481480359e-01,3.565636896296295322e-02,2.994170809629629337e-01,4.149365885185185565e-01,-4.207198748148147788e-02,5.746568407407408596e-01,5.094720259259258865e-01,3.973154451851851898e-01,1.209612260370370451e-01,1.376287968888889046e-01,9.425349333333331303e-02,1.771739188888888927e-01,2.167190574074074061e-01,1.953563151851852309e-01,1.455673581481481405e-01,5.420301074074074243e-02,-3.515223122222222579e-02,9.658865277777779756e-02,8.004635000000000222e-02,9.349276592592588309e-02,2.746038151851851739e-01,4.264398818518517209e-01,2.537971650000000468e-01,4.098902722222222961e-01,1.407911592592592243e-02,-1.312358555555559469e-03,-1.441294262962963466e-02,-6.881934092222220800e-02,1.054540359259259069e-01,1.920371455555555662e-01,1.627243981481481527e-01,9.899913481481482924e-02,7.589873377777778263e-02,6.453391407407409464e-01,3.450144485185185350e-01,-6.557378540740740891e-02,2.737680690333333389e-01,3.702464559259258658e-01,-9.457313925925925346e-02,4.602233592592592792e-01,3.871951759259259496e-01,3.805953944444444015e-01,5.684481481481513422e-04,9.217783140740741510e-02,1.365264602962963092e-01,1.511939237037037420e-01,2.018378570370370217e-01,1.709335017037036664e-01,9.979053546296293153e-02,7.935200740740746411e-03,4.195899962962962998e-02,5.370308596296296394e-02,-1.445684111111110795e-02,3.402637851851851580e-02,1.711714822222221988e-01,3.733112008888889166e-01,2.476881405185184792e-01,3.341756244444444857e-01
-4.483013999999999749e-02,-1.561693407407407572e-02,2.526895092592592110e-02,4.115758432962961927e-02,2.674681962962962775e-02,8.393982592592597741e-03,4.506338081481481295e-02,1.236506937777777787e-01,8.210531199999998586e-02,3.809390781481480359e-01,1.000000000000000000e+00,1.302506807407407922e-02,1.174611318518518494e-01,4.282683829629629346e-01,9.533075762962962829e-02,3.815060342962964257e-01,1.600463018888888811e-01,3.398945444444443909e-01,9.879050370370368039e-02,3.069577148148148749e-01,1.591457529629629608e-01,1.448518154444444483e-01,1.551525307407407572e-01,1.727316537037037469e-01,9.262145740740740374e-02,1.058026645185185244e-01,3.722674481481481196e-02,8.138401266666667189e-02,2.349478988888888467e-02,1.069348107407407239e-01,1.516273106296296136e-01,1.940679562962962790e-01,1.550178037037036882e-01,1.031164477037037064e-01,-1.620103044444444473e-02,3.548901305555555302e-02,7.970795740740739543e-02,4.370982414814814088e-02,2.356566296296296742e-02,9.329880851851853063e-02,9.149891348518517098e-02,1.260851206777778011e-01,6.929795485185186177e-02,3.384957796296295673e-01,6.290944740740742613e-01,9.168254259259257105e-03,1.429595085185185188e-01,3.937279825925926180e-01,8.509011714814815330e-02,3.515896700000000208e-01,1.573784681481481540e-01,3.259578637407408164e-01,8.378484740740742287e-02,2.992087129629628639e-01,1.397220214444444553e-01,8.842752340740739347e-02,1.432192885185184783e-01,1.572604120740741240e-01,4.915191666666665626e-02,7.330407099999999843e-02,6.710636118518518989e-02,4.363245340740741496e-02,2.071432729259259711e-02,8.712748962962964250e-02,1.179651822222222007e-01,2.233101466666666257e-01,1.678506092592592924e-01,7.135651814814812643e-02
3.625786977777777365e-01,3.061699433333333609e-01,1.396233725925925540e-01,5.177378407407408067e-01,1.941768218148147984e-01,1.104297244444444465e-01,3.324669766666666360e-01,4.930086600000000430e-01,1.899412526296296866e-01,3.565636896296295322e-02,1.302506807407407922e-02,1.000000000000000000e+00,3.952194225925926285e-01,1.794798929629629614e-01,3.236570328888888071e-01,7.971686966666668983e-02,-6.242968074074074086e-02,-1.212871050740740864e-01,2.028824302222222431e-01,1.151955807407407384e-01,2.031492462962962986e-01,1.372429196296296450e-01,2.591199677777777585e-02,1.489098228148147962e-01,6.008813962962963884e-02,1.987064389000000042e-01,1.483603746666666834e-01,1.518877148148148060e-01,9.818402281481480864e-02,3.593726025925925716e-01,1.189371870370370676e-01,1.569300664814814728e-01,1.249825019629629691e-01,1.462756496666666739e-01,3.612506703703703415e-01,2.536762918518518650e-01,1.727981362962962841e-01,4.641362074074074084e-01,1.083473554074074197e-01,9.848527592592593027e-02,3.097089262962963163e-01,4.135765148148147774e-01,2.053952497777777608e-01,3.981045666666664651e-02,-2.457072281481483770e-03,7.499408407407408550e-01,3.526909418518517914e-01,1.438928771481480795e-01,3.132666340740740685e-01,8.465039607407408295e-02,-6.905947600000000852e-02,-1.027522496296296439e-01,2.420958440740741124e-01,1.352684685185185087e-01,1.709048170370370545e-01,1.039578944074073946e-01,9.028773333333330042e-03,1.550387077777777844e-01,1.364029740740746411e-03,2.101410077777777774e-01,1.660744511851852123e-01,1.798660237037036924e-01,1.140913222222222217e-01,2.977991288888887644e-01,1.154360074074073789e-01,1.239784292592592679e-01,1.385336600000000307e-01,1.286188987962962604e-01
1.747288627777777714e-01,1.914289292962962630e-01,-1.334081074074074114e-02,3.526693792592593135e-02,3.096289281481481304e-01,2.896829052222222312e-01,3.094994074074072787e-01,2.475698513333333128e-01,1.281265862962963076e-01,2.994170809629629337e-01,1.174611318518518494e-01,3.952194225925926285e-01,1.000000000000000000e+00,3.975774088888889835e-01,4.507920685185183574e-02,1.967795314814814456e-01,2.895359500000000419e-01,8.083235807407405937e-02,2.129555925925925852e-02,7.009775896296294162e-02,1.481373751851851883e-01,1.443670492592592502e-01,4.443417218518516676e-02,1.676835336666666898e-01,5.776653477777778101e-02,9.685934892592591716e-02,1.245362096296296316e-02,1.237832844444444330e-01,4.007639037037037666e-02,1.057289190740740986e-01,2.513577687222222079e-01,3.691250533333333972e-01,1.826984859629629532e-01,4.652358674074075773e-01,1.322794282222222173e-01,2.327812529629630020e-02,-4.721327777777778803e-03,-2.966899259259263635e-03,1.030647515925925961e-01,1.416152900851851693e-01,2.883794225925925825e-01,1.399366211111111036e-01,-7.227486888888887823e-03,2.158032870370369949e-01,9.379954703703706487e-02,3.093260796296296578e-01,6.575249074074074329e-01,3.348177328518518459e-01,1.197507533333334352e-02,1.690828885185185482e-01,1.885851266666666304e-01,5.673639185185184314e-02,-1.695258074074073792e-02,8.845492481481481706e-02,1.940119654074074218e-01,1.362054137037036761e-01,5.340597788888887254e-02,1.817642314814814919e-01,1.634614407407407669e-02,6.065680098888889815e-02,4.667489888888888550e-02,1.033355062222222204e-01,-4.018595133333334457e-02,5.770512425925924949e-02,1.597551584814814740e-01,3.325744866296296287e-01,2.169098568148148387e-01,4.421181414814816524e-01
3.928924222222222179e-02,2.496658037037037536e-02,4.710644896296297540e-02,5.810934181481480776e-02,1.748869966666667108e-01,1.573451755185185374e-01,1.546763599999999850e-01,1.609359144074074266e-01,1.168811259259259355e-01,4.149365885185185565e-01,4.282683829629629346e-01,1.794798929629629614e-01,3.975774088888889835e-01,1.000000000000000000e+00,1.945727551851851589e-01,4.351711337037036942e-01,4.613924814814813202e-01,2.683263322222222413e-01,1.470237867037037238e-01,3.412207885185185030e-01,2.216611907407407822e-01,1.941823937037037429e-01,1.006669776333333349e-01,2.373735326666666645e-01,1.193596544074073951e-01,2.154539714814814599e-01,9.382478074074072916e-02,1.847784509629629424e-01,4.688656148148148683e-02,2.372537264444444516e-01,3.376599085185185145e-01,4.523997729629630205e-01,3.216231574074073785e-01,4.172614881481481741e-01,3.231991962962962178e-02,-2.521436814814816130e-02,1.397656777777778192e-02,3.313351333333333648e-02,5.931749666666666365e-02,7.602063022222221855e-02,1.556071272222222246e-01,9.284802592592594772e-02,1.403487133333333227e-02,3.412178562962963069e-01,3.970708686296297030e-01,1.322645268888888725e-01,3.733248570370371056e-01,6.998298259259257970e-01,1.561546724814814602e-01,4.076014188888890111e-01,3.669108037037036585e-01,2.959369388888888897e-01,6.385358655555554985e-02,3.431775729629630289e-01,1.878804911111111309e-01,1.729489082592592653e-01,1.000598788888889118e-01,1.902255455555555974e-01,8.359550888888886422e-02,1.268464370370370464e-01,1.476093691481481229e-01,1.132967844074074110e-01,5.820076444444449541e-03,1.290433289259259320e-01,2.310051466666666886e-01,4.276678240740740544e-01,3.246484862962963347e-01,3.820387474074074530e-01
7.874335930740740397e-02,1.649226601111110913e-01,1.678795066666666502e-01,3.720173299999999794e-01,5.850371692592593736e-02,2.861087148148149309e-02,2.404876624814814845e-01,3.151835270370369479e-01,3.297326285185185890e-01,-4.207198748148147788e-02,9.533075762962962829e-02,3.236570328888888071e-01,4.507920685185183574e-02,1.945727551851851589e-01,1.000000000000000000e+00,5.476002911111110122e-02,-4.870006037037036967e-02,5.887005518518516334e-02,5.499480962962963737e-01,5.150011148148146978e-01,4.332338185185185542e-01,2.951065770370369656e-01,1.157327632222222291e-01,3.239209225925926416e-01,1.776952411111111241e-01,3.498350885185184667e-01,2.237070577777777458e-01,2.067059408703703638e-01,2.065573289259259038e-01,4.269438814814816019e-01,1.344580433333333325e-01,4.754193185185185550e-02,8.213725148148148802e-02,-4.850452777777779223e-02,6.583865714814812753e-02,1.403360407407407695e-01,1.738069984777778076e-01,3.116219266666666043e-01,4.509267418518518589e-02,7.089452925925925075e-02,1.815784222222222022e-01,2.788590264814815312e-01,2.863749448148147914e-01,-4.273114000000000773e-02,8.789357051851851010e-02,3.218797584814815371e-01,-9.710949481481483125e-03,1.638372118518518772e-01,7.296281777777778865e-01,4.392053321481480949e-02,-3.345642962962963596e-02,9.232733425925924997e-02,4.894197562962961934e-01,4.723433962962962362e-01,3.196461407407407695e-01,1.854729066666666870e-01,1.078256089592592448e-01,2.630697499259258554e-01,1.331966892592592600e-01,3.438318359259259216e-01,2.348040255185185332e-01,1.839954693074073999e-01,1.931502333703703500e-01,3.688017889629630064e-01,1.084680681481481473e-01,2.547728137037036725e-02,4.166588096296296867e-02,-6.381222592592593335e-02
-3.356774074074073133e-02,-1.144992936666667030e-02,2.355054388888888975e-02,6.992339777777777099e-02,4.464740381481481502e-02,1.024455747407407302e-01,-1.764041440740740652e-02,9.109607170370369322e-02,7.874484666666669089e-03,5.746568407407408596e-01,3.815060342962964257e-01,7.971686966666668983e-02,1.967795314814814456e-01,4.351711337037036942e-01,5.476002911111110122e-02,1.000000000000000000e+00,3.722858225925926301e-01,2.800311714814814890e-01,1.608432703703703906e-02,1.761618974074073973e-01,1.447324606666666458e-01,1.989479892592592725e-01,1.409044115370370331e-01,2.119799111111111689e-01,8.868275881481481326e-02,7.344574074074074199e-02,-6.082040592592595149e-03,1.223206625185185303e-01,-3.041430126296295472e-02,1.510010922222221885e-01,2.823794148148148220e-01,3.551149362962963130e-01,3.586988329629629546e-01,2.908560905925926532e-01,-4.911445022222218904e-02,-7.445519259259256693e-03,2.158120529629628873e-02,5.705880311111110464e-02,5.981878900000004579e-03,6.948246259259259483e-02,2.359570629629629754e-02,9.207847448148147318e-02,1.963751759259259669e-02,5.563425703703702707e-01,3.356243262962962937e-01,6.667831492592592169e-02,2.228997247888888922e-01,4.463179011111110817e-01,5.967503407407408894e-02,7.144230592592593077e-01,2.197063737037037168e-01,2.571794785185185228e-01,1.841262151851852033e-02,2.052417332222221946e-01,1.553275634444444553e-01,1.471806062962962847e-01,1.234061851851851604e-01,1.619507066666666939e-01,4.195068851851852659e-02,4.724093603703703043e-02,5.412748670370369497e-02,5.776932781481482204e-02,-3.892668148148149126e-02,1.222909888888889102e-01,1.863149811111111109e-01,3.717228248148147229e-01,3.379410922222221836e-01,2.484208184814814535e-01
5.966161659259258676e-02,8.146821074074071800e-02,-6.880991922222221002e-02,-2.279009937037037303e-01,3.718252074074073765e-01,3.665234018518518377e-01,2.214480422592592646e-01,-1.002358918518518882e-01,1.812450492592592166e-01,5.094720259259258865e-01,1.600463018888888811e-01,-6.242968074074074086e-02,2.895359500000000419e-01,4.613924814814813202e-01,-4.870006037037036967e-02,3.722858225925926301e-01,1.000000000000000000e+00,4.721504666666665462e-01,2.814519055555554927e-01,2.538662574074074252e-01,1.038145959259259010e-01,1.242741455555555624e-01,1.656814071185184756e-01,1.423997222592592593e-01,1.345644465185185101e-01,4.222472944444443342e-03,-5.109972503703703178e-02,9.035782070851851311e-02,1.525144785185185148e-01,4.718981555555555596e-02,3.166659592592593331e-01,4.329316774074073448e-01,2.091077800000000486e-01,4.779297296296295960e-01,-3.663851777777777513e-02,-8.828225066666670062e-02,-1.331533407407407277e-01,-2.801637922222222632e-01,1.111575800370370459e-01,9.714816759259257972e-02,1.206956999074074027e-01,-2.257571418518518613e-01,-8.947276040740739789e-02,3.250073085185185007e-01,1.596377414444444254e-01,-1.663589883703703864e-01,1.901935203703703225e-01,3.498355218518518495e-01,-1.523522672222222263e-01,2.890064629629629511e-01,6.892889111111110134e-01,4.130226100000000122e-01,-1.979746640740740957e-02,1.723401729629629731e-01,1.339340488888888236e-01,1.406958070370370184e-01,1.542545848148147714e-01,7.928825584814819250e-02,1.360321179444444750e-01,-5.674519085185186079e-02,-2.633181896296297227e-03,-2.975246629629630171e-02,-2.950071333333334142e-02,-7.817668037037038553e-02,1.651094244444444581e-01,3.690739922222221470e-01,2.479866278296296023e-01,4.026858592592592601e-01
-2.038211851851851747e-02,-1.168774470370370286e-02,-2.193610037037037330e-02,-9.929255785185185645e-02,1.085044757111111174e-01,7.687897190000000935e-02,1.625191062962963173e-01,-6.964665111111111029e-02,1.758384894074074001e-01,3.973154451851851898e-01,3.398945444444443909e-01,-1.212871050740740864e-01,8.083235807407405937e-02,2.683263322222222413e-01,5.887005518518516334e-02,2.800311714814814890e-01,4.721504666666665462e-01,1.000000000000000000e+00,3.776651040740740539e-01,5.455237000000000558e-01,4.422820503703703832e-01,3.437509559259258607e-01,5.251369444444444756e-01,3.572315588888889670e-01,2.183638258888888906e-01,2.619949407407407352e-02,-4.111228725925925725e-02,1.739700158518519071e-02,2.176958170370370538e-01,5.607274444444445421e-03,1.176208615555555670e-01,1.858602888888888915e-01,8.424359241851853142e-02,1.232854206666666591e-01,-4.355488755555553954e-02,-9.543906607407406928e-02,-6.062060462962964857e-02,-1.597433859259259625e-01,-2.235887592592592996e-02,-3.061899814814815143e-02,1.244241404444444421e-01,-1.319447507407407183e-01,-1.952040948148147867e-02,2.414632329259259191e-01,2.985565670370369795e-01,-1.568723896296296549e-01,2.302190185185185381e-02,2.195719577777777709e-01,-6.924612592592594915e-03,2.038612866666666412e-01,3.485278513703704006e-01,7.795994222222224490e-01,1.607895067407406897e-01,4.350675588888889833e-01,4.279448300000001093e-01,2.968853882222222684e-01,4.812193337037037333e-01,2.955356207407407454e-01,2.125151348148148767e-01,1.480428492592592363e-02,3.066446148148142207e-03,-3.481633333333363227e-04,6.938030966666663968e-02,-6.044559851851851601e-02,3.998285629629629023e-02,1.697797869629629475e-01,6.747736311111111884e-02,8.533324140740740360e-02
2.376974007407407219e-01,3.669681925925924459e-01,1.488583254444444115e-01,2.425211348148147983e-01,2.846819274074074424e-01,2.594216660740740754e-01,4.901203222222222378e-01,2.770120307407407112e-01,5.684076314814816566e-01,1.209612260370370451e-01,9.879050370370368039e-02,2.028824302222222431e-01,2.129555925925925852e-02,1.470237867037037238e-01,5.499480962962963737e-01,1.608432703703703906e-02,2.814519055555554927e-01,3.776651040740740539e-01,1.000000000000000000e+00,5.419171492592591566e-01,4.247057259259258699e-01,2.739761822222221976e-01,2.750094072962963043e-01,2.809054581481481572e-01,1.794359592592592034e-01,2.631774981481481701e-01,1.579233403703703964e-01,1.539531258148148507e-01,3.651070685185185405e-01,4.297584091851852639e-01,1.019869525925925918e-01,7.971986281851854705e-02,4.167701548148148444e-02,3.777028888888891728e-03,1.560010065888888797e-01,2.166088507407407104e-01,1.180296762222222268e-01,1.608362189999999470e-01,1.821046355629629687e-01,1.865003732962962901e-01,3.138635467407407953e-01,1.569667640740741166e-01,3.476445418518517294e-01,3.017482259259257268e-02,9.961715592592590429e-02,1.477801152777777904e-01,-8.365972114814813898e-02,9.030837596296296954e-02,3.753549703703703555e-01,2.302525755555550127e-03,2.558742829629629401e-01,3.506480622222221122e-01,6.403351444444445040e-01,4.180146788888887688e-01,3.356114629629629587e-01,1.804140637037036921e-01,2.541146268518518769e-01,2.232699016296296191e-01,1.704530240740740055e-01,2.406617140740741068e-01,1.613615582592592135e-01,1.202820000370370263e-01,2.830410959259258008e-01,3.019911403703702812e-01,1.029145047037037103e-01,6.913230122222223384e-02,2.190371785185185952e-02,-3.215971296296296633e-02
2.014597074074073874e-02,2.431183196296296881e-02,8.814457692592592153e-02,1.515784606296296522e-01,3.865234874074075649e-02,4.318627888888890154e-02,2.237630714814814459e-01,1.584958274444444593e-01,2.694071388888887864e-01,1.376287968888889046e-01,3.069577148148148749e-01,1.151955807407407384e-01,7.009775896296294162e-02,3.412207885185185030e-01,5.150011148148146978e-01,1.761618974074073973e-01,2.538662574074074252e-01,5.455237000000000558e-01,5.419171492592591566e-01,1.000000000000000000e+00,5.864719333333333617e-01,3.693130644444445609e-01,3.050231268148148045e-01,3.692942200000000064e-01,2.057545448148147826e-01,2.089110474074074020e-01,9.530424444444442200e-02,1.214804363944444326e-01,2.272237774074073458e-01,3.455788185185184602e-01,1.830446123333333286e-01,1.076176548518518739e-01,6.993256944444443957e-02,1.529517066666667875e-02,-5.184410703703703355e-03,-8.435272962962974503e-04,6.473169888888886947e-02,1.023283840740740885e-01,-3.747761518518517854e-02,-3.117048285185185230e-02,1.814942676666666255e-01,5.915484174074073925e-02,1.598260822222222488e-01,5.908869374074074421e-02,2.841038212222222192e-01,1.101273295888888781e-01,2.953615185185185649e-02,2.818216833333332949e-01,4.226194629629630439e-01,1.329803107407407092e-01,1.634699311851851022e-01,5.174435148148147645e-01,3.585740529629629636e-01,7.623389703703703502e-01,4.932348659259258583e-01,2.864480144444444543e-01,2.920818555555554363e-01,3.117556681481480907e-01,1.821429021111111157e-01,1.788134387751851850e-01,1.130475479629629715e-01,7.465393555555553673e-02,1.334368248888889164e-01,2.059023351851851924e-01,1.076458814444444662e-01,1.096476474074074003e-01,4.771114738888888179e-02,-2.632656607407406896e-02
9.874419081481482230e-02,7.848621733333333017e-02,1.021700075333333430e-01,1.951528462962963117e-01,3.139987645185186166e-02,-4.400380777777775955e-03,2.027414229259260070e-01,1.616257518518518510e-01,1.453449625925925803e-01,9.425349333333331303e-02,1.591457529629629608e-01,2.031492462962962986e-01,1.481373751851851883e-01,2.216611907407407822e-01,4.332338185185185542e-01,1.447324606666666458e-01,1.038145959259259010e-01,4.422820503703703832e-01,4.247057259259258699e-01,5.864719333333333617e-01,1.000000000000000000e+00,6.804403333333333137e-01,5.319750262962964493e-01,6.273013222222222351e-01,2.808136250370369957e-01,2.326224125925926145e-01,1.153041348148148293e-01,1.421719096666666793e-01,2.238664316296296308e-01,3.835104411111111555e-01,2.167524548148147823e-01,1.760143414814814566e-01,1.443347440370370272e-01,4.675972951851851273e-02,1.156153949629629696e-01,9.544818892592589477e-02,8.986290462962961967e-02,1.707312882592592618e-01,2.004583764814813623e-02,2.344285814814814697e-02,2.383067186666666393e-01,1.573076096296296134e-01,1.193758063703703604e-01,5.776504511111109352e-02,1.535200978518518611e-01,2.172439281481481632e-01,1.134734590370370527e-01,1.814291822222221517e-01,3.803861166666666072e-01,9.583281125925925681e-02,6.690765925925926116e-02,3.748026351851851401e-01,3.783816262962962917e-01,5.243443888888887905e-01,7.677643740740737188e-01,5.633601925925927345e-01,5.022387218518518104e-01,5.665002407407407903e-01,2.188728792592592454e-01,2.151091081481481537e-01,1.358906994444444016e-01,1.437749795185185309e-01,1.891116133333333449e-01,3.020285233333333541e-01,1.728604867037037141e-01,1.991265429999999892e-01,1.337376865185185282e-01,6.270273518518518219e-02
1.027590432592592612e-01,8.055170629629629375e-02,6.250156562962963513e-02,1.432581726296296432e-01,6.511422655555554329e-02,2.078480870370370825e-02,9.590013851851848792e-02,9.536187966666666294e-02,8.341054666666668227e-02,1.771739188888888927e-01,1.448518154444444483e-01,1.372429196296296450e-01,1.443670492592592502e-01,1.941823937037037429e-01,2.951065770370369656e-01,1.989479892592592725e-01,1.242741455555555624e-01,3.437509559259258607e-01,2.739761822222221976e-01,3.693130644444445609e-01,6.804403333333333137e-01,1.000000000000000000e+00,5.327639148148148873e-01,7.634229259259257550e-01,3.617422037037037463e-01,2.403114462962962217e-01,8.968079429629627342e-02,1.782453092592592714e-01,1.921135444444444784e-01,3.036049511111111876e-01,2.756471011111111258e-01,2.460196374074073988e-01,2.040767784444444399e-01,1.731056437037036821e-01,1.290943877777777637e-01,1.277553414814814881e-01,7.216993787777778446e-02,1.321111788888888749e-01,9.204335188888888852e-02,8.021365599629630416e-02,1.613341522222222491e-01,1.201906904814814964e-01,8.220728259259259263e-02,1.557264202222221894e-01,1.339227155555555437e-01,1.484181795185185448e-01,1.313392682592592620e-01,2.159385044444444568e-01,2.497913515925926364e-01,1.541936614814815032e-01,1.094327869999999897e-01,2.927514429629629600e-01,2.384646066666666897e-01,3.369601146666666991e-01,6.213800574074075378e-01,7.332266925925924328e-01,4.963881585185184186e-01,6.997056925925927429e-01,2.998832485185184971e-01,2.144779187037036960e-01,1.139645244444444649e-01,1.407189879259258813e-01,1.425809003703703837e-01,2.586637440740741645e-01,2.262061339481480915e-01,2.537695940740740674e-01,1.862408570370370497e-01,1.759392966296296212e-01
1.105813674074074271e-01,6.029737562962962649e-02,4.685044122222222635e-02,9.275908222222220556e-02,7.206487937037039937e-02,3.048568925925925974e-02,1.261096872962963189e-01,2.858044518518517915e-02,3.050918888888889610e-02,2.167190574074074061e-01,1.551525307407407572e-01,2.591199677777777585e-02,4.443417218518516676e-02,1.006669776333333349e-01,1.157327632222222291e-01,1.409044115370370331e-01,1.656814071185184756e-01,5.251369444444444756e-01,2.750094072962963043e-01,3.050231268148148045e-01,5.319750262962964493e-01,5.327639148148148873e-01,1.000000000000000000e+00,5.411112703703703231e-01,3.894804592592592263e-01,1.314475918518518416e-01,3.056884962962963179e-02,7.862958296296296279e-02,2.686458637037036912e-01,2.058243285185185067e-01,1.966611381481481735e-01,1.854128374074073826e-01,7.015589670370372954e-02,8.288619844444446161e-02,1.197114160000000149e-01,8.742184703703707871e-02,5.359310414814815599e-02,8.100787596296295245e-02,6.908098570370370395e-02,3.105983699999999292e-02,1.903954064074074026e-01,7.609699400000001501e-02,4.786212333333331875e-02,1.675887218518518629e-01,1.607073488888889345e-01,6.177505892592592002e-02,6.918736444444444078e-02,1.216111623333333280e-01,9.258199888888887785e-02,8.856043111111108757e-02,1.401293716666666689e-01,4.382096462962962180e-01,1.910713909740740790e-01,2.578197896296295366e-01,5.376042592592591429e-01,4.827784288888888886e-01,8.184856333333334621e-01,5.229510148148148740e-01,3.268260934814815055e-01,1.224721309259259455e-01,6.934972000000000358e-02,6.677554518518519222e-02,1.808907434851851903e-01,1.913974877777777639e-01,1.282050433333333239e-01,2.122870655555555153e-01,7.219155703703707128e-02,7.464459037037037004e-02
