1.000000,0.792980,0.217395,0.219774,0.485437,0.133930,0.265685,0.066980,0.159735,0.157771,-0.012833,0.193537,0.060860,-0.035517,0.005653,0.445859,0.468699,0.068416,0.208156,0.026579,0.380642,0.387500,0.211333,0.316128,0.122587,0.184665,0.303736,0.422955,0.280109,0.339029,0.397666,0.526621,0.153283,0.852955,0.022079,0.035206,0.157744,0.166954,0.084377,0.098465,0.075982,0.072213,0.055500,0.043237,0.007701,0.135747,0.064864,0.012876,0.108711,-0.007645,0.008886,-0.089002,-0.057278,0.124491,0.097316,0.077772,0.017958,0.089279,0.049761,0.063655,0.016180,0.040293,0.047130,0.074782,0.055732,0.089241,-0.006393,0.080636
0.792980,1.000000,0.217695,0.182817,0.790159,0.161361,0.451859,0.057922,0.119217,0.051940,-0.013880,0.183729,0.041781,-0.034417,0.005673,0.305781,0.352340,-0.073968,0.003999,0.021501,0.281291,0.293152,0.079102,0.219466,-0.000546,0.098994,0.189618,0.269755,0.125305,0.188838,0.276815,0.323655,0.054457,0.832593,0.078387,0.079473,0.093371,0.113332,0.111688,0.055378,0.038934,0.022496,0.023035,0.030406,-0.006336,0.101952,0.023139,-0.013393,0.051457,0.089335,0.098209,0.011282,0.066564,0.063732,0.101971,0.089288,0.087981,0.100474,0.112351,0.062814,0.032903,0.052976,0.100333,0.110020,0.087998,0.076921,0.058401,0.129005
0.217395,0.217695,1.000000,0.859144,0.149767,0.614288,0.548927,0.652066,0.585233,0.435174,0.421519,0.803929,0.649047,0.443429,0.372479,0.417216,0.416679,0.094403,0.123781,0.370823,0.251046,0.244883,0.130620,0.185372,0.107113,0.117052,0.098276,0.047247,0.208337,0.255397,0.356687,0.255013,0.079326,0.156847,0.333926,0.344856,0.762176,0.705765,0.341844,0.458477,0.650292,0.622507,0.498883,0.353311,0.428407,0.632918,0.572378,0.442225,0.388905,0.166766,0.293060,0.179144,0.155905,0.389131,0.277334,0.281707,0.299457,0.313049,0.316607,0.258226,0.224951,0.161284,0.299892,0.176389,0.136972,0.125986,0.235558,0.277179
0.219774,0.182817,0.859144,1.000000,0.100684,0.575646,0.444632,0.642746,0.552180,0.478290,0.403415,0.834860,0.638765,0.415776,0.321824,0.442049,0.432824,0.111007,0.181774,0.334609,0.276629,0.261091,0.124891,0.172848,0.110809,0.172248,0.163434,0.030626,0.207616,0.291961,0.393027,0.270110,0.058366,0.131841,0.346195,0.382649,0.859725,0.908247,0.410146,0.531424,0.687247,0.658527,0.550996,0.416495,0.415659,0.690186,0.589273,0.430141,0.393812,0.157639,0.262265,0.096898,0.079693,0.399737,0.287168,0.275164,0.233343,0.299647,0.263686,0.249065,0.187384,0.143814,0.273769,0.183707,0.147754,0.161075,0.220715,0.306114
0.485437,0.790159,0.149767,0.100684,1.000000,0.190455,0.531623,0.060279,0.089475,-0.016187,-0.034317,0.146792,0.038117,-0.051165,0.001406,0.172249,0.244863,-0.177560,-0.145842,-0.001212,0.164874,0.178549,-0.007868,0.133101,-0.038546,0.024644,0.078561,0.220629,0.045028,0.094068,0.187609,0.169486,0.008055,0.764192,0.103778,0.093098,0.022146,0.028858,0.096566,0.038724,0.020156,-0.003429,0.029816,0.019839,-0.041752,0.039381,-0.021005,-0.055252,-0.011014,0.122092,0.137977,0.067216,0.140622,-0.010751,0.121604,0.111052,0.139073,0.116035,0.148092,0.071464,0.051584,0.053185,0.131691,0.120791,0.083604,0.066114,0.092462,0.129567
0.133930,0.161361,0.614288,0.575646,0.190455,1.000000,0.720796,0.932757,0.949349,0.727647,0.535386,0.781144,0.894056,0.576099,0.467946,0.528013,0.566271,0.094865,0.245250,0.411398,0.270905,0.278806,0.147206,0.224811,0.078439,0.068635,0.061958,-0.043891,0.330437,0.430367,0.507206,0.310150,0.024650,0.143128,0.352114,0.319906,0.490768,0.481461,0.302241,0.568688,0.741360,0.837969,0.671354,0.486378,0.523712,0.698606,0.716234,0.545548,0.460636,0.132628,0.317128,0.315445,0.287886,0.443105,0.369729,0.367932,0.432112,0.371676,0.393302,0.261425,0.244299,0.185529,0.341681,0.176455,0.120667,0.110399,0.262348,0.278712
0.265685,0.451859,0.548927,0.444632,0.531623,0.720796,1.000000,0.622611,0.644989,0.368235,0.252517,0.609606,0.566121,0.274120,0.290534,0.385653,0.458698,-0.040203,0.040807,0.243019,0.216063,0.237134,0.102415,0.198718,0.043545,0.032129,0.047728,0.062889,0.243501,0.313922,0.385554,0.244038,0.020845,0.374910,0.293825,0.252823,0.354440,0.306278,0.214409,0.289395,0.499706,0.488485,0.372005,0.255127,0.236653,0.425749,0.387542,0.240444,0.244381,0.176470,0.310682,0.280256,0.298659,0.236211,0.323982,0.326122,0.388151,0.329382,0.351317,0.194268,0.212050,0.151872,0.301427,0.170238,0.107159,0.075290,0.251521,0.251704
0.066980,0.057922,0.652066,0.642746,0.060279,0.932757,0.622611,1.000000,0.893788,0.732767,0.615697,0.847107,0.982373,0.665499,0.496405,0.465216,0.472269,0.131203,0.222612,0.446513,0.216346,0.213685,0.113841,0.127241,0.044172,0.112495,0.102244,-0.075804,0.258167,0.351564,0.424896,0.243287,0.006537,0.026170,0.350567,0.338407,0.540417,0.565779,0.355038,0.685086,0.871653,0.963617,0.786409,0.602098,0.612789,0.814360,0.847790,0.641651,0.525723,0.121063,0.309662,0.288297,0.232187,0.508150,0.337967,0.339954,0.390845,0.354635,0.351671,0.280895,0.246678,0.188921,0.333847,0.163992,0.120382,0.104768,0.232507,0.288078
0.159735,0.119217,0.585233,0.552180,0.089475,0.949349,0.644989,0.893788,1.000000,0.837041,0.483010,0.721557,0.853562,0.535046,0.424212,0.590623,0.607945,0.174923,0.318339,0.366862,0.255424,0.267710,0.150044,0.204420,0.073288,0.061668,0.057329,-0.057113,0.328447,0.436875,0.508386,0.361623,0.041219,0.133279,0.248376,0.220629,0.475389,0.479073,0.214530,0.525554,0.721967,0.827464,0.641941,0.470171,0.474670,0.649786,0.691092,0.506918,0.429932,0.065968,0.210999,0.262739,0.202869,0.410598,0.294293,0.294153,0.338242,0.290309,0.292218,0.231839,0.210075,0.137755,0.242106,0.084942,0.038548,0.037104,0.163093,0.182717
0.157771,0.051940,0.435174,0.478290,-0.016187,0.727647,0.368235,0.732767,0.837041,1.000000,0.373670,0.546117,0.694831,0.422712,0.284546,0.635328,0.588587,0.301315,0.388043,0.257779,0.227927,0.234256,0.088797,0.137016,-0.025838,0.053620,0.077908,-0.024244,0.250695,0.407702,0.497709,0.407797,0.055466,0.098325,0.142704,0.147747,0.405541,0.467048,0.172555,0.515441,0.640451,0.746390,0.620057,0.576993,0.382290,0.545298,0.600313,0.420562,0.368239,0.050040,0.088892,0.157554,0.064535,0.345110,0.157897,0.155534,0.173115,0.149030,0.133984,0.161857,0.103689,0.040308,0.126297,0.014376,-0.003427,-0.020792,0.029377,0.091546
-0.012833,-0.013880,0.421519,0.403415,-0.034317,0.535386,0.252517,0.615697,0.483010,0.373670,1.000000,0.555548,0.685567,0.984259,0.573602,0.176356,0.152948,0.094233,0.069358,0.586277,0.087304,0.065264,0.025031,0.019842,-0.023558,0.115627,0.083382,-0.020408,0.081720,0.116817,0.157535,0.036053,-0.080836,-0.050954,0.281661,0.303615,0.334709,0.400877,0.359414,0.589641,0.582708,0.640239,0.603232,0.457134,0.970599,0.734202,0.788275,0.926688,0.622822,0.103226,0.264417,0.210773,0.172958,0.641005,0.265628,0.240405,0.284051,0.267347,0.311690,0.245744,0.195336,0.193072,0.313164,0.183177,0.156596,0.189237,0.222016,0.263228
0.193537,0.183729,0.803929,0.834860,0.146792,0.781144,0.609606,0.847107,0.721557,0.546117,0.555548,1.000000,0.861519,0.580611,0.453791,0.463175,0.469229,0.094496,0.170846,0.434849,0.289303,0.279135,0.144377,0.199422,0.115885,0.148243,0.144763,0.044813,0.263659,0.339221,0.432478,0.292155,0.047627,0.146043,0.378300,0.390386,0.685304,0.699351,0.416023,0.636516,0.815950,0.822542,0.695328,0.519870,0.555646,0.829908,0.762409,0.569998,0.487575,0.174674,0.339228,0.217538,0.192859,0.489719,0.374681,0.370840,0.371845,0.395258,0.368709,0.295670,0.249041,0.196263,0.355122,0.211615,0.156243,0.154830,0.267150,0.343109
0.060860,0.041781,0.649047,0.638765,0.038117,0.894056,0.566121,0.982373,0.853562,0.694831,0.685567,0.861519,1.000000,0.735278,0.516886,0.429214,0.430870,0.140126,0.205304,0.467446,0.203158,0.196604,0.098451,0.107113,0.032013,0.111762,0.102349,-0.066477,0.230129,0.316320,0.388461,0.217918,-0.013283,0.014902,0.352235,0.348131,0.532899,0.569567,0.382637,0.712327,0.876548,0.964127,0.801940,0.612958,0.681736,0.855362,0.900559,0.710776,0.554084,0.133765,0.317261,0.284582,0.225289,0.535982,0.338532,0.337163,0.384496,0.356245,0.356364,0.288321,0.247632,0.201340,0.341162,0.167708,0.124967,0.112855,0.235207,0.303244
-0.035517,-0.034417,0.443429,0.415776,-0.051165,0.576099,0.274120,0.665499,0.535046,0.422712,0.984259,0.580611,0.735278,1.000000,0.611952,0.192175,0.160378,0.124654,0.075098,0.605481,0.080437,0.060681,0.010029,0.003532,-0.038601,0.097268,0.059301,-0.043697,0.068288,0.106035,0.146628,0.025205,-0.091096,-0.072983,0.263515,0.276995,0.340112,0.404171,0.328307,0.589293,0.625867,0.685203,0.627683,0.469930,0.951936,0.746584,0.825591,0.929743,0.627588,0.096708,0.253132,0.242623,0.183071,0.636855,0.258227,0.241543,0.286884,0.257346,0.298476,0.252173,0.205211,0.179028,0.289360,0.138110,0.113127,0.130006,0.196391,0.235186
0.005653,0.005673,0.372479,0.321824,0.001406,0.467946,0.290534,0.496405,0.424212,0.284546,0.573602,0.453791,0.516886,0.611952,1.000000,0.207728,0.235348,0.190945,0.143661,0.946821,0.180103,0.161439,0.121646,0.166533,0.062844,0.156948,0.033199,-0.071857,0.156383,0.197627,0.215776,0.123474,-0.032706,-0.016228,0.385693,0.369792,0.280254,0.265375,0.387398,0.470913,0.485457,0.481512,0.502048,0.394264,0.602036,0.496948,0.540029,0.641216,0.812288,0.189714,0.375583,0.344385,0.323771,0.810781,0.399570,0.387224,0.446293,0.391685,0.421964,0.267385,0.232183,0.202427,0.402867,0.267577,0.228138,0.205175,0.302307,0.366239
0.445859,0.305781,0.417216,0.442049,0.172249,0.528013,0.385653,0.465216,0.590623,0.635328,0.176356,0.463175,0.429214,0.192175,0.207728,1.000000,0.909290,0.250382,0.484039,0.198194,0.488856,0.489670,0.244384,0.392431,0.133124,0.141207,0.199237,0.143508,0.462319,0.642743,0.764469,0.719206,0.205883,0.385512,0.126275,0.122455,0.394565,0.388587,0.131048,0.289234,0.399292,0.450729,0.312370,0.237139,0.186391,0.380924,0.349194,0.207935,0.274447,0.022309,0.069016,0.032504,-0.006691,0.269600,0.172195,0.152870,0.103606,0.154591,0.113564,0.183595,0.122971,0.073862,0.098731,0.059002,0.034241,0.053709,0.044853,0.111269
0.468699,0.352340,0.416679,0.432824,0.244863,0.566271,0.458698,0.472269,0.607945,0.588587,0.152948,0.469229,0.430870,0.160378,0.235348,0.909290,1.000000,0.276166,0.587551,0.230581,0.526616,0.535542,0.291242,0.456770,0.153817,0.146324,0.190199,0.117287,0.551515,0.767317,0.882062,0.809837,0.190444,0.440502,0.173604,0.173324,0.395665,0.382041,0.189276,0.313186,0.401874,0.445848,0.320729,0.237568,0.172717,0.370585,0.332748,0.198731,0.312563,0.040578,0.115177,0.045913,0.031779,0.301764,0.215177,0.190716,0.149172,0.194825,0.167707,0.222664,0.170826,0.140704,0.156796,0.124395,0.086472,0.132395,0.106157,0.175898
0.068416,-0.073968,0.094403,0.111007,-0.177560,0.094865,-0.040203,0.131203,0.174923,0.301315,0.094233,0.094496,0.140126,0.124654,0.190945,0.250382,0.276166,1.000000,0.625584,0.221757,0.143834,0.141431,0.288448,0.078513,0.126698,-0.001823,0.005790,-0.020454,0.191404,0.247590,0.200066,0.281129,0.072013,-0.034207,0.029632,0.043165,0.092148,0.111554,0.062236,0.121604,0.164865,0.176674,0.148251,0.167568,0.109794,0.110882,0.173935,0.129057,0.210868,0.041091,-0.015911,0.307255,0.067726,0.202589,0.076026,0.069263,0.060805,0.034224,-0.003824,0.063997,0.046206,-0.015469,-0.004845,-0.036298,-0.065679,-0.072624,-0.019049,0.036631
0.208156,0.003999,0.123781,0.181774,-0.145842,0.245250,0.040807,0.222612,0.318339,0.388043,0.069358,0.170846,0.205304,0.075098,0.143661,0.484039,0.587551,0.625584,1.000000,0.169460,0.412178,0.408675,0.496287,0.347135,0.292062,0.115124,0.138348,0.019432,0.658179,0.725500,0.583501,0.570499,0.156082,0.045862,0.026082,0.048324,0.162445,0.197623,0.099231,0.200793,0.241145,0.257914,0.171768,0.118518,0.102049,0.175430,0.191737,0.119701,0.239427,-0.076348,-0.073858,-0.001068,-0.117711,0.228397,0.111144,0.080708,-0.022172,0.069367,-0.015487,0.105737,0.057163,0.046278,-0.023273,-0.013422,-0.030925,0.034080,-0.043324,0.049783
0.026579,0.021501,0.370823,0.334609,-0.001212,0.411398,0.243019,0.446513,0.366862,0.257779,0.586277,0.434849,0.467446,0.605481,0.946821,0.198194,0.230581,0.221757,0.169460,1.000000,0.206913,0.179113,0.163164,0.192581,0.104389,0.157414,0.025050,-0.050438,0.196894,0.226499,0.240732,0.167027,-0.004836,-0.001433,0.350419,0.346063,0.300767,0.290781,0.382185,0.472311,0.459234,0.449323,0.484045,0.389046,0.608565,0.482681,0.503268,0.622245,0.781043,0.156191,0.330566,0.288275,0.253752,0.818613,0.363706,0.349252,0.387381,0.368110,0.381235,0.289583,0.238524,0.214045,0.372285,0.266832,0.224884,0.233532,0.276049,0.347761
0.380642,0.281291,0.251046,0.276629,0.164874,0.270905,0.216063,0.216346,0.255424,0.227927,0.087304,0.289303,0.203158,0.080437,0.180103,0.488856,0.526616,0.143834,0.412178,0.206913,1.000000,0.991046,0.415017,0.903279,0.283408,0.286146,0.288640,0.130662,0.462932,0.514465,0.537347,0.540869,0.183755,0.289128,0.149467,0.162876,0.224719,0.251468,0.205619,0.247479,0.220253,0.202618,0.203425,0.106229,0.108035,0.227050,0.169865,0.136239,0.243050,0.003647,0.066077,-0.030001,-0.007316,0.249623,0.250098,0.229145,0.107068,0.234761,0.142283,0.120846,0.082859,0.086524,0.130067,0.103561,0.054462,0.142149,0.105860,0.179410
0.387500,0.293152,0.244883,0.261091,0.178549,0.278806,0.237134,0.213685,0.267710,0.234256,0.065264,0.279135,0.196604,0.060681,0.161439,0.489670,0.535542,0.141431,0.408675,0.179113,0.991046,1.000000,0.418672,0.915807,0.277015,0.270433,0.274466,0.119194,0.463656,0.514078,0.540116,0.545041,0.175873,0.304818,0.138150,0.149138,0.210422,0.233048,0.185328,0.226112,0.211043,0.193148,0.185708,0.089279,0.087864,0.210665,0.157489,0.120807,0.229923,-0.001322,0.052699,-0.030981,-0.011676,0.230796,0.245018,0.229264,0.101474,0.225156,0.137166,0.114113,0.078814,0.080878,0.113745,0.086300,0.037549,0.127412,0.098657,0.165664
0.211333,0.079102,0.130620,0.124891,-0.007868,0.147206,0.102415,0.113841,0.150044,0.088797,0.025031,0.144377,0.098451,0.010029,0.121646,0.244384,0.291242,0.288448,0.496287,0.163164,0.415017,0.418672,1.000000,0.446666,0.789580,0.165806,0.121619,0.080125,0.683369,0.449431,0.299807,0.364188,0.159862,0.107825,0.119036,0.120113,0.111495,0.099810,0.116022,0.112544,0.125298,0.096581,0.089958,0.048118,0.036449,0.096623,0.061128,0.025669,0.120678,-0.040557,0.044124,-0.008659,-0.028036,0.138584,0.154508,0.146560,0.074508,0.149446,0.076192,0.048289,0.051524,0.068006,0.084030,0.111031,0.109048,0.125991,0.068897,0.105439
0.316128,0.219466,0.185372,0.172848,0.133101,0.224811,0.198718,0.127241,0.204420,0.137016,0.019842,0.199422,0.107113,0.003532,0.166533,0.392431,0.456770,0.078513,0.347135,0.192581,0.903279,0.915807,0.446666,1.000000,0.346526,0.266981,0.186572,0.144637,0.519470,0.521204,0.506954,0.525801,0.176259,0.258330,0.185664,0.187198,0.134535,0.131263,0.203618,0.173837,0.111100,0.082789,0.127861,0.047370,0.035726,0.117409,0.049344,0.054456,0.167398,0.054154,0.116461,-0.003428,0.053344,0.173791,0.254002,0.240657,0.154692,0.255327,0.200571,0.121671,0.114929,0.123895,0.166304,0.139565,0.089021,0.186723,0.169860,0.207224
0.122587,-0.000546,0.107113,0.110809,-0.038546,0.078439,0.043545,0.044172,0.073288,-0.025838,-0.023558,0.115885,0.032013,-0.038601,0.062844,0.133124,0.153817,0.126698,0.292062,0.104389,0.283408,0.277015,0.789580,0.346526,1.000000,0.286244,0.144179,0.092955,0.557072,0.272912,0.157422,0.205466,0.115551,0.036205,0.068027,0.068502,0.108810,0.072061,0.042743,0.043030,0.044598,0.017850,0.029358,-0.038830,-0.026462,0.036230,-0.010898,-0.047247,0.015360,-0.044659,0.036203,-0.049854,-0.026575,0.042078,0.088684,0.084934,0.054685,0.109463,0.075401,0.023778,0.038633,0.037571,0.077853,0.106537,0.104356,0.082427,0.051362,0.045406
0.184665,0.098994,0.117052,0.172248,0.024644,0.068635,0.032129,0.112495,0.061668,0.053620,0.115627,0.148243,0.111762,0.097268,0.156948,0.141207,0.146324,-0.001823,0.115124,0.157414,0.286146,0.270433,0.165806,0.266981,0.286244,1.000000,0.844705,0.208484,0.185075,0.155964,0.155040,0.167869,0.052608,0.076690,0.084365,0.100272,0.127264,0.172586,0.161622,0.194783,0.131037,0.137171,0.172747,0.138524,0.115289,0.174057,0.143225,0.118876,0.169419,-0.012718,0.073923,-0.062503,-0.004669,0.168047,0.094503,0.073855,0.088521,0.112888,0.120646,0.086788,0.049710,0.070173,0.144909,0.120089,0.104284,0.140377,0.098461,0.117518
0.303736,0.189618,0.098276,0.163434,0.078561,0.061958,0.047728,0.102244,0.057329,0.077908,0.083382,0.144763,0.102349,0.059301,0.033199,0.199237,0.190199,0.005790,0.138348,0.025050,0.288640,0.274466,0.121619,0.186572,0.144179,0.844705,1.000000,0.373660,0.132456,0.164344,0.189798,0.202052,0.054149,0.168039,0.010033,0.030588,0.110718,0.173381,0.096123,0.161389,0.127493,0.138142,0.126638,0.119342,0.099854,0.178484,0.150929,0.112405,0.145947,-0.046543,0.001973,-0.120799,-0.074579,0.144069,0.046880,0.019172,0.020672,0.055590,0.049890,0.033635,-0.020797,-0.000886,0.077431,0.065034,0.053047,0.064929,0.030423,0.050406
0.422955,0.269755,0.047247,0.030626,0.220629,-0.043891,0.062889,-0.075804,-0.057113,-0.024244,-0.020408,0.044813,-0.066477,-0.043697,-0.071857,0.143508,0.117287,-0.020454,0.019432,-0.050438,0.130662,0.119194,0.080125,0.144637,0.092955,0.208484,0.373660,1.000000,0.144689,0.151128,0.118449,0.246595,0.151756,0.451879,0.029917,0.035193,-0.017617,0.001744,0.062493,0.014635,-0.023660,-0.070581,-0.012022,0.018314,-0.018575,0.032247,-0.010713,-0.029221,-0.005046,0.055751,0.028018,-0.031626,-0.005862,0.011849,0.041235,0.027741,0.028890,0.046961,0.028117,0.006811,-0.053057,-0.016028,0.062943,0.071595,0.019822,0.057550,0.027147,0.074630
0.280109,0.125305,0.208337,0.207616,0.045028,0.330437,0.243501,0.258167,0.328447,0.250695,0.081720,0.263659,0.230129,0.068288,0.156383,0.462319,0.551515,0.191404,0.658179,0.196894,0.462932,0.463656,0.683369,0.519470,0.557072,0.185075,0.132456,0.144689,1.000000,0.852213,0.638058,0.628262,0.227542,0.195723,0.184829,0.183513,0.181689,0.165255,0.167512,0.210168,0.231196,0.220853,0.190667,0.128179,0.089040,0.190910,0.146833,0.076822,0.154793,-0.002625,0.119362,-0.019751,0.001136,0.164945,0.203900,0.179359,0.125349,0.203297,0.155403,0.132188,0.118845,0.120599,0.159736,0.161787,0.151495,0.189024,0.140378,0.158952
0.339029,0.188838,0.255397,0.291961,0.094068,0.430367,0.313922,0.351564,0.436875,0.407702,0.116817,0.339221,0.316320,0.106035,0.197627,0.642743,0.767317,0.247590,0.725500,0.226499,0.514465,0.514078,0.449431,0.521204,0.272912,0.155964,0.164344,0.151128,0.852213,1.000000,0.877862,0.783729,0.195093,0.269683,0.217673,0.224178,0.261294,0.272111,0.228036,0.291496,0.311502,0.325798,0.264616,0.210177,0.136674,0.273840,0.223061,0.138903,0.252775,0.035869,0.138290,0.009891,0.012490,0.251951,0.249722,0.217300,0.149193,0.234400,0.179510,0.167091,0.133438,0.146163,0.175619,0.157147,0.134534,0.201709,0.148614,0.205595
0.397666,0.276815,0.356687,0.393027,0.187609,0.507206,0.385554,0.424896,0.508386,0.497709,0.157535,0.432478,0.388461,0.146628,0.215776,0.764469,0.882062,0.200066,0.583501,0.240732,0.537347,0.540116,0.299807,0.506954,0.157422,0.155040,0.189798,0.118449,0.638058,0.877862,1.000000,0.835280,0.177634,0.353299,0.230578,0.240921,0.370726,0.369775,0.244329,0.336613,0.364464,0.400026,0.317481,0.256876,0.176774,0.349227,0.285901,0.185220,0.293769,0.056117,0.157466,0.004291,0.028430,0.294075,0.260605,0.230987,0.164949,0.248293,0.201750,0.194743,0.147948,0.153710,0.194312,0.169044,0.138311,0.199713,0.159874,0.214453
0.526621,0.323655,0.255013,0.270110,0.169486,0.310150,0.244038,0.243287,0.361623,0.407797,0.036053,0.292155,0.217918,0.025205,0.123474,0.719206,0.809837,0.281129,0.570499,0.167027,0.540869,0.545041,0.364188,0.525801,0.205466,0.167869,0.202052,0.246595,0.628262,0.783729,0.835280,1.000000,0.313928,0.468251,0.168965,0.178104,0.262129,0.237464,0.177888,0.243233,0.238576,0.241981,0.223053,0.192555,0.049993,0.197748,0.149866,0.057563,0.189245,0.052239,0.109423,-0.043123,-0.011464,0.197029,0.206235,0.181880,0.113568,0.204644,0.138765,0.128357,0.099342,0.106171,0.150752,0.153524,0.126909,0.172794,0.119635,0.165633
0.153283,0.054457,0.079326,0.058366,0.008055,0.024650,0.020845,0.006537,0.041219,0.055466,-0.080836,0.047627,-0.013283,-0.091096,-0.032706,0.205883,0.190444,0.072013,0.156082,-0.004836,0.183755,0.175873,0.159862,0.176259,0.115551,0.052608,0.054149,0.151756,0.227542,0.195093,0.177634,0.313928,1.000000,0.108191,0.053151,0.034535,0.035470,0.020691,0.005693,-0.013986,0.001240,-0.002081,-0.017081,-0.022655,-0.101743,-0.040410,-0.077400,-0.117860,-0.026312,-0.003661,0.004581,-0.004394,-0.010754,-0.016985,0.010492,0.008432,0.011708,0.036695,-0.006796,0.048642,0.064179,0.021986,0.020066,0.035441,0.039621,0.043172,0.050099,0.026274
0.852955,0.832593,0.156847,0.131841,0.764192,0.143128,0.374910,0.026170,0.133279,0.098325,-0.050954,0.146043,0.014902,-0.072983,-0.016228,0.385512,0.440502,-0.034207,0.045862,-0.001433,0.289128,0.304818,0.107825,0.258330,0.036205,0.076690,0.168039,0.451879,0.195723,0.269683,0.353299,0.468251,0.108191,1.000000,0.067027,0.070503,0.085116,0.081701,0.090697,0.056779,0.023095,0.001916,0.032655,0.029694,-0.040928,0.065042,-0.002521,-0.042400,0.029336,0.067985,0.070557,-0.029954,0.029633,0.040336,0.115924,0.103477,0.064826,0.102173,0.091909,0.075264,0.035871,0.054035,0.085969,0.103687,0.064473,0.097949,0.048508,0.115696
0.022079,0.078387,0.333926,0.346195,0.103778,0.352114,0.293825,0.350567,0.248376,0.142704,0.281661,0.378300,0.352235,0.263515,0.385693,0.126275,0.173604,0.029632,0.026082,0.350419,0.149467,0.138150,0.119036,0.185664,0.068027,0.084365,0.010033,0.029917,0.184829,0.217673,0.230578,0.168965,0.053151,0.067027,1.000000,0.970238,0.374791,0.338152,0.830804,0.485018,0.366668,0.301547,0.471002,0.464521,0.295557,0.342895,0.284410,0.285863,0.328256,0.585998,0.847525,0.506145,0.639597,0.315119,0.696343,0.691383,0.791348,0.713578,0.801429,0.282095,0.365846,0.449901,0.830474,0.724164,0.669926,0.632033,0.837927,0.867691
0.035206,0.079473,0.344856,0.382649,0.093098,0.319906,0.252823,0.338407,0.220629,0.147747,0.303615,0.390386,0.348131,0.276995,0.369792,0.122455,0.173324,0.043165,0.048324,0.346063,0.162876,0.149138,0.120113,0.187198,0.068502,0.100272,0.030588,0.035193,0.183513,0.224178,0.240921,0.178104,0.034535,0.070503,0.970238,1.000000,0.407386,0.391573,0.878358,0.551731,0.404088,0.319243,0.506679,0.495027,0.325694,0.382590,0.313226,0.318062,0.360383,0.560184,0.799693,0.423787,0.557739,0.346049,0.682555,0.669418,0.732745,0.699987,0.759856,0.290803,0.357413,0.448281,0.797970,0.703830,0.650721,0.642334,0.805810,0.866227
0.157744,0.093371,0.762176,0.859725,0.022146,0.490768,0.354440,0.540417,0.475389,0.405541,0.334709,0.685304,0.532899,0.340112,0.280254,0.394565,0.395665,0.092148,0.162445,0.300767,0.224719,0.210422,0.111495,0.134535,0.108810,0.127264,0.110718,-0.017617,0.181689,0.261294,0.370726,0.262129,0.035470,0.085116,0.374791,0.407386,1.000000,0.855679,0.383119,0.468117,0.574597,0.550973,0.473955,0.362969,0.349378,0.576250,0.476021,0.357664,0.333946,0.182755,0.269840,0.085613,0.090951,0.341232,0.300930,0.297373,0.236754,0.320220,0.288698,0.239640,0.204538,0.181103,0.278346,0.203611,0.167086,0.198090,0.243480,0.303921
0.166954,0.113332,0.705765,0.908247,0.028858,0.481461,0.306278,0.565779,0.479073,0.467048,0.400877,0.699351,0.569567,0.404171,0.265375,0.388587,0.382041,0.111554,0.197623,0.290781,0.251468,0.233048,0.099810,0.131263,0.072061,0.172586,0.173381,0.001744,0.165255,0.272111,0.369775,0.237464,0.020691,0.081701,0.338152,0.391573,0.855679,1.000000,0.452570,0.577343,0.663584,0.627909,0.562478,0.447615,0.425049,0.697973,0.582318,0.443125,0.387935,0.141979,0.217305,0.013385,0.004927,0.392118,0.241394,0.224402,0.149911,0.246223,0.215151,0.230000,0.156648,0.158631,0.242011,0.182675,0.149300,0.196455,0.183589,0.312251
0.084377,0.111688,0.341844,0.410146,0.096566,0.302241,0.214409,0.355038,0.214530,0.172555,0.359414,0.416023,0.382637,0.328307,0.387398,0.131048,0.189276,0.062236,0.099231,0.382185,0.205619,0.185328,0.116022,0.203618,0.042743,0.161622,0.096123,0.062493,0.167512,0.228036,0.244329,0.177888,0.005693,0.090697,0.830804,0.878358,0.383119,0.452570,1.000000,0.707789,0.505185,0.389036,0.619828,0.596143,0.396227,0.488365,0.417503,0.402056,0.442412,0.499482,0.701373,0.284288,0.395224,0.432409,0.610545,0.592183,0.601448,0.649557,0.674520,0.363146,0.366638,0.510258,0.745092,0.666565,0.579721,0.642630,0.655234,0.918774
0.098465,0.055378,0.458477,0.531424,0.038724,0.568688,0.289395,0.685086,0.525554,0.515441,0.589641,0.636516,0.712327,0.589293,0.470913,0.289234,0.313186,0.121604,0.200793,0.472311,0.247479,0.226112,0.112544,0.173837,0.043030,0.194783,0.161389,0.014635,0.210168,0.291496,0.336613,0.243233,-0.013986,0.056779,0.485018,0.551731,0.468117,0.577343,0.707789,1.000000,0.831101,0.772806,0.953816,0.818766,0.633853,0.764114,0.748538,0.663854,0.594726,0.276868,0.442304,0.136526,0.167884,0.584178,0.427032,0.403474,0.392331,0.449397,0.423868,0.304491,0.247964,0.287488,0.521213,0.409215,0.345633,0.356590,0.317375,0.542649
0.075982,0.038934,0.650292,0.687247,0.020156,0.741360,0.499706,0.871653,0.721967,0.640451,0.582708,0.815950,0.876548,0.625867,0.485457,0.399292,0.401874,0.164865,0.241145,0.459234,0.220253,0.211043,0.125298,0.111100,0.044598,0.131037,0.127493,-0.023660,0.231196,0.311502,0.364464,0.238576,0.001240,0.023095,0.366668,0.404088,0.574597,0.663584,0.505185,0.831101,1.000000,0.917744,0.878765,0.685609,0.602782,0.843142,0.843841,0.648207,0.564946,0.138288,0.299868,0.165798,0.106649,0.550505,0.340328,0.336169,0.312350,0.359643,0.295473,0.272190,0.208098,0.169033,0.341467,0.183751,0.123835,0.138101,0.203398,0.363250
0.072213,0.022496,0.622507,0.658527,-0.003429,0.837969,0.488485,0.963617,0.827464,0.746390,0.640239,0.822542,0.964127,0.685203,0.481512,0.450729,0.445848,0.176674,0.257914,0.449323,0.202618,0.193148,0.096581,0.082789,0.017850,0.137171,0.138142,-0.070581,0.220853,0.325798,0.400026,0.241981,-0.002081,0.001916,0.301547,0.319243,0.550973,0.627909,0.389036,0.772806,0.917744,1.000000,0.841734,0.671275,0.653983,0.860737,0.897558,0.691157,0.567031,0.092562,0.251830,0.201829,0.128115,0.550333,0.288408,0.281945,0.296497,0.300523,0.279766,0.282162,0.218641,0.176706,0.291773,0.142290,0.107411,0.105031,0.168301,0.275233
0.055500,0.023035,0.498883,0.550996,0.029816,0.671354,0.372005,0.786409,0.641941,0.620057,0.603232,0.695328,0.801940,0.627683,0.502048,0.312370,0.320729,0.148251,0.171768,0.484045,0.203425,0.185708,0.089958,0.127861,0.029358,0.172747,0.126638,-0.012022,0.190667,0.264616,0.317481,0.223053,-0.017081,0.032655,0.471002,0.506679,0.473955,0.562478,0.619828,0.953816,0.878765,0.841734,1.000000,0.864711,0.629041,0.777430,0.788141,0.661584,0.572270,0.295757,0.469239,0.242659,0.259772,0.557785,0.415622,0.406511,0.444019,0.439224,0.428283,0.297078,0.243884,0.236290,0.524654,0.382970,0.318121,0.287976,0.323771,0.483813
0.043237,0.030406,0.353311,0.416495,0.019839,0.486378,0.255127,0.602098,0.470171,0.576993,0.457134,0.519870,0.612958,0.469930,0.394264,0.237139,0.237568,0.167568,0.118518,0.389046,0.106229,0.089279,0.048118,0.047370,-0.038830,0.138524,0.119342,0.018314,0.128179,0.210177,0.256876,0.192555,-0.022655,0.029694,0.464521,0.495027,0.362969,0.447615,0.596143,0.818766,0.685609,0.671275,0.864711,1.000000,0.490607,0.604508,0.616762,0.519563,0.461957,0.487730,0.552995,0.288209,0.331201,0.441845,0.362428,0.353256,0.446792,0.382080,0.432891,0.228375,0.185749,0.195545,0.560548,0.466233,0.412555,0.310702,0.366518,0.501795
0.007701,-0.006336,0.428407,0.415659,-0.041752,0.523712,0.236653,0.612789,0.474670,0.382290,0.970599,0.555646,0.681736,0.951936,0.602036,0.186391,0.172717,0.109794,0.102049,0.608565,0.108035,0.087864,0.036449,0.035726,-0.026462,0.115289,0.099854,-0.018575,0.089040,0.136674,0.176774,0.049993,-0.101743,-0.040928,0.295557,0.325694,0.349378,0.425049,0.396227,0.633853,0.602782,0.653983,0.629041,0.490607,1.000000,0.766805,0.822558,0.977747,0.711292,0.126101,0.279950,0.204210,0.171287,0.721615,0.285585,0.256697,0.289245,0.286097,0.320877,0.253969,0.187400,0.186540,0.329025,0.199620,0.172266,0.190112,0.225415,0.284696
0.135747,0.101952,0.632918,0.690186,0.039381,0.698606,0.425749,0.814360,0.649786,0.545298,0.734202,0.829908,0.855362,0.746584,0.496948,0.380924,0.370585,0.110882,0.175430,0.482681,0.227050,0.210665,0.096623,0.117409,0.036230,0.174057,0.178484,0.032247,0.190910,0.273840,0.349227,0.197748,-0.040410,0.065042,0.342895,0.382590,0.576250,0.697973,0.488365,0.764114,0.843142,0.860737,0.777430,0.604508,0.766805,1.000000,0.937546,0.793158,0.623769,0.151144,0.287464,0.140329,0.100355,0.616116,0.316868,0.296837,0.275538,0.332120,0.318515,0.289784,0.216181,0.231539,0.325422,0.195707,0.153365,0.189523,0.215554,0.359039
0.064864,0.023139,0.572378,0.589273,-0.021005,0.716234,0.387542,0.847790,0.691092,0.600313,0.788275,0.762409,0.900559,0.825591,0.540029,0.349194,0.332748,0.173935,0.191737,0.503268,0.169865,0.157489,0.061128,0.049344,-0.010898,0.143225,0.150929,-0.010713,0.146833,0.223061,0.285901,0.149866,-0.077400,-0.002521,0.284410,0.313226,0.476021,0.582318,0.417503,0.748538,0.843841,0.897558,0.788141,0.616762,0.822558,0.937546,1.000000,0.869349,0.664275,0.120460,0.254403,0.197265,0.123252,0.642456,0.287457,0.271487,0.275502,0.293638,0.288789,0.285284,0.206679,0.193701,0.292367,0.133920,0.096703,0.097443,0.163254,0.295292
0.012876,-0.013393,0.442225,0.430141,-0.055252,0.545548,0.240444,0.641651,0.506918,0.420562,0.926688,0.569998,0.710776,0.929743,0.641216,0.207935,0.198731,0.129057,0.119701,0.622245,0.136239,0.120807,0.025669,0.054456,-0.047247,0.118876,0.112405,-0.029221,0.076822,0.138903,0.185220,0.057563,-0.117860,-0.042400,0.285863,0.318062,0.357664,0.443125,0.402056,0.663854,0.648207,0.691157,0.661584,0.519563,0.977747,0.793158,0.869349,1.000000,0.773793,0.134189,0.273739,0.200998,0.163328,0.765761,0.301446,0.276352,0.291972,0.296589,0.317205,0.257607,0.178052,0.170162,0.320918,0.178370,0.146327,0.154013,0.204904,0.285293
0.108711,0.051457,0.388905,0.393812,-0.011014,0.460636,0.244381,0.525723,0.429932,0.368239,0.622822,0.487575,0.554084,0.627588,0.812288,0.274447,0.312563,0.210868,0.239427,0.781043,0.243050,0.229923,0.120678,0.167398,0.015360,0.169419,0.145947,-0.005046,0.154793,0.252775,0.293769,0.189245,-0.026312,0.029336,0.328256,0.360383,0.333946,0.387935,0.442412,0.594726,0.564946,0.567031,0.572270,0.461957,0.711292,0.623769,0.664275,0.773793,1.000000,0.146795,0.291679,0.199093,0.169607,0.979231,0.390067,0.359318,0.351122,0.387269,0.355885,0.325761,0.182772,0.177023,0.360551,0.259204,0.218598,0.227212,0.232655,0.362982
-0.007645,0.089335,0.166766,0.157639,0.122092,0.132628,0.176470,0.121063,0.065968,0.050040,0.103226,0.174674,0.133765,0.096708,0.189714,0.022309,0.040578,0.041091,-0.076348,0.156191,0.003647,-0.001322,-0.040557,0.054154,-0.044659,-0.012718,-0.046543,0.055751,-0.002625,0.035869,0.056117,0.052239,-0.003661,0.067985,0.585998,0.560184,0.182755,0.141979,0.499482,0.276868,0.138288,0.092562,0.295757,0.487730,0.126101,0.151144,0.120460,0.134189,0.146795,1.000000,0.743777,0.489366,0.596653,0.124437,0.380517,0.384344,0.545864,0.382749,0.523504,0.160304,0.226384,0.226634,0.577910,0.499003,0.462074,0.290501,0.532077,0.571850
0.008886,0.098209,0.293060,0.262265,0.137977,0.317128,0.310682,0.309662,0.210999,0.088892,0.264417,0.339228,0.317261,0.253132,0.375583,0.069016,0.115177,-0.015911,-0.073858,0.330566,0.066077,0.052699,0.044124,0.116461,0.036203,0.073923,0.001973,0.028018,0.119362,0.138290,0.157466,0.109423,0.004581,0.070557,0.847525,0.799693,0.269840,0.217305,0.701373,0.442304,0.299868,0.251830,0.469239,0.552995,0.279950,0.287464,0.254403,0.273739,0.291679,0.743777,1.000000,0.600394,0.794839,0.275296,0.628479,0.626943,0.834249,0.639764,0.811149,0.257815,0.328563,0.343318,0.920277,0.840013,0.790318,0.608297,0.846644,0.767042
-0.089002,0.011282,0.179144,0.096898,0.067216,0.315445,0.280256,0.288297,0.262739,0.157554,0.210773,0.217538,0.284582,0.242623,0.344385,0.032504,0.045913,0.307255,-0.001068,0.288275,-0.030001,-0.030981,-0.008659,-0.003428,-0.049854,-0.062503,-0.120799,-0.031626,-0.019751,0.009891,0.004291,-0.043123,-0.004394,-0.029954,0.506145,0.423787,0.085613,0.013385,0.284288,0.136526,0.165798,0.201829,0.242659,0.288209,0.204210,0.140329,0.197265,0.200998,0.199093,0.489366,0.600394,1.000000,0.858625,0.177719,0.432045,0.451417,0.688822,0.404607,0.536316,0.166519,0.245168,0.175647,0.510958,0.327540,0.241618,0.114897,0.512551,0.403021
-0.057278,0.066564,0.155905,0.079693,0.140622,0.287886,0.298659,0.232187,0.202869,0.064535,0.172958,0.192859,0.225289,0.183071,0.323771,-0.006691,0.031779,0.067726,-0.117711,0.253752,-0.007316,-0.011676,-0.028036,0.053344,-0.026575,-0.004669,-0.074579,-0.005862,0.001136,0.012490,0.028430,-0.011464,-0.010754,0.029633,0.639597,0.557739,0.090951,0.004927,0.395224,0.167884,0.106649,0.128115,0.259772,0.331201,0.171287,0.100355,0.123252,0.163328,0.169607,0.596653,0.794839,0.858625,1.000000,0.148587,0.542267,0.556993,0.838358,0.521921,0.717233,0.162235,0.266200,0.225267,0.730316,0.595342,0.506716,0.303653,0.705203,0.515910
0.124491,0.063732,0.389131,0.399737,-0.010751,0.443105,0.236211,0.508150,0.410598,0.345110,0.641005,0.489719,0.535982,0.636855,0.810781,0.269600,0.301764,0.202589,0.228397,0.818613,0.249623,0.230796,0.138584,0.173791,0.042078,0.168047,0.144069,0.011849,0.164945,0.251951,0.294075,0.197029,-0.016985,0.040336,0.315119,0.346049,0.341232,0.392118,0.432409,0.584178,0.550505,0.550333,0.557785,0.441845,0.721615,0.616116,0.642456,0.765761,0.979231,0.124437,0.275296,0.177719,0.148587,1.000000,0.385356,0.353029,0.337577,0.387101,0.344878,0.314455,0.178783,0.177505,0.351138,0.262319,0.220154,0.246764,0.225636,0.355882
0.097316,0.101971,0.277334,0.287168,0.121604,0.369729,0.323982,0.337967,0.294293,0.157897,0.265628,0.374681,0.338532,0.258227,0.399570,0.172195,0.215177,0.076026,0.111144,0.363706,0.250098,0.245018,0.154508,0.254002,0.088684,0.094503,0.046880,0.041235,0.203900,0.249722,0.260605,0.206235,0.010492,0.115924,0.696343,0.682555,0.300930,0.241394,0.610545,0.427032,0.340328,0.288408,0.415622,0.362428,0.285585,0.316868,0.287457,0.301446,0.390067,0.380517,0.628479,0.432045,0.542267,0.385356,1.000000,0.982516,0.772738,0.941983,0.771769,0.301050,0.318093,0.342885,0.663081,0.504374,0.407556,0.413824,0.628188,0.638615
0.077772,0.089288,0.281707,0.275164,0.111052,0.367932,0.326122,0.339954,0.294153,0.155534,0.240405,0.370840,0.337163,0.241543,0.387224,0.152870,0.190716,0.069263,0.080708,0.349252,0.229145,0.229264,0.146560,0.240657,0.084934,0.073855,0.019172,0.027741,0.179359,0.217300,0.230987,0.181880,0.008432,0.103477,0.691383,0.669418,0.297373,0.224402,0.592183,0.403474,0.336169,0.281945,0.406511,0.353256,0.256697,0.296837,0.271487,0.276352,0.359318,0.384344,0.626943,0.451417,0.556993,0.353029,0.982516,1.000000,0.784611,0.947617,0.766797,0.296879,0.319402,0.342028,0.648862,0.482474,0.377899,0.386359,0.616485,0.636602
0.017958,0.087981,0.299457,0.233343,0.139073,0.432112,0.388151,0.390845,0.338242,0.173115,0.284051,0.371845,0.384496,0.286884,0.446293,0.103606,0.149172,0.060805,-0.022172,0.387381,0.107068,0.101474,0.074508,0.154692,0.054685,0.088521,0.020672,0.028890,0.125349,0.149193,0.164949,0.113568,0.011708,0.064826,0.791348,0.732745,0.236754,0.149911,0.601448,0.392331,0.312350,0.296497,0.444019,0.446792,0.289245,0.275538,0.275502,0.291972,0.351122,0.545864,0.834249,0.688822,0.838358,0.337577,0.772738,0.784611,1.000000,0.790782,0.906874,0.258952,0.339938,0.342249,0.871280,0.697602,0.589356,0.477680,0.794169,0.698420
0.089279,0.100474,0.313049,0.299647,0.116035,0.371676,0.329382,0.354635,0.290309,0.149030,0.267347,0.395258,0.356245,0.257346,0.391685,0.154591,0.194825,0.034224,0.069367,0.368110,0.234761,0.225156,0.149446,0.255327,0.109463,0.112888,0.055590,0.046961,0.203297,0.234400,0.248293,0.204644,0.036695,0.102173,0.713578,0.699987,0.320220,0.246223,0.649557,0.449397,0.359643,0.300523,0.439224,0.382080,0.286097,0.332120,0.293638,0.296589,0.387269,0.382749,0.639764,0.404607,0.521921,0.387101,0.941983,0.947617,0.790782,1.000000,0.810579,0.364253,0.360202,0.401459,0.687038,0.529472,0.421890,0.442788,0.632300,0.692824
0.049761,0.112351,0.316607,0.263686,0.148092,0.393302,0.351317,0.351671,0.292218,0.133984,0.311690,0.368709,0.356364,0.298476,0.421964,0.113564,0.167707,-0.003824,-0.015487,0.381235,0.142283,0.137166,0.076192,0.200571,0.075401,0.120646,0.049890,0.028117,0.155403,0.179510,0.201750,0.138765,-0.006796,0.091909,0.801429,0.759856,0.288698,0.215151,0.674520,0.423868,0.295473,0.279766,0.428283,0.432891,0.320877,0.318515,0.288789,0.317205,0.355885,0.523504,0.811149,0.536316,0.717233,0.344878,0.771769,0.766797,0.906874,0.810579,1.000000,0.403156,0.452212,0.520894,0.880409,0.713611,0.613556,0.554673,0.814877,0.771095
0.063655,0.062814,0.258226,0.249065,0.071464,0.261425,0.194268,0.280895,0.231839,0.161857,0.245744,0.295670,0.288321,0.252173,0.267385,0.183595,0.222664,0.063997,0.105737,0.289583,0.120846,0.114113,0.048289,0.121671,0.023778,0.086788,0.033635,0.006811,0.132188,0.167091,0.194743,0.128357,0.048642,0.075264,0.282095,0.290803,0.239640,0.230000,0.363146,0.304491,0.272190,0.282162,0.297078,0.228375,0.253969,0.289784,0.285284,0.257607,0.325761,0.160304,0.257815,0.166519,0.162235,0.314455,0.301050,0.296879,0.258952,0.364253,0.403156,1.000000,0.870671,0.678578,0.301823,0.227396,0.179585,0.258306,0.247628,0.412955
0.016180,0.032903,0.224951,0.187384,0.051584,0.244299,0.212050,0.246678,0.210075,0.103689,0.195336,0.249041,0.247632,0.205211,0.232183,0.122971,0.170826,0.046206,0.057163,0.238524,0.082859,0.078814,0.051524,0.114929,0.038633,0.049710,-0.020797,-0.053057,0.118845,0.133438,0.147948,0.099342,0.064179,0.035871,0.365846,0.357413,0.204538,0.156648,0.366638,0.247964,0.208098,0.218641,0.243884,0.185749,0.187400,0.216181,0.206679,0.178052,0.182772,0.226384,0.328563,0.245168,0.266200,0.178783,0.318093,0.319402,0.339938,0.360202,0.452212,0.870671,1.000000,0.807812,0.342892,0.257682,0.219250,0.280748,0.301709,0.448915
0.040293,0.052976,0.161284,0.143814,0.053185,0.185529,0.151872,0.188921,0.137755,0.040308,0.193072,0.196263,0.201340,0.179028,0.202427,0.073862,0.140704,-0.015469,0.046278,0.214045,0.086524,0.080878,0.068006,0.123895,0.037571,0.070173,-0.000886,-0.016028,0.120599,0.146163,0.153710,0.106171,0.021986,0.054035,0.449901,0.448281,0.181103,0.158631,0.510258,0.287488,0.169033,0.176706,0.236290,0.195545,0.186540,0.231539,0.193701,0.170162,0.177023,0.226634,0.343318,0.175647,0.225267,0.177505,0.342885,0.342028,0.342249,0.401459,0.520894,0.678578,0.807812,1.000000,0.385071,0.331380,0.276539,0.413704,0.341920,0.634073
0.047130,0.100333,0.299892,0.273769,0.131691,0.341681,0.301427,0.333847,0.242106,0.126297,0.313164,0.355122,0.341162,0.289360,0.402867,0.098731,0.156796,-0.004845,-0.023273,0.372285,0.130067,0.113745,0.084030,0.166304,0.077853,0.144909,0.077431,0.062943,0.159736,0.175619,0.194312,0.150752,0.020066,0.085969,0.830474,0.797970,0.278346,0.242011,0.745092,0.521213,0.341467,0.291773,0.524654,0.560548,0.329025,0.325422,0.292367,0.320918,0.360551,0.577910,0.920277,0.510958,0.730316,0.351138,0.663081,0.648862,0.871280,0.687038,0.880409,0.301823,0.342892,0.385071,1.000000,0.903812,0.811366,0.676719,0.857654,0.788796
0.074782,0.110020,0.176389,0.183707,0.120791,0.176455,0.170238,0.163992,0.084942,0.014376,0.183177,0.211615,0.167708,0.138110,0.267577,0.059002,0.124395,-0.036298,-0.013422,0.266832,0.103561,0.086300,0.111031,0.139565,0.106537,0.120089,0.065034,0.071595,0.161787,0.157147,0.169044,0.153524,0.035441,0.103687,0.724164,0.703830,0.203611,0.182675,0.666565,0.409215,0.183751,0.142290,0.382970,0.466233,0.199620,0.195707,0.133920,0.178370,0.259204,0.499003,0.840013,0.327540,0.595342,0.262319,0.504374,0.482474,0.697602,0.529472,0.713611,0.227396,0.257682,0.331380,0.903812,1.000000,0.932932,0.813273,0.785918,0.708141
