1.000000,0.581162,0.136714,0.208881,0.205835,-0.088905,0.052996,-0.166941,0.052345,-0.070522,0.026657,0.022679,-0.079136,0.033307,0.065203,0.081794,0.257911,0.123244,0.152353,0.074357,-0.032873,-0.006878,-0.043964,-0.081585,-0.077383,-0.028245,-0.014328,0.087223,0.039461,0.167881,0.037931,0.303166,0.038786,0.793679,0.013326,-0.003590,0.097199,0.107533,0.040367,0.026553,-0.046053,-0.126965,-0.009725,-0.052685,0.063250,0.040793,-0.002224,-0.004797,0.077092,0.013593,0.010263,0.083821,0.092842,0.153754,0.017645,0.034559,0.046595,0.038140,0.030267,0.094223,-0.041183,-0.025174,0.077750,0.073053,0.090170,0.050345,0.019270,0.029030
0.581162,1.000000,0.169982,0.151033,0.513334,0.128341,0.210865,-0.085087,0.163286,0.014111,0.031923,0.027675,-0.045427,0.050867,0.104626,0.218567,0.355926,0.264010,0.263174,0.126235,0.085241,0.116852,0.024877,0.018591,-0.008681,0.071530,-0.013477,0.147110,0.146371,0.250587,0.039969,0.330391,0.146925,0.698715,0.024973,-0.009919,0.123221,0.144190,0.029878,-0.046087,-0.066483,-0.128921,-0.062730,-0.141403,0.043292,0.056864,0.011194,-0.018650,0.066204,-0.003222,-0.019308,0.122719,0.120777,0.151193,0.003963,-0.006201,0.040747,-0.015491,-0.028261,0.132636,-0.004359,-0.018779,-0.001792,0.017242,0.007473,0.027529,0.055500,0.000991
0.136714,0.169982,1.000000,0.241989,0.127753,-0.057623,0.000112,-0.056280,-0.023366,-0.112786,0.092843,0.101522,0.056802,0.116909,0.034406,0.078472,0.078749,0.122024,0.033532,0.057445,0.108025,0.064406,0.008111,-0.013940,0.001519,0.030135,0.007232,0.141015,0.003329,0.060548,0.086308,0.060120,0.038564,0.165296,0.102668,0.049367,0.299224,0.273083,0.100579,-0.033534,0.076223,-0.017819,-0.048576,-0.028189,0.108080,0.163683,0.113948,0.082072,0.108738,0.124926,0.101215,0.133196,0.126905,0.144253,0.077124,0.112586,0.046693,0.042296,-0.019611,0.158142,0.030640,0.002806,0.064424,0.084680,0.112250,0.093827,-0.013808,0.096500
0.208881,0.151033,0.241989,1.000000,0.083661,-0.071612,0.090736,-0.135539,-0.057016,-0.103351,-0.001152,0.530382,0.037691,-0.041709,-0.046574,-0.030904,-0.021481,-0.017052,0.021393,-0.050133,-0.114438,-0.109740,-0.045138,-0.115650,0.041432,0.003828,0.010042,0.036081,0.053078,0.056470,0.024890,0.103221,0.108010,0.164356,0.061869,0.102149,0.344350,0.700351,0.067780,-0.007120,0.118473,0.091300,-0.069436,-0.057729,0.089104,0.605998,0.553872,0.294915,0.176391,0.023074,0.016915,-0.023244,0.022368,0.168768,-0.056309,-0.043456,-0.040010,-0.010757,-0.093691,0.052231,0.063987,0.058505,-0.037378,0.056428,0.009288,0.066781,-0.001688,0.086212
0.205835,0.513334,0.127753,0.083661,1.000000,0.490556,0.434633,0.101375,0.275176,0.209736,0.073008,0.016760,0.065326,0.096502,0.180468,0.439833,0.396454,0.370991,0.281446,0.213767,0.168621,0.203554,0.212103,0.119406,0.061294,0.072237,-0.003538,0.059971,0.194064,0.165614,0.035756,0.213256,0.048904,0.450278,-0.070649,-0.110117,0.021606,0.080702,-0.068808,-0.113209,-0.044124,-0.103691,-0.106189,-0.176822,0.108917,0.063013,0.020869,0.082582,0.184751,0.043350,0.040689,0.226319,0.169082,0.185033,0.082462,0.122132,0.137096,-0.026889,0.063410,0.122520,0.047012,-0.070098,0.044524,0.023377,0.041779,0.030854,0.026979,-0.058461
-0.088905,0.128341,-0.057623,-0.071612,0.490556,1.000000,0.529024,0.521415,0.551988,0.434444,0.056254,0.103481,0.291828,0.069849,0.074210,0.325949,0.215320,0.217694,0.176915,0.077530,0.081254,0.082379,0.180986,0.068864,0.087543,0.089171,0.068958,0.027720,0.190222,0.068328,0.059149,0.079782,0.036485,0.056523,-0.166412,-0.137398,-0.154444,-0.068570,-0.222218,-0.142775,0.079793,0.157079,-0.032241,-0.123370,0.118021,0.007944,0.036366,0.232537,0.110686,0.003782,0.056276,0.096655,0.048150,0.002795,0.108004,0.115060,0.031278,-0.048382,0.008486,-0.107824,-0.081031,-0.043578,0.081698,0.023028,0.074948,-0.010926,0.043827,-0.157123
0.052996,0.210865,0.000112,0.090736,0.434633,0.529024,1.000000,0.571010,0.361033,0.371214,0.190377,0.300757,0.494559,0.163171,-0.023518,0.188736,0.089442,0.100789,0.106256,-0.017083,0.098316,0.115591,0.138656,0.124585,0.026807,0.034601,0.062109,-0.018749,0.117295,0.063948,0.007767,0.076455,0.024060,0.143273,-0.077801,-0.127568,-0.029496,0.113265,-0.122854,-0.044161,0.340650,0.419819,0.034196,0.005672,0.315516,0.082812,0.116492,0.406502,0.221553,0.144068,0.090731,-0.009932,-0.029074,0.150473,0.122463,0.202551,-0.033427,0.119707,0.020616,0.016133,0.002177,-0.086556,0.215144,0.127272,0.104904,-0.030693,0.037671,-0.167035
-0.166941,-0.085087,-0.056280,-0.135539,0.101375,0.521415,0.571010,1.000000,0.218382,0.410805,0.103126,0.196336,0.738408,0.065104,-0.332474,0.133614,-0.009782,-0.051582,-0.028319,-0.322431,0.000520,0.023112,0.136719,0.099478,0.114840,0.025271,0.100367,0.049173,0.034358,-0.080576,-0.025344,-0.033854,0.018188,-0.119833,-0.153142,-0.257742,-0.089858,-0.042127,-0.305166,-0.229862,0.222651,0.681531,-0.084080,0.060253,0.232274,-0.112517,0.040089,0.447919,-0.107608,0.028846,-0.042477,-0.150812,-0.143293,-0.212829,0.139268,0.143385,-0.061053,0.013439,-0.041226,-0.201055,-0.087423,-0.081311,0.073039,-0.042159,0.002202,-0.095119,0.090868,-0.307886
0.052345,0.163286,-0.023366,-0.057016,0.275176,0.551988,0.361033,0.218382,1.000000,0.460788,-0.051013,0.005352,0.004164,-0.066848,0.057042,0.219063,0.187598,0.145268,0.290082,0.071153,0.025158,0.054703,0.044764,0.060440,-0.010663,0.045935,0.050469,-0.040716,0.111367,0.183572,0.004528,0.052742,0.018232,0.129799,-0.060677,-0.028719,-0.106730,-0.053391,-0.079215,0.097363,0.111427,0.072038,0.278747,0.056176,-0.010436,-0.033143,-0.047934,0.023745,0.036851,0.004196,0.016936,0.024322,0.041081,0.030770,-0.024987,0.008417,-0.037504,-0.029592,-0.001068,-0.013780,0.019469,-0.020953,0.076504,-0.012165,0.033271,-0.076618,-0.026948,-0.116659
-0.070522,0.014111,-0.112786,-0.103351,0.209736,0.434444,0.371214,0.410805,0.460788,1.000000,-0.081174,0.049927,0.137765,-0.177448,-0.205577,0.304902,0.095407,0.082014,0.115074,-0.182616,0.023857,0.069831,0.192944,0.134603,0.176661,0.127806,0.084475,0.024891,0.113436,0.023466,0.034554,0.054350,0.016588,0.006132,0.006257,-0.061356,-0.093494,-0.084587,-0.052499,0.230491,0.271681,0.391259,0.286188,0.543992,0.075868,-0.078353,0.011525,0.196784,-0.090771,0.270713,0.094326,-0.061428,-0.108125,-0.186620,0.019981,0.067980,-0.057580,0.105793,-0.019893,-0.032314,0.035202,-0.054995,0.116727,0.068407,0.059126,-0.146723,-0.000814,-0.109945
0.026657,0.031923,0.092843,-0.001152,0.073008,0.056254,0.190377,0.103126,-0.051013,-0.081174,1.000000,0.211421,0.448357,0.930270,0.147775,0.066108,0.017602,0.037610,0.023090,0.122010,0.254905,0.170591,0.179911,0.152979,-0.005430,0.069701,0.039843,0.061365,-0.023430,-0.030642,0.022977,-0.047438,-0.021355,0.033880,0.036396,0.050796,-0.028302,-0.032138,0.052487,-0.179297,0.043782,-0.096915,-0.218908,-0.100643,0.767767,0.005428,-0.079641,0.402305,0.239760,0.192197,0.266930,0.114835,0.073269,0.200894,0.376501,0.313469,0.051742,0.158461,0.113110,0.126193,-0.063636,-0.107891,0.187644,0.153274,0.117671,0.024095,0.052405,0.007832
0.022679,0.027675,0.101522,0.530382,0.016760,0.103481,0.300757,0.196336,0.005352,0.049927,0.211421,1.000000,0.443689,0.155290,-0.084921,0.015351,-0.072020,-0.083662,-0.049636,-0.121721,-0.065727,-0.094540,0.028494,-0.033421,0.052820,0.082202,0.090673,0.045926,0.052687,-0.003887,0.085661,0.024725,0.069248,-0.020220,0.025995,0.068292,0.285489,0.501263,0.035118,-0.048345,0.302768,0.338224,-0.062110,0.018079,0.364587,0.561131,0.581908,0.600443,0.298167,0.081954,0.059030,-0.066628,-0.009665,0.221168,0.044233,0.087051,-0.060746,0.113733,-0.084858,0.013939,0.010140,-0.011510,0.082608,0.134975,0.126768,0.054432,0.080407,-0.039103
-0.079136,-0.045427,0.056802,0.037691,0.065326,0.291828,0.494559,0.738408,0.004164,0.137765,0.448357,0.443689,1.000000,0.449124,-0.123895,0.098227,-0.018499,-0.060032,-0.037861,-0.169735,0.029138,0.013020,0.145007,0.045346,0.091781,0.024360,0.099359,0.064692,-0.016219,-0.070737,-0.005358,-0.057201,0.002270,-0.065362,-0.049943,-0.130051,0.055686,0.136100,-0.168569,-0.274436,0.220802,0.528334,-0.229319,-0.078206,0.568826,0.072351,0.187590,0.645936,0.169752,0.091450,0.077403,-0.073041,-0.041500,0.092672,0.233055,0.243793,-0.019433,0.099639,0.007091,-0.060015,-0.086152,-0.058636,0.124800,0.076408,0.081029,0.015144,0.116477,-0.173544
0.033307,0.050867,0.116909,-0.041709,0.096502,0.069849,0.163171,0.065104,-0.066848,-0.177448,0.930270,0.155290,0.449124,1.000000,0.387640,0.077737,0.041994,0.102632,0.041500,0.345382,0.260631,0.177203,0.138532,0.127571,-0.032839,0.052638,0.029221,0.049363,-0.033397,-0.009559,0.031886,-0.068893,-0.034178,0.053551,0.015232,0.027393,-0.032945,-0.061257,0.050704,-0.251141,-0.012382,-0.201983,-0.262034,-0.250698,0.667942,-0.030145,-0.131270,0.296004,0.364922,0.128142,0.258628,0.212696,0.174458,0.323366,0.341268,0.271197,0.089284,0.076576,0.117403,0.123507,-0.068970,-0.097044,0.162887,0.150683,0.145767,0.063832,0.079602,0.029772
0.065203,0.104626,0.034406,-0.046574,0.180468,0.074210,-0.023518,-0.332474,0.057042,-0.205577,0.147775,-0.084921,-0.123895,0.387640,1.000000,0.085177,0.097002,0.268595,0.063797,0.947706,0.139551,0.114893,-0.055065,0.015713,-0.088594,0.046051,-0.047105,-0.030509,0.020345,0.048223,0.034281,-0.091324,-0.100377,0.109130,0.056623,0.097225,-0.044749,-0.085954,0.168911,-0.003844,-0.058612,-0.426819,-0.020204,-0.300564,-0.037409,-0.060892,-0.209348,-0.264197,0.561636,-0.010142,0.159434,0.450511,0.415692,0.565803,-0.009849,-0.016204,0.185928,-0.090828,0.116699,0.148521,0.062626,-0.009305,0.100451,0.153564,0.180580,0.170776,0.051262,0.176684
0.081794,0.218567,0.078472,-0.030904,0.439833,0.325949,0.188736,0.133614,0.219063,0.304902,0.066108,0.015351,0.098227,0.077737,0.085177,1.000000,0.569119,0.470321,0.311238,0.145378,0.125924,0.156734,0.287078,0.129678,0.239647,0.126781,0.033218,0.204435,0.292978,0.173346,0.207259,0.222718,0.012357,0.258513,0.028761,-0.020117,0.058240,0.053217,-0.051061,-0.040442,0.021343,0.025647,-0.003976,-0.021305,0.086641,0.032187,0.032350,0.103094,0.094165,0.076313,0.091650,0.303013,0.174571,-0.000330,0.049775,0.131372,0.120727,0.092437,0.084478,0.047290,-0.041834,-0.002604,0.115466,0.043616,-0.008598,-0.011393,0.047108,0.017500
0.257911,0.355926,0.078749,-0.021481,0.396454,0.215320,0.089442,-0.009782,0.187598,0.095407,0.017602,-0.072020,-0.018499,0.041994,0.097002,0.569119,1.000000,0.530697,0.632781,0.129958,0.061822,0.106074,0.094242,0.008949,0.140047,0.058436,-0.039095,0.173749,0.423761,0.480206,0.323883,0.436818,0.128848,0.485435,0.040637,-0.004173,0.037603,0.014679,-0.013364,-0.040094,-0.088588,-0.113518,-0.057637,-0.104693,0.044757,-0.013858,-0.008386,-0.005270,0.056933,-0.035325,0.065415,0.209075,0.169931,0.063201,0.050019,0.064721,0.064148,0.052364,0.032921,0.047268,-0.071399,-0.046072,0.031702,0.012214,-0.001551,0.035168,0.005307,0.060865
0.123244,0.264010,0.122024,-0.017052,0.370991,0.217694,0.100789,-0.051582,0.145268,0.082014,0.037610,-0.083662,-0.060032,0.102632,0.268595,0.470321,0.530697,1.000000,0.494096,0.390938,0.211283,0.255817,0.186080,0.080053,0.147264,0.107729,0.002286,0.132301,0.328986,0.313595,0.167822,0.275322,0.070235,0.276329,-0.015922,-0.047804,0.015631,0.006052,0.047493,-0.032503,-0.058909,-0.126174,-0.025462,-0.127714,-0.006060,0.026458,-0.014089,-0.016192,0.150157,-0.002350,0.133758,0.634009,0.411984,0.094090,-0.006258,0.029352,0.239483,-0.057690,0.136097,0.097244,0.049596,0.038425,0.079081,0.081406,0.061368,0.078732,-0.024434,0.133349
0.152353,0.263174,0.033532,0.021393,0.281446,0.176915,0.106256,-0.028319,0.290082,0.115074,0.023090,-0.049636,-0.037861,0.041500,0.063797,0.311238,0.632781,0.494096,1.000000,0.086197,0.084449,0.118584,0.060825,0.033587,0.107281,-0.005671,-0.023511,0.119681,0.542015,0.757805,0.179527,0.379462,0.142556,0.308279,0.056106,0.036953,0.015042,0.051180,0.025335,-0.025356,-0.057297,-0.090725,-0.036750,-0.083601,0.032144,0.053663,0.045625,0.023189,0.081720,-0.034374,0.055273,0.111692,0.096212,0.086249,0.012353,0.023702,0.019912,0.010638,-0.008174,-0.023180,-0.041666,-0.063753,0.001271,0.021646,0.016728,0.012320,0.018115,0.065373
0.074357,0.126235,0.057445,-0.050133,0.213767,0.077530,-0.017083,-0.322431,0.071153,-0.182616,0.122010,-0.121721,-0.169735,0.345382,0.947706,0.145378,0.129958,0.390938,0.086197,1.000000,0.190229,0.168053,-0.018837,0.035943,-0.086113,0.077873,-0.012299,-0.027824,0.026228,0.049008,0.031673,-0.072132,-0.068579,0.125164,0.054058,0.091541,-0.028434,-0.088181,0.176412,0.009876,-0.058476,-0.396173,-0.005466,-0.272942,-0.083299,-0.059254,-0.201561,-0.263449,0.519517,0.003745,0.164804,0.582394,0.509169,0.507319,-0.021898,0.008000,0.257334,-0.082176,0.171897,0.179011,0.099766,0.007677,0.141583,0.179714,0.182670,0.173668,0.033976,0.198041
-0.032873,0.085241,0.108025,-0.114438,0.168621,0.081254,0.098316,0.000520,0.025158,0.023857,0.254905,-0.065727,0.029138,0.260631,0.139551,0.125924,0.061822,0.211283,0.084449,0.190229,1.000000,0.865509,0.366158,0.720348,0.149775,0.193722,0.198503,0.101466,0.052040,0.046912,0.026927,0.059433,-0.089425,0.044861,-0.006714,-0.022235,-0.047468,-0.097416,0.057316,0.051537,0.033070,-0.047991,-0.024471,-0.045373,0.160669,-0.082347,-0.101330,0.030012,0.045911,0.072066,0.225442,0.180594,0.044712,-0.015705,0.193731,0.207139,0.094312,-0.038314,0.044317,0.109299,0.051272,0.040127,0.170867,0.108455,0.057033,0.030309,-0.093260,0.051057
-0.006878,0.116852,0.064406,-0.109740,0.203554,0.082379,0.115591,0.023112,0.054703,0.069831,0.170591,-0.094540,0.013020,0.177203,0.114893,0.156734,0.106074,0.255817,0.118584,0.168053,0.865509,1.000000,0.337842,0.737809,0.182921,0.222729,0.182540,0.092271,0.093605,0.088427,0.044672,0.127959,-0.014419,0.106520,-0.012602,-0.090080,-0.064433,-0.093804,0.020416,0.048437,0.038003,-0.037913,0.002184,-0.044523,0.115593,-0.091020,-0.105163,0.000768,0.033235,0.028595,0.123355,0.155447,0.037878,-0.018809,0.101222,0.150158,0.086155,-0.062977,0.033273,0.074788,0.028036,0.064525,0.139398,0.062901,0.003636,0.033197,-0.106641,0.034670
-0.043964,0.024877,0.008111,-0.045138,0.212103,0.180986,0.138656,0.136719,0.044764,0.192944,0.179911,0.028494,0.145007,0.138532,-0.055065,0.287078,0.094242,0.186080,0.060825,-0.018837,0.366158,0.337842,1.000000,0.425813,0.470223,0.161506,0.208314,0.222611,0.118788,0.018869,0.118258,0.052714,-0.027101,0.040417,0.045963,-0.000432,-0.032292,-0.003488,0.109351,-0.000601,0.112116,0.115042,-0.057370,0.093758,0.213566,0.008265,0.018814,0.177814,-0.010487,0.193943,0.248701,0.099002,0.000018,-0.140289,0.212985,0.227664,0.085110,0.147388,0.075035,0.093140,0.019643,0.024055,0.165551,0.123455,0.048219,0.011064,0.004748,0.078377
-0.081585,0.018591,-0.013940,-0.115650,0.119406,0.068864,0.124585,0.099478,0.060440,0.134603,0.152979,-0.033421,0.045346,0.127571,0.015713,0.129678,0.008949,0.080053,0.033587,0.035943,0.720348,0.737809,0.425813,1.000000,0.253066,0.196131,0.200132,0.116702,0.027407,0.007982,0.041178,0.081523,-0.041484,0.017826,0.001815,-0.083103,-0.045831,-0.081818,0.029278,0.103140,0.110776,0.092210,0.057801,0.055217,0.097089,-0.068720,-0.065961,0.034372,-0.013614,0.047663,0.076080,-0.026942,-0.063572,-0.059760,0.118036,0.090999,-0.063103,-0.034202,-0.051340,-0.071566,-0.000427,0.032422,0.094409,0.070505,-0.026767,-0.042341,-0.154709,-0.023393
-0.077383,-0.008681,0.001519,0.041432,0.061294,0.087543,0.026807,0.114840,-0.010663,0.176661,-0.005430,0.052820,0.091781,-0.032839,-0.088594,0.239647,0.140047,0.147264,0.107281,-0.086113,0.149775,0.182921,0.470223,0.253066,1.000000,0.316674,0.292763,0.336141,0.245686,0.074222,0.184446,0.101606,-0.057542,0.000563,0.043846,-0.059807,0.083410,0.122404,0.050777,-0.026671,0.055675,0.131810,-0.079269,0.047799,0.081943,0.080928,0.092381,0.093955,-0.081730,0.041452,0.003281,-0.033961,-0.081424,-0.132433,0.002340,0.037401,0.010721,0.023607,-0.022674,-0.006466,0.005671,0.056273,-0.021432,-0.049662,-0.049330,-0.039669,0.029651,0.010409
-0.028245,0.071530,0.030135,0.003828,0.072237,0.089171,0.034601,0.025271,0.045935,0.127806,0.069701,0.082202,0.024360,0.052638,0.046051,0.126781,0.058436,0.107729,-0.005671,0.077873,0.193722,0.222729,0.161506,0.196131,0.316674,1.000000,0.537277,0.151722,0.021210,0.009079,0.034719,-0.022796,0.036573,0.004434,0.078631,-0.002350,0.003205,-0.007787,0.010947,-0.009805,0.067183,-0.020212,-0.031075,-0.006039,0.047306,0.057283,0.040648,0.064609,-0.076976,0.059140,0.108290,0.093428,0.013126,-0.093196,0.047773,0.027640,0.063164,-0.032722,0.006752,0.049267,-0.043272,0.070189,0.062701,-0.010360,0.015347,0.009566,-0.006886,0.031360
-0.014328,-0.013477,0.007232,0.010042,-0.003538,0.068958,0.062109,0.100367,0.050469,0.084475,0.039843,0.090673,0.099359,0.029221,-0.047105,0.033218,-0.039095,0.002286,-0.023511,-0.012299,0.198503,0.182540,0.208314,0.200132,0.292763,0.537277,1.000000,0.306163,-0.042334,-0.020268,-0.030380,-0.066654,0.004041,-0.033534,0.029728,0.012511,0.039203,0.020219,-0.030098,-0.037389,0.046096,0.055614,-0.029503,-0.012610,0.019921,0.061485,0.074502,0.095930,-0.049965,0.004449,0.087757,0.000956,-0.012433,-0.047571,0.085175,0.078355,0.008617,-0.036670,-0.012401,0.027872,-0.028851,0.038702,0.009767,0.043905,0.012539,-0.048664,-0.027341,-0.057693
0.087223,0.147110,0.141015,0.036081,0.059971,0.027720,-0.018749,0.049173,-0.040716,0.024891,0.061365,0.045926,0.064692,0.049363,-0.030509,0.204435,0.173749,0.132301,0.119681,-0.027824,0.101466,0.092271,0.222611,0.116702,0.336141,0.151722,0.306163,1.000000,0.198635,0.107798,0.191177,0.119338,0.016379,0.178994,0.060289,0.024109,0.159827,0.157256,0.088456,0.027508,0.089813,0.065162,-0.019399,-0.003401,0.120504,0.090935,0.074331,0.038303,-0.038429,0.150793,0.091731,0.016434,-0.011756,-0.031385,0.105179,0.067915,0.054895,0.030715,0.045178,0.060136,-0.050511,0.060828,0.108827,0.082901,0.058838,0.036648,0.033529,0.042973
0.039461,0.146371,0.003329,0.053078,0.194064,0.190222,0.117295,0.034358,0.111367,0.113436,-0.023430,0.052687,-0.016219,-0.033397,0.020345,0.292978,0.423761,0.328986,0.542015,0.026228,0.052040,0.093605,0.118788,0.027407,0.245686,0.021210,-0.042334,0.198635,1.000000,0.588070,0.351668,0.239057,0.052103,0.174412,0.120904,0.049509,0.066360,0.102286,0.048766,0.030404,0.050025,0.037722,-0.013258,-0.006789,0.030614,0.099192,0.090790,0.029439,0.044178,0.032776,0.073654,0.057426,0.042053,0.017713,-0.005565,0.015649,0.020929,0.075372,0.011003,-0.004880,-0.067672,-0.059014,0.052570,-0.008152,0.023488,0.011545,0.035452,0.052981
0.167881,0.250587,0.060548,0.056470,0.165614,0.068328,0.063948,-0.080576,0.183572,0.023466,-0.030642,-0.003887,-0.070737,-0.009559,0.048223,0.173346,0.480206,0.313595,0.757805,0.049008,0.046912,0.088427,0.018869,0.007982,0.074222,0.009079,-0.020268,0.107798,0.588070,1.000000,0.274710,0.376200,0.143234,0.298219,0.113997,0.086693,0.060975,0.061997,0.067093,0.018115,0.004506,-0.062324,-0.019201,-0.081571,-0.000300,0.049856,0.059864,-0.020307,0.053868,-0.007709,0.062509,0.039744,0.054045,0.072302,-0.026176,0.022274,0.023763,0.034732,0.004896,0.001293,-0.045938,-0.058308,0.029316,0.022185,0.030690,0.001967,0.059631,0.101362
0.037931,0.039969,0.086308,0.024890,0.035756,0.059149,0.007767,-0.025344,0.004528,0.034554,0.022977,0.085661,-0.005358,0.031886,0.034281,0.207259,0.323883,0.167822,0.179527,0.031673,0.026927,0.044672,0.118258,0.041178,0.184446,0.034719,-0.030380,0.191177,0.351668,0.274710,1.000000,0.202374,0.052181,0.111049,0.154713,0.088278,0.109220,0.063396,0.112952,0.110990,0.065950,0.031616,0.062614,0.046423,0.049116,0.043396,-0.001456,-0.013888,-0.001617,0.065846,0.088605,0.056541,0.028142,0.020597,0.046240,0.055740,0.063341,0.148228,0.108992,-0.002354,-0.028279,0.015926,0.084768,0.071953,0.077499,0.042040,0.037186,0.130402
0.303166,0.330391,0.060120,0.103221,0.213256,0.079782,0.076455,-0.033854,0.052742,0.054350,-0.047438,0.024725,-0.057201,-0.068893,-0.091324,0.222718,0.436818,0.275322,0.379462,-0.072132,0.059433,0.127959,0.052714,0.081523,0.101606,-0.022796,-0.066654,0.119338,0.239057,0.376200,0.202374,1.000000,0.236208,0.470172,-0.020695,-0.065901,0.045191,0.113784,-0.016601,0.021421,-0.018995,-0.043364,0.011888,-0.008564,-0.032250,0.089322,0.097940,0.073524,-0.002459,-0.027874,-0.010064,0.022722,0.037530,-0.027573,-0.073989,-0.032072,-0.018130,-0.026153,-0.021163,-0.004018,0.019982,0.056761,0.015092,-0.007935,0.038174,0.010895,-0.046150,0.042330
0.038786,0.146925,0.038564,0.108010,0.048904,0.036485,0.024060,0.018188,0.018232,0.016588,-0.021355,0.069248,0.002270,-0.034178,-0.100377,0.012357,0.128848,0.070235,0.142556,-0.068579,-0.089425,-0.014419,-0.027101,-0.041484,-0.057542,0.036573,0.004041,0.016379,0.052103,0.143234,0.052181,0.236208,1.000000,0.082461,0.063257,0.056076,0.035336,0.121743,0.074092,0.034638,0.094489,0.057181,0.014130,0.060074,0.003481,0.043317,0.059998,0.063078,-0.046049,0.080786,0.008898,-0.020407,0.013094,-0.025335,-0.031795,-0.077891,-0.032299,-0.020793,-0.060246,-0.001438,-0.074775,0.026983,-0.080321,0.013826,0.048787,0.058868,0.019368,0.093964
0.793679,0.698715,0.165296,0.164356,0.450278,0.056523,0.143273,-0.119833,0.129799,0.006132,0.033880,-0.020220,-0.065362,0.053551,0.109130,0.258513,0.485435,0.276329,0.308279,0.125164,0.044861,0.106520,0.040417,0.017826,0.000563,0.004434,-0.033534,0.178994,0.174412,0.298219,0.111049,0.470172,0.082461,1.000000,0.021597,-0.026229,0.098059,0.122064,0.026851,-0.026746,-0.068401,-0.168187,-0.046274,-0.095928,0.059243,0.030330,-0.016262,-0.014716,0.077925,0.014327,0.054344,0.124358,0.104430,0.149444,0.031547,0.035663,0.044439,0.019468,-0.001028,0.077216,-0.073062,-0.024633,0.037622,0.044289,0.072302,0.004883,-0.011552,0.020714
0.013326,0.024973,0.102668,0.061869,-0.070649,-0.166412,-0.077801,-0.153142,-0.060677,0.006257,0.036396,0.025995,-0.049943,0.015232,0.056623,0.028761,0.040637,-0.015922,0.056106,0.054058,-0.006714,-0.012602,0.045963,0.001815,0.043846,0.078631,0.029728,0.060289,0.120904,0.113997,0.154713,-0.020695,0.063257,0.021597,1.000000,0.710249,0.233925,0.148271,0.535072,0.327091,0.331087,0.066751,0.142281,0.226859,0.067236,-0.044360,-0.071783,-0.077520,0.001268,0.274045,0.184798,0.038614,0.005656,0.050199,0.072744,0.141715,0.111570,0.339495,0.090238,0.256696,-0.002263,0.002434,0.198521,0.274332,0.203988,0.181345,-0.026226,0.549018
-0.003590,-0.009919,0.049367,0.102149,-0.110117,-0.137398,-0.127568,-0.257742,-0.028719,-0.061356,0.050796,0.068292,-0.130051,0.027393,0.097225,-0.020117,-0.004173,-0.047804,0.036953,0.091541,-0.022235,-0.090080,-0.000432,-0.083103,-0.059807,-0.002350,0.012511,0.024109,0.049509,0.086693,0.088278,-0.065901,0.056076,-0.026229,0.710249,1.000000,0.178852,0.117295,0.491414,0.266842,0.234361,-0.054507,0.118565,0.107182,0.051033,0.044365,0.010727,-0.035146,0.034922,0.186090,0.116690,-0.006077,-0.022059,0.085223,0.104201,0.069700,0.018153,0.230234,0.025390,0.165468,-0.002503,-0.025659,0.119328,0.190684,0.158066,0.128108,-0.029456,0.443511
0.097199,0.123221,0.299224,0.344350,0.021606,-0.154444,-0.029496,-0.089858,-0.106730,-0.093494,-0.028302,0.285489,0.055686,-0.032945,-0.044749,0.058240,0.037603,0.015631,0.015042,-0.028434,-0.047468,-0.064433,-0.032292,-0.045831,0.083410,0.003205,0.039203,0.159827,0.066360,0.060975,0.109220,0.045191,0.035336,0.098059,0.233925,0.178852,1.000000,0.496248,0.191688,0.044161,0.173333,0.144701,-0.062515,0.025324,0.083068,0.298519,0.277915,0.149188,0.096890,0.021597,0.055562,0.043856,0.076869,0.137303,0.020574,0.051695,0.046660,0.051437,-0.020079,0.086855,0.120904,0.046998,0.045692,0.106453,0.051089,0.104747,0.020711,0.175589
0.107533,0.144190,0.273083,0.700351,0.080702,-0.068570,0.113265,-0.042127,-0.053391,-0.084587,-0.032138,0.501263,0.136100,-0.061257,-0.085954,0.053217,0.014679,0.006052,0.051180,-0.088181,-0.097416,-0.093804,-0.003488,-0.081818,0.122404,-0.007787,0.020219,0.157256,0.102286,0.061997,0.063396,0.113784,0.121743,0.122064,0.148271,0.117295,0.496248,1.000000,0.081940,0.016112,0.151263,0.260589,-0.052743,-0.032363,0.135812,0.664938,0.595776,0.307111,0.210945,0.010487,0.006577,-0.041418,-0.008274,0.234454,-0.063580,-0.014669,-0.012743,0.040198,-0.092522,0.031079,0.059655,0.068789,-0.039049,0.075021,0.032707,0.071414,0.021074,0.078700
0.040367,0.029878,0.100579,0.067780,-0.068808,-0.222218,-0.122854,-0.305166,-0.079215,-0.052499,0.052487,0.035118,-0.168569,0.050704,0.168911,-0.051061,-0.013364,0.047493,0.025335,0.176412,0.057316,0.020416,0.109351,0.029278,0.050777,0.010947,-0.030098,0.088456,0.048766,0.067093,0.112952,-0.016601,0.074092,0.026851,0.535072,0.491414,0.191688,0.081940,1.000000,0.443235,0.410124,0.029829,0.151577,0.231278,0.079178,-0.041156,-0.073551,-0.114831,0.131287,0.310752,0.266883,0.182095,0.168386,0.172029,0.033021,0.096526,0.183143,0.255641,0.094153,0.336088,0.217864,0.140891,0.224608,0.366732,0.316971,0.276564,-0.019171,0.694107
0.026553,-0.046087,-0.033534,-0.007120,-0.113209,-0.142775,-0.044161,-0.229862,0.097363,0.230491,-0.179297,-0.048345,-0.274436,-0.251141,-0.003844,-0.040442,-0.040094,-0.032503,-0.025356,0.009876,0.051537,0.048437,-0.000601,0.103140,-0.026671,-0.009805,-0.037389,0.027508,0.030404,0.018115,0.110990,0.021421,0.034638,-0.026746,0.327091,0.266842,0.044161,0.016112,0.443235,1.000000,0.457277,0.282807,0.700931,0.547944,-0.090886,-0.071274,-0.057167,-0.115006,-0.046150,0.251851,0.204439,0.037049,0.023809,-0.045199,-0.127685,-0.068605,0.034863,0.155235,0.039329,0.177082,0.189901,0.160236,0.295984,0.378755,0.289374,0.152449,0.014506,0.382092
-0.046053,-0.066483,0.076223,0.118473,-0.044124,0.079793,0.340650,0.222651,0.111427,0.271681,0.043782,0.302768,0.220802,-0.012382,-0.058612,0.021343,-0.088588,-0.058909,-0.057297,-0.058476,0.033070,0.038003,0.112116,0.110776,0.055675,0.067183,0.046096,0.089813,0.050025,0.004506,0.065950,-0.018995,0.094489,-0.068401,0.331087,0.234361,0.173333,0.151263,0.410124,0.457277,1.000000,0.526776,0.340955,0.385660,0.180350,0.054989,0.094195,0.219126,0.153341,0.330647,0.183346,-0.019477,0.003207,0.105055,0.063624,0.148535,-0.021569,0.225853,0.026017,0.158542,0.176174,0.046221,0.337488,0.364673,0.278405,0.126345,0.030257,0.243164
-0.126965,-0.128921,-0.017819,0.091300,-0.103691,0.157079,0.419819,0.681531,0.072038,0.391259,-0.096915,0.338224,0.528334,-0.201983,-0.426819,0.025647,-0.113518,-0.126174,-0.090725,-0.396173,-0.047991,-0.037913,0.115042,0.092210,0.131810,-0.020212,0.055614,0.065162,0.037722,-0.062324,0.031616,-0.043364,0.057181,-0.168187,0.066751,-0.054507,0.144701,0.260589,0.029829,0.282807,0.526776,1.000000,0.209919,0.398779,0.157613,0.092519,0.273506,0.427632,-0.096808,0.165825,0.018534,-0.166447,-0.137194,-0.172564,-0.001351,0.059967,-0.052235,0.147700,-0.047778,-0.091400,0.063987,0.031500,0.173841,0.152345,0.097950,0.005634,0.099532,-0.062821
-0.009725,-0.062730,-0.048576,-0.069436,-0.106189,-0.032241,0.034196,-0.084080,0.278747,0.286188,-0.218908,-0.062110,-0.229319,-0.262034,-0.020204,-0.003976,-0.057637,-0.025462,-0.036750,-0.005466,-0.024471,0.002184,-0.057370,0.057801,-0.079269,-0.031075,-0.029503,-0.019399,-0.013258,-0.019201,0.062614,0.011888,0.014130,-0.046274,0.142281,0.118565,-0.062515,-0.052743,0.151577,0.700931,0.340955,0.209919,1.000000,0.543132,-0.131987,-0.066688,-0.042861,-0.102460,-0.042538,0.177622,0.110435,0.050115,0.088826,-0.092155,-0.167751,-0.085972,-0.015058,0.093245,0.012429,0.073642,0.097467,0.064525,0.252126,0.232063,0.197821,0.031790,0.042387,0.151263
-0.052685,-0.141403,-0.028189,-0.057729,-0.176822,-0.123370,0.005672,0.060253,0.056176,0.543992,-0.100643,0.018079,-0.078206,-0.250698,-0.300564,-0.021305,-0.104693,-0.127714,-0.083601,-0.272942,-0.045373,-0.044523,0.093758,0.055217,0.047799,-0.006039,-0.012610,-0.003401,-0.006789,-0.081571,0.046423,-0.008564,0.060074,-0.095928,0.226859,0.107182,0.025324,-0.032363,0.231278,0.547944,0.385660,0.398779,0.543132,1.000000,0.035327,-0.098580,-0.022472,0.081304,-0.209074,0.405808,0.232159,-0.087438,-0.122709,-0.283373,-0.011336,0.058448,-0.066256,0.235583,-0.030310,0.095471,0.103967,0.025457,0.207645,0.242381,0.180116,-0.012246,0.044157,0.156797
0.063250,0.043292,0.108080,0.089104,0.108917,0.118021,0.315516,0.232274,-0.010436,0.075868,0.767767,0.364587,0.568826,0.667942,-0.037409,0.086641,0.044757,-0.006060,0.032144,-0.083299,0.160669,0.115593,0.213566,0.097089,0.081943,0.047306,0.019921,0.120504,0.030614,-0.000300,0.049116,-0.032250,0.003481,0.059243,0.067236,0.051033,0.083068,0.135812,0.079178,-0.090886,0.180350,0.157613,-0.131987,0.035327,1.000000,0.076893,0.071314,0.612048,0.242085,0.266572,0.243272,-0.022464,-0.018676,0.219423,0.352150,0.337992,-0.007632,0.230849,0.116599,0.146398,-0.017697,-0.085296,0.263810,0.200007,0.207297,0.022389,0.067877,-0.015897
0.040793,0.056864,0.163683,0.605998,0.063013,0.007944,0.082812,-0.112517,-0.033143,-0.078353,0.005428,0.561131,0.072351,-0.030145,-0.060892,0.032187,-0.013858,0.026458,0.053663,-0.059254,-0.082347,-0.091020,0.008265,-0.068720,0.080928,0.057283,0.061485,0.090935,0.099192,0.049856,0.043396,0.089322,0.043317,0.030330,-0.044360,0.044365,0.298519,0.664938,-0.041156,-0.071274,0.054989,0.092519,-0.066688,-0.098580,0.076893,1.000000,0.898221,0.488753,0.309404,-0.020948,-0.005341,-0.014872,-0.002879,0.186130,-0.035297,-0.004234,-0.019304,0.029632,-0.096079,0.011236,0.001100,-0.000120,-0.014327,0.037734,-0.010202,0.047565,0.026095,-0.011363
-0.002224,0.011194,0.113948,0.553872,0.020869,0.036366,0.116492,0.040089,-0.047934,0.011525,-0.079641,0.581908,0.187590,-0.131270,-0.209348,0.032350,-0.008386,-0.014089,0.045625,-0.201561,-0.101330,-0.105163,0.018814,-0.065961,0.092381,0.040648,0.074502,0.074331,0.090790,0.059864,-0.001456,0.097940,0.059998,-0.016262,-0.071783,0.010727,0.277915,0.595776,-0.073551,-0.057167,0.094195,0.273506,-0.042861,-0.022472,0.071314,0.898221,1.000000,0.608957,0.219263,-0.009492,-0.022225,-0.074424,-0.058678,0.068502,-0.074129,-0.002229,-0.065439,0.053068,-0.138612,-0.051117,-0.018577,0.010060,-0.033586,0.025490,-0.021435,0.014899,0.016180,-0.046582
-0.004797,-0.018650,0.082072,0.294915,0.082582,0.232537,0.406502,0.447919,0.023745,0.196784,0.402305,0.600443,0.645936,0.296004,-0.264197,0.103094,-0.005270,-0.016192,0.023189,-0.263449,0.030012,0.000768,0.177814,0.034372,0.093955,0.064609,0.095930,0.038303,0.029439,-0.020307,-0.013888,0.073524,0.063078,-0.014716,-0.077520,-0.035146,0.149188,0.307111,-0.114831,-0.115006,0.219126,0.427632,-0.102460,0.081304,0.612048,0.488753,0.608957,1.000000,0.234320,0.162325,0.099360,-0.058575,-0.076654,0.046821,0.155621,0.205878,-0.058533,0.139710,-0.048576,-0.040238,-0.049060,-0.055346,0.141079,0.102082,0.107099,-0.009921,0.012947,-0.117548
0.077092,0.066204,0.108738,0.176391,0.184751,0.110686,0.221553,-0.107608,0.036851,-0.090771,0.239760,0.298167,0.169752,0.364922,0.561636,0.094165,0.056933,0.150157,0.081720,0.519517,0.045911,0.033235,-0.010487,-0.013614,-0.081730,-0.076976,-0.049965,-0.038429,0.044178,0.053868,-0.001617,-0.002459,-0.046049,0.077925,0.001268,0.034922,0.096890,0.210945,0.131287,-0.046150,0.153341,-0.096808,-0.042538,-0.209074,0.242085,0.309404,0.219263,0.234320,1.000000,0.081132,0.120733,0.247619,0.281667,0.797934,0.044792,0.129544,0.139001,0.092069,0.091645,0.172392,0.085981,-0.040300,0.173514,0.191986,0.187018,0.120534,0.062662,0.097940
0.013593,-0.003222,0.124926,0.023074,0.043350,0.003782,0.144068,0.028846,0.004196,0.270713,0.192197,0.081954,0.091450,0.128142,-0.010142,0.076313,-0.035325,-0.002350,-0.034374,0.003745,0.072066,0.028595,0.193943,0.047663,0.041452,0.059140,0.004449,0.150793,0.032776,-0.007709,0.065846,-0.027874,0.080786,0.014327,0.274045,0.186090,0.021597,0.010487,0.310752,0.251851,0.330647,0.165825,0.177622,0.405808,0.266572,-0.020948,-0.009492,0.162325,0.081132,1.000000,0.465310,0.126755,0.041880,-0.016133,0.252117,0.373146,0.160126,0.389080,0.183149,0.268612,0.115006,-0.031993,0.344269,0.402668,0.349398,0.080562,-0.020881,0.276971
0.010263,-0.019308,0.101215,0.016915,0.040689,0.056276,0.090731,-0.042477,0.016936,0.094326,0.266930,0.059030,0.077403,0.258628,0.159434,0.091650,0.065415,0.133758,0.055273,0.164804,0.225442,0.123355,0.248701,0.076080,0.003281,0.108290,0.087757,0.091731,0.073654,0.062509,0.088605,-0.010064,0.008898,0.054344,0.184798,0.116690,0.055562,0.006577,0.266883,0.204439,0.183346,0.018534,0.110435,0.232159,0.243272,-0.005341,-0.022225,0.099360,0.120733,0.465310,1.000000,0.361599,0.221124,0.014963,0.269164,0.309785,0.308786,0.260850,0.314739,0.305976,0.041209,0.021640,0.404151,0.499587,0.445969,0.326703,0.155211,0.369566
0.083821,0.122719,0.133196,-0.023244,0.226319,0.096655,-0.009932,-0.150812,0.024322,-0.061428,0.114835,-0.066628,-0.073041,0.212696,0.450511,0.303013,0.209075,0.634009,0.111692,0.582394,0.180594,0.155447,0.099002,-0.026942,-0.033961,0.093428,0.000956,0.016434,0.057426,0.039744,0.056541,0.022722,-0.020407,0.124358,0.038614,-0.006077,0.043856,-0.041418,0.182095,0.037049,-0.019477,-0.166447,0.050115,-0.087438,-0.022464,-0.014872,-0.074424,-0.058575,0.247619,0.126755,0.361599,1.000000,0.780097,0.156099,-0.011875,0.093708,0.579256,-0.022543,0.362805,0.243499,0.123393,0.100504,0.244008,0.252827,0.245901,0.302705,0.093913,0.339691
0.092842,0.120777,0.126905,0.022368,0.169082,0.048150,-0.029074,-0.143293,0.041081,-0.108125,0.073269,-0.009665,-0.041500,0.174458,0.415692,0.174571,0.169931,0.411984,0.096212,0.509169,0.044712,0.037878,0.000018,-0.063572,-0.081424,0.013126,-0.012433,-0.011756,0.042053,0.054045,0.028142,0.037530,0.013094,0.104430,0.005656,-0.022059,0.076869,-0.008274,0.168386,0.023809,0.003207,-0.137194,0.088826,-0.122709,-0.018676,-0.002879,-0.058678,-0.076654,0.281667,0.041880,0.221124,0.780097,1.000000,0.265440,-0.105013,-0.015635,0.537251,-0.035989,0.350121,0.210048,0.155755,0.119426,0.231348,0.232255,0.237409,0.291191,0.042274,0.283152
0.153754,0.151193,0.144253,0.168768,0.185033,0.002795,0.150473,-0.212829,0.030770,-0.186620,0.200894,0.221168,0.092672,0.323366,0.565803,-0.000330,0.063201,0.094090,0.086249,0.507319,-0.015705,-0.018809,-0.140289,-0.059760,-0.132433,-0.093196,-0.047571,-0.031385,0.017713,0.072302,0.020597,-0.027573,-0.025335,0.149444,0.050199,0.085223,0.137303,0.234454,0.172029,-0.045199,0.105055,-0.172564,-0.092155,-0.283373,0.219423,0.186130,0.068502,0.046821,0.797934,-0.016133,0.014963,0.156099,0.265440,1.000000,0.056572,0.090072,0.062126,0.042335,0.048596,0.192958,0.120196,-0.039088,0.086933,0.138858,0.164985,0.076914,0.015264,0.085603
0.017645,0.003963,0.077124,-0.056309,0.082462,0.108004,0.122463,0.139268,-0.024987,0.019981,0.376501,0.044233,0.233055,0.341268,-0.009849,0.049775,0.050019,-0.006258,0.012353,-0.021898,0.193731,0.101222,0.212985,0.118036,0.002340,0.047773,0.085175,0.105179,-0.005565,-0.026176,0.046240,-0.073989,-0.031795,0.031547,0.072744,0.104201,0.020574,-0.063580,0.033021,-0.127685,0.063624,-0.001351,-0.167751,-0.011336,0.352150,-0.035297,-0.074129,0.155621,0.044792,0.252117,0.269164,-0.011875,-0.105013,0.056572,1.000000,0.731893,-0.025460,0.257081,0.062096,0.247633,0.011860,-0.194290,0.181405,0.162468,0.090614,0.018555,0.026247,-0.031738
0.034559,-0.006201,0.112586,-0.043456,0.122132,0.115060,0.202551,0.143385,0.008417,0.067980,0.313469,0.087051,0.243793,0.271197,-0.016204,0.131372,0.064721,0.029352,0.023702,0.008000,0.207139,0.150158,0.227664,0.090999,0.037401,0.027640,0.078355,0.067915,0.015649,0.022274,0.055740,-0.032072,-0.077891,0.035663,0.141715,0.069700,0.051695,-0.014669,0.096526,-0.068605,0.148535,0.059967,-0.085972,0.058448,0.337992,-0.004234,-0.002229,0.205878,0.129544,0.373146,0.309785,0.093708,-0.015635,0.090072,0.731893,1.000000,0.084320,0.536371,0.120927,0.273299,0.030307,-0.124493,0.323082,0.294511,0.181845,0.059798,0.045518,0.082831
0.046595,0.040747,0.046693,-0.040010,0.137096,0.031278,-0.033427,-0.061053,-0.037504,-0.057580,0.051742,-0.060746,-0.019433,0.089284,0.185928,0.120727,0.064148,0.239483,0.019912,0.257334,0.094312,0.086155,0.085110,-0.063103,0.010721,0.063164,0.008617,0.054895,0.020929,0.023763,0.063341,-0.018130,-0.032299,0.044439,0.111570,0.018153,0.046660,-0.012743,0.183143,0.034863,-0.021569,-0.052235,-0.015058,-0.066256,-0.007632,-0.019304,-0.065439,-0.058533,0.139001,0.160126,0.308786,0.579256,0.537251,0.062126,-0.025460,0.084320,1.000000,0.078731,0.560629,0.275833,0.125493,0.104894,0.369221,0.274625,0.257229,0.322831,0.169016,0.374293
0.038140,-0.015491,0.042296,-0.010757,-0.026889,-0.048382,0.119707,0.013439,-0.029592,0.105793,0.158461,0.113733,0.099639,0.076576,-0.090828,0.092437,0.052364,-0.057690,0.010638,-0.082176,-0.038314,-0.062977,0.147388,-0.034202,0.023607,-0.032722,-0.036670,0.030715,0.075372,0.034732,0.148228,-0.026153,-0.020793,0.019468,0.339495,0.230234,0.051437,0.040198,0.255641,0.155235,0.225853,0.147700,0.093245,0.235583,0.230849,0.029632,0.053068,0.139710,0.092069,0.389080,0.260850,-0.022543,-0.035989,0.042335,0.257081,0.536371,0.078731,1.000000,0.183148,0.280907,0.026547,-0.072226,0.378736,0.357421,0.210752,0.055085,0.039948,0.212686
0.030267,-0.028261,-0.019611,-0.093691,0.063410,0.008486,0.020616,-0.041226,-0.001068,-0.019893,0.113110,-0.084858,0.007091,0.117403,0.116699,0.084478,0.032921,0.136097,-0.008174,0.171897,0.044317,0.033273,0.075035,-0.051340,-0.022674,0.006752,-0.012401,0.045178,0.011003,0.004896,0.108992,-0.021163,-0.060246,-0.001028,0.090238,0.025390,-0.020079,-0.092522,0.094153,0.039329,0.026017,-0.047778,0.012429,-0.030310,0.116599,-0.096079,-0.138612,-0.048576,0.091645,0.183149,0.314739,0.362805,0.350121,0.048596,0.062096,0.120927,0.560629,0.183148,1.000000,0.323434,0.173528,0.033007,0.490703,0.212994,0.247412,0.181622,0.110818,0.236884
0.094223,0.132636,0.158142,0.052231,0.122520,-0.107824,0.016133,-0.201055,-0.013780,-0.032314,0.126193,0.013939,-0.060015,0.123507,0.148521,0.047290,0.047268,0.097244,-0.023180,0.179011,0.109299,0.074788,0.093140,-0.071566,-0.006466,0.049267,0.027872,0.060136,-0.004880,0.001293,-0.002354,-0.004018,-0.001438,0.077216,0.256696,0.165468,0.086855,0.031079,0.336088,0.177082,0.158542,-0.091400,0.073642,0.095471,0.146398,0.011236,-0.051117,-0.040238,0.172392,0.268612,0.305976,0.243499,0.210048,0.192958,0.247633,0.273299,0.275833,0.280907,0.323434,1.000000,0.433566,-0.034897,0.304485,0.235935,0.178998,0.151445,0.050849,0.273872
-0.041183,-0.004359,0.030640,0.063987,0.047012,-0.081031,0.002177,-0.087423,0.019469,0.035202,-0.063636,0.010140,-0.086152,-0.068970,0.062626,-0.041834,-0.071399,0.049596,-0.041666,0.099766,0.051272,0.028036,0.019643,-0.000427,0.005671,-0.043272,-0.028851,-0.050511,-0.067672,-0.045938,-0.028279,0.019982,-0.074775,-0.073062,-0.002263,-0.002503,0.120904,0.059655,0.217864,0.189901,0.176174,0.063987,0.097467,0.103967,-0.017697,0.001100,-0.018577,-0.049060,0.085981,0.115006,0.041209,0.123393,0.155755,0.120196,0.011860,0.030307,0.125493,0.026547,0.173528,0.433566,1.000000,0.131218,0.142178,0.138991,0.071436,0.078002,-0.069481,0.145323
-0.025174,-0.018779,0.002806,0.058505,-0.070098,-0.043578,-0.086556,-0.081311,-0.020953,-0.054995,-0.107891,-0.011510,-0.058636,-0.097044,-0.009305,-0.002604,-0.046072,0.038425,-0.063753,0.007677,0.040127,0.064525,0.024055,0.032422,0.056273,0.070189,0.038702,0.060828,-0.059014,-0.058308,0.015926,0.056761,0.026983,-0.024633,0.002434,-0.025659,0.046998,0.068789,0.140891,0.160236,0.046221,0.031500,0.064525,0.025457,-0.085296,-0.000120,0.010060,-0.055346,-0.040300,-0.031993,0.021640,0.100504,0.119426,-0.039088,-0.194290,-0.124493,0.104894,-0.072226,0.033007,-0.034897,0.131218,1.000000,0.000305,0.083682,0.076658,0.217825,-0.009571,0.384309
0.077750,-0.001792,0.064424,-0.037378,0.044524,0.081698,0.215144,0.073039,0.076504,0.116727,0.187644,0.082608,0.124800,0.162887,0.100451,0.115466,0.031702,0.079081,0.001271,0.141583,0.170867,0.139398,0.165551,0.094409,-0.021432,0.062701,0.009767,0.108827,0.052570,0.029316,0.084768,0.015092,-0.080321,0.037622,0.198521,0.119328,0.045692,-0.039049,0.224608,0.295984,0.337488,0.173841,0.252126,0.207645,0.263810,-0.014327,-0.033586,0.141079,0.173514,0.344269,0.404151,0.244008,0.231348,0.086933,0.181405,0.323082,0.369221,0.378736,0.490703,0.304485,0.142178,0.000305,1.000000,0.485978,0.364784,0.133208,0.123293,0.243583
