1.000000,0.857069,0.477177,0.505398,0.721596,0.477530,0.603457,0.576877,0.373666,0.218288,0.529591,0.503797,0.613201,0.509462,0.291189,0.039846,0.479556,-0.178538,0.016443,0.087297,0.309721,0.346511,0.039965,0.130680,0.354023,0.108692,0.106974,0.323487,0.260027,0.399291,0.669046,0.538861,0.036608,0.944727,0.174832,0.262997,0.406606,0.377890,0.324414,0.377183,0.485346,0.520279,0.396200,0.074002,0.542730,0.552881,0.503395,0.539757,0.334450,0.005318,0.047023,-0.178111,0.122151,0.329727,0.215895,0.210703,0.203668,0.107437,0.084845,0.061010,0.027071,0.040347,0.287085,0.201175,0.169723,0.137932,-0.066636,0.258636
0.857069,1.000000,0.533967,0.554742,0.808769,0.573483,0.745883,0.679768,0.441567,0.256105,0.627333,0.582215,0.734316,0.634593,0.391222,0.056467,0.431618,-0.083800,0.085679,0.166703,0.310608,0.349709,0.047483,0.135266,0.279464,0.070599,0.067359,0.202498,0.240248,0.370630,0.529206,0.390216,0.000634,0.834969,0.159721,0.259277,0.415097,0.416125,0.305591,0.380473,0.553049,0.598597,0.415465,0.054831,0.636203,0.649188,0.594666,0.638379,0.387723,-0.022024,0.005538,-0.162292,0.080457,0.388799,0.232303,0.205232,0.188673,0.128513,0.111489,0.038872,-0.002995,0.012102,0.231084,0.109613,0.094531,0.043315,-0.089004,0.198223
0.477177,0.533967,1.000000,0.819872,0.340004,0.112532,0.349757,0.354574,0.064313,0.097801,0.458583,0.658667,0.525656,0.424379,0.237284,0.104125,0.309710,-0.138933,-0.002555,0.103406,0.216639,0.256922,0.035897,0.129956,0.175966,0.117253,0.130943,0.163664,0.084818,0.163649,0.304174,0.274338,-0.001763,0.441896,0.348566,0.465840,0.839341,0.756848,0.460359,0.414230,0.502986,0.435227,0.292204,-0.019673,0.507676,0.671033,0.471454,0.518850,0.357911,-0.019499,-0.113383,-0.226862,-0.020613,0.377886,0.294182,0.286463,0.110701,0.273000,0.223271,0.093942,0.015465,0.074165,0.208290,0.042650,-0.017270,0.008491,-0.049693,0.247167
0.505398,0.554742,0.819872,1.000000,0.400942,0.176163,0.415380,0.468801,0.137997,0.122715,0.506756,0.866168,0.669335,0.491123,0.223614,0.115452,0.388102,-0.109240,0.050043,0.066944,0.279237,0.313315,0.025099,0.119887,0.212423,0.144511,0.149991,0.177509,0.166323,0.282491,0.420072,0.354180,-0.016308,0.496604,0.300055,0.420484,0.856199,0.843648,0.418668,0.434296,0.594991,0.546499,0.335579,-0.028247,0.543595,0.776425,0.584010,0.553102,0.294950,-0.026200,-0.069256,-0.234409,-0.027120,0.303523,0.261933,0.254940,0.098128,0.178732,0.185497,0.046800,0.014166,0.024547,0.201798,0.032131,0.013823,-0.030634,-0.011091,0.180199
0.721596,0.808769,0.340004,0.400942,1.000000,0.773643,0.732399,0.645388,0.580833,0.208649,0.439809,0.503815,0.634218,0.464318,0.264886,0.090500,0.358505,-0.057240,0.171526,0.078805,0.297163,0.330983,0.046734,0.202731,0.311011,0.065613,0.062113,0.154840,0.381423,0.490784,0.550869,0.287493,-0.013683,0.769443,0.014944,0.050812,0.236293,0.212127,0.068405,0.092295,0.328639,0.426442,0.202251,-0.102450,0.430719,0.436473,0.415523,0.417790,0.184176,-0.046522,-0.006391,-0.080583,0.101079,0.179723,0.120364,0.092594,0.213177,0.001463,0.106197,-0.005637,0.047354,0.022569,0.160983,0.035186,0.034814,0.044145,-0.051642,0.060317
0.477530,0.573483,0.112532,0.176163,0.773643,1.000000,0.792403,0.731175,0.910771,0.456905,0.330393,0.315029,0.574170,0.376467,0.192519,0.098677,0.282089,0.029644,0.260518,0.060921,0.243507,0.280008,0.026632,0.159617,0.233644,0.082747,0.068657,0.098636,0.444919,0.502627,0.420401,0.154938,0.009771,0.511152,-0.009889,-0.024203,0.029427,-0.024820,-0.018896,0.006042,0.277361,0.436002,0.237083,-0.022674,0.279013,0.260216,0.340681,0.246371,0.031015,-0.094242,-0.008899,0.011416,0.181939,0.032584,0.113968,0.085509,0.313502,-0.085758,0.112783,0.043749,0.125257,0.102464,0.185792,0.042933,0.043510,0.041641,-0.021472,0.084546
0.603457,0.745883,0.349757,0.415380,0.732399,0.792403,1.000000,0.923519,0.784081,0.550331,0.622740,0.490246,0.816785,0.656672,0.386308,0.100053,0.380633,0.027867,0.183122,0.202246,0.305777,0.337064,0.018095,0.140372,0.231399,0.138842,0.122462,0.128130,0.335996,0.423390,0.436656,0.254815,-0.002312,0.619835,0.092564,0.166249,0.242341,0.208943,0.209671,0.363440,0.662215,0.789116,0.541382,0.191969,0.596726,0.587583,0.669303,0.570322,0.246170,-0.052959,-0.010110,-0.065505,0.114362,0.265300,0.193359,0.159131,0.272264,0.013033,0.153936,0.063990,0.077363,0.075645,0.211874,0.043104,0.050034,-0.001409,-0.033749,0.150754
0.576877,0.679768,0.354574,0.468801,0.645388,0.731175,0.923519,1.000000,0.754466,0.590744,0.717684,0.545563,0.909512,0.747019,0.356935,0.153838,0.430497,0.088827,0.210736,0.174947,0.362793,0.376913,0.045798,0.135674,0.253067,0.166832,0.151800,0.154283,0.313734,0.395613,0.447445,0.294309,-0.001018,0.605320,0.138243,0.220215,0.291396,0.254508,0.270100,0.461501,0.751692,0.904955,0.639821,0.263463,0.674503,0.666798,0.778650,0.627006,0.221159,-0.041068,0.013292,-0.014904,0.185539,0.246950,0.229926,0.196915,0.313675,0.004727,0.129970,0.086380,0.083968,0.082547,0.297895,0.102960,0.097348,-0.019666,-0.004432,0.198328
0.373666,0.441567,0.064313,0.137997,0.580833,0.910771,0.784081,0.754466,1.000000,0.668957,0.345875,0.258670,0.560438,0.396199,0.183782,0.125385,0.311032,0.088128,0.306815,0.056417,0.220040,0.251117,0.015970,0.109742,0.224953,0.084233,0.061274,0.078713,0.443988,0.499967,0.385750,0.195650,0.026766,0.410534,0.015919,0.013396,0.004083,-0.045316,0.033645,0.136950,0.392098,0.538905,0.391159,0.142791,0.291747,0.261369,0.394660,0.261115,0.032448,-0.125201,-0.030824,0.025553,0.200146,0.040357,0.106967,0.086625,0.322660,-0.111227,0.088083,0.052570,0.122130,0.107491,0.208274,0.044170,0.033869,0.010027,-0.014075,0.108331
0.218288,0.256105,0.097801,0.122715,0.208649,0.456905,0.550331,0.590744,0.668957,1.000000,0.359535,0.131501,0.442176,0.407387,0.200530,0.417389,0.498946,0.265880,0.331285,0.103344,0.147412,0.144591,0.044094,-0.018845,0.154137,0.019588,0.011539,-0.015133,0.161303,0.264489,0.226399,0.278185,0.030841,0.286920,0.155157,0.164425,0.077512,0.093028,0.231836,0.476211,0.499758,0.603152,0.645017,0.635337,0.336911,0.310972,0.440088,0.336291,0.155414,-0.000063,0.095067,0.132989,0.319650,0.167901,0.106204,0.083955,0.255781,-0.036099,0.020949,0.104237,0.075676,0.110924,0.328096,0.229624,0.169688,0.047155,-0.033247,0.243223
0.529591,0.627333,0.458583,0.506756,0.439809,0.330393,0.622740,0.717684,0.345875,0.359535,1.000000,0.525854,0.777683,0.980441,0.549609,0.153758,0.351936,0.087084,0.119459,0.318745,0.314472,0.317574,0.034193,0.060389,0.171641,0.160418,0.157537,0.174029,0.118293,0.211771,0.313201,0.310746,0.004907,0.516266,0.212446,0.362651,0.397334,0.381999,0.434013,0.570505,0.720357,0.760716,0.614366,0.296712,0.928586,0.760709,0.793447,0.854335,0.465050,0.065055,0.051138,-0.024793,0.096938,0.511183,0.281315,0.256227,0.165220,0.113431,0.036106,0.089079,0.029557,0.018185,0.266043,0.130208,0.108630,-0.016084,-0.006280,0.260542
0.503797,0.582215,0.658667,0.866168,0.503815,0.315029,0.490246,0.545563,0.258670,0.131501,0.525854,1.000000,0.759372,0.536665,0.270213,0.106989,0.372412,-0.030933,0.155745,0.096825,0.316904,0.351743,0.069799,0.153854,0.242974,0.134227,0.128755,0.187400,0.254631,0.366545,0.434357,0.307510,-0.022540,0.516231,0.122552,0.245139,0.645461,0.607464,0.268016,0.307841,0.550283,0.538746,0.274458,-0.093380,0.536963,0.723008,0.580206,0.530218,0.234799,-0.030415,-0.053627,-0.163374,-0.015545,0.242347,0.187181,0.182736,0.128078,0.051929,0.150985,0.031052,0.048263,0.028774,0.157936,-0.006681,-0.001707,-0.053016,-0.035037,0.080547
0.613201,0.734316,0.525656,0.669335,0.634218,0.574170,0.816785,0.909512,0.560438,0.442176,0.777683,0.759372,1.000000,0.802067,0.389611,0.160428,0.488436,0.046226,0.201634,0.142917,0.342870,0.362413,0.028870,0.110082,0.244819,0.161001,0.152690,0.176323,0.284855,0.391442,0.476725,0.350690,-0.008717,0.647735,0.223737,0.340257,0.479277,0.482363,0.389467,0.542554,0.791700,0.881862,0.598840,0.154052,0.779184,0.840094,0.860479,0.765806,0.352672,-0.009235,0.016391,-0.087767,0.131264,0.367371,0.282913,0.259629,0.243908,0.093487,0.131494,0.083814,0.048766,0.050874,0.300133,0.102207,0.099342,-0.031479,-0.020788,0.234601
0.509462,0.634593,0.424379,0.491123,0.464318,0.376467,0.656672,0.747019,0.396199,0.407387,0.980441,0.536665,0.802067,1.000000,0.567202,0.174995,0.363855,0.128679,0.153726,0.332244,0.328620,0.334581,0.025142,0.067866,0.158266,0.157644,0.157268,0.162442,0.124996,0.227452,0.304045,0.298341,-0.000629,0.506435,0.155198,0.307839,0.356435,0.343585,0.383472,0.555137,0.728646,0.774120,0.622744,0.311529,0.899990,0.750042,0.808427,0.844315,0.448747,0.050872,0.060697,0.002755,0.106320,0.489699,0.254722,0.227648,0.159657,0.068874,0.015076,0.067674,0.021373,0.000221,0.241322,0.110073,0.093606,-0.040322,-0.024440,0.212224
0.291189,0.391222,0.237284,0.223614,0.264886,0.192519,0.386308,0.356935,0.183782,0.200530,0.549609,0.270213,0.389611,0.567202,1.000000,0.092113,0.228167,0.064066,0.117913,0.824516,0.312442,0.299570,0.053169,0.099064,0.101053,0.167957,0.146462,0.128255,0.039026,0.145487,0.139692,0.141032,0.006381,0.257895,0.132209,0.215218,0.162040,0.175347,0.282974,0.353633,0.379501,0.338583,0.400809,0.153477,0.548105,0.403664,0.352459,0.562137,0.675503,0.048475,0.089043,0.118969,0.183447,0.717104,0.288358,0.263677,0.213189,0.092620,0.028285,0.041218,0.000332,0.026755,0.179784,0.124519,0.108796,0.088465,-0.001388,0.219405
0.039846,0.056467,0.104125,0.115452,0.090500,0.098677,0.100053,0.153838,0.125385,0.417389,0.153758,0.106989,0.160428,0.174995,0.092113,1.000000,0.552497,0.401654,0.415665,0.077469,0.100127,0.082362,0.184788,-0.010011,0.153772,-0.011419,0.009770,-0.029338,0.021815,0.125916,0.118277,0.248027,0.038350,0.143274,0.082097,0.071751,0.148106,0.135833,0.083089,0.135670,0.121572,0.161510,0.176851,0.266706,0.170576,0.173854,0.181261,0.175068,0.078930,0.225727,0.181154,0.225181,0.212936,0.079029,0.058981,0.042553,0.069327,-0.004017,-0.043994,0.016357,0.000635,0.009653,0.138717,0.171374,0.113733,0.084792,0.016391,0.097079
0.479556,0.431618,0.309710,0.388102,0.358505,0.282089,0.380633,0.430497,0.311032,0.498946,0.351936,0.372412,0.488436,0.363855,0.228167,0.552497,1.000000,0.231755,0.485715,0.070509,0.229253,0.232784,0.095059,0.048162,0.315375,0.031364,0.031734,0.072903,0.233893,0.503320,0.626989,0.660419,0.093991,0.599709,0.272393,0.299779,0.348187,0.392717,0.353277,0.464926,0.450082,0.483648,0.456388,0.221439,0.405841,0.483844,0.465772,0.439466,0.279759,0.014193,0.098896,0.013156,0.278790,0.268488,0.219147,0.198355,0.227309,0.073548,0.052500,0.067728,0.025259,0.068315,0.373580,0.267283,0.186356,0.134456,-0.020070,0.281428
-0.178538,-0.083800,-0.138933,-0.109240,-0.057240,0.029644,0.027867,0.088827,0.088128,0.265880,0.087084,-0.030933,0.046226,0.128679,0.064066,0.401654,0.231755,1.000000,0.617480,0.165527,0.093900,0.057628,0.371136,-0.078886,0.112825,-0.102593,-0.075847,-0.088238,0.040929,0.056735,-0.101164,0.130201,0.186415,-0.114247,-0.157438,-0.178777,-0.153339,-0.146913,-0.158636,0.000611,0.028564,0.089432,0.108127,0.327813,0.033149,-0.032743,0.071942,-0.004320,-0.125024,0.155709,0.178981,0.588535,0.216093,-0.102073,-0.035063,-0.057155,0.063996,-0.165070,-0.150586,-0.136021,-0.104670,-0.139916,-0.002662,0.048491,0.036345,0.005827,0.038041,-0.143282
0.016443,0.085679,-0.002555,0.050043,0.171526,0.260518,0.183122,0.210736,0.306815,0.331285,0.119459,0.155745,0.201634,0.153726,0.117913,0.415665,0.485715,0.617480,1.000000,0.063243,0.084586,0.062467,0.332391,-0.050269,0.295771,-0.074222,-0.050903,-0.076780,0.454166,0.528550,0.214962,0.287195,0.111736,0.085064,-0.040419,-0.047115,0.008008,-0.026498,-0.038456,0.076935,0.137174,0.168460,0.158561,0.116990,0.122080,0.112839,0.169617,0.121216,0.027464,0.011305,0.085671,0.163217,0.169319,0.016053,0.039762,0.025703,0.113779,-0.092862,-0.043383,-0.049558,0.017663,-0.010889,0.107719,0.080682,0.072778,0.037707,-0.014356,-0.034383
0.087297,0.166703,0.103406,0.066944,0.078805,0.060921,0.202246,0.174947,0.056417,0.103344,0.318745,0.096825,0.142917,0.332244,0.824516,0.077469,0.070509,0.165527,0.063243,1.000000,0.383503,0.333487,0.103285,0.150014,0.128504,0.183309,0.168665,0.146666,-0.014859,0.035191,-0.021871,0.004255,0.015882,0.041231,0.046423,0.083701,0.037308,0.033139,0.114786,0.152403,0.158014,0.152952,0.212793,0.146203,0.242851,0.140179,0.094953,0.211754,0.326223,0.061795,0.101087,0.291004,0.178128,0.413508,0.226110,0.202757,0.179066,0.034194,0.024070,0.025586,0.004253,0.035943,0.058331,0.082023,0.081058,0.102302,0.025983,0.114535
0.309721,0.310608,0.216639,0.279237,0.297163,0.243507,0.305777,0.362793,0.220040,0.147412,0.314472,0.316904,0.342870,0.328620,0.312442,0.100127,0.229253,0.093900,0.084586,0.383503,1.000000,0.946355,0.215620,0.464335,0.448766,0.087657,0.062837,0.161814,0.159054,0.225338,0.253652,0.198138,0.034918,0.313841,-0.016114,0.016554,0.175599,0.117295,0.043570,0.084973,0.223615,0.307134,0.187747,0.063302,0.231408,0.209896,0.218851,0.174788,0.057229,-0.024655,0.050725,0.113167,0.189006,0.086029,0.240202,0.225319,0.281206,-0.043945,0.072424,0.123830,0.139687,0.103180,0.139060,0.064270,0.058216,0.062611,0.094250,0.039540
0.346511,0.349709,0.256922,0.313315,0.330983,0.280008,0.337064,0.376913,0.251117,0.144591,0.317574,0.351743,0.362413,0.334581,0.299570,0.082362,0.232784,0.057628,0.062467,0.333487,0.946355,1.000000,0.218736,0.604912,0.438800,0.149493,0.119469,0.200253,0.182564,0.258135,0.274730,0.205962,0.048683,0.340564,-0.013593,0.038578,0.196156,0.135537,0.055228,0.063068,0.230622,0.308118,0.165847,0.039419,0.241071,0.227456,0.230868,0.187529,0.058555,-0.035060,0.032042,0.091175,0.170942,0.084663,0.228282,0.220005,0.283648,-0.061142,0.066531,0.096006,0.133044,0.097170,0.130769,0.045152,0.025946,0.070324,0.089443,0.054776
0.039965,0.047483,0.035897,0.025099,0.046734,0.026632,0.018095,0.045798,0.015970,0.044094,0.034193,0.069799,0.028870,0.025142,0.053169,0.184788,0.095059,0.371136,0.332391,0.103285,0.215620,0.218736,1.000000,0.105210,0.456867,-0.168173,-0.158224,-0.009425,0.095036,0.068594,-0.026137,0.112960,0.122679,0.050303,0.035738,0.036255,0.051043,-0.002694,0.018500,-0.026870,0.029418,0.029109,0.003049,0.032571,0.018397,0.015410,0.005301,-0.003314,-0.004505,0.009985,-0.028997,0.132636,0.063291,-0.002155,0.071465,0.074128,0.124593,0.017122,0.049103,-0.006224,-0.025620,-0.033561,0.029433,-0.010111,-0.037624,0.021837,-0.038972,0.032371
0.130680,0.135266,0.129956,0.119887,0.202731,0.159617,0.140372,0.135674,0.109742,-0.018845,0.060389,0.153854,0.110082,0.067866,0.099064,-0.010011,0.048162,-0.078886,-0.050269,0.150014,0.464335,0.604912,0.105210,1.000000,0.275177,0.454481,0.391102,0.370248,0.119950,0.133496,0.108446,0.002917,0.025657,0.125882,-0.015077,-0.009167,0.054715,0.027562,-0.028427,-0.089602,0.001364,0.051161,-0.030554,-0.084117,0.031742,0.028239,0.006887,-0.007503,-0.056860,-0.032115,0.008349,0.014300,0.073755,-0.047593,-0.000445,-0.028175,0.124779,-0.101981,0.030092,0.037211,0.072015,0.063626,0.048907,-0.005544,-0.024724,0.073638,0.061285,0.018216
0.354023,0.279464,0.175966,0.212423,0.311011,0.233644,0.231399,0.253067,0.224953,0.154137,0.171641,0.242974,0.244819,0.158266,0.101053,0.153772,0.315375,0.112825,0.295771,0.128504,0.448766,0.438800,0.456867,0.275177,1.000000,0.069700,0.077119,0.296259,0.500971,0.508361,0.395559,0.423849,0.055089,0.380862,0.036717,0.075716,0.171136,0.122910,0.085072,0.107900,0.214452,0.231978,0.132477,0.027183,0.157964,0.190771,0.188324,0.138094,0.060449,0.027592,0.036704,-0.014278,0.083070,0.070748,0.129821,0.107715,0.117624,-0.030688,0.000723,0.022865,0.034969,0.015605,0.089526,0.088111,0.076975,0.154431,-0.012496,0.061042
0.108692,0.070599,0.117253,0.144511,0.065613,0.082747,0.138842,0.166832,0.084233,0.019588,0.160418,0.134227,0.161001,0.157644,0.167957,-0.011419,0.031364,-0.102593,-0.074222,0.183309,0.087657,0.149493,-0.168173,0.454481,0.069700,1.000000,0.932833,0.641055,-0.043417,0.003326,0.075189,0.008288,-0.020311,0.084506,0.049099,0.055431,0.086518,0.071800,0.026215,0.048814,0.124704,0.144969,0.072415,-0.017649,0.151700,0.131363,0.142258,0.117180,0.014220,0.063578,0.094040,0.006187,0.054384,0.021845,0.005045,0.006070,0.071658,-0.001370,0.031070,0.033857,0.040622,0.043818,0.073395,0.061690,0.067445,0.083177,0.060939,0.043429
0.106974,0.067359,0.130943,0.149991,0.062113,0.068657,0.122462,0.151800,0.061274,0.011539,0.157537,0.128755,0.152690,0.157268,0.146462,0.009770,0.031734,-0.075847,-0.050903,0.168665,0.062837,0.119469,-0.158224,0.391102,0.077119,0.932833,1.000000,0.680560,-0.040869,0.000729,0.078398,0.026483,-0.026097,0.080577,0.047421,0.056396,0.095539,0.076847,0.019818,0.036186,0.114448,0.133100,0.055271,-0.023633,0.156231,0.141130,0.152872,0.126101,0.022325,0.078347,0.081595,0.029534,0.056362,0.025666,0.026839,0.029481,0.078671,0.014777,0.042294,0.014529,0.023824,0.033865,0.065723,0.044686,0.054259,0.056657,0.041391,0.036161
0.323487,0.202498,0.163664,0.177509,0.154840,0.098636,0.128130,0.154283,0.078713,-0.015133,0.174029,0.187400,0.176323,0.162442,0.128255,-0.029338,0.072903,-0.088238,-0.076780,0.146666,0.161814,0.200253,-0.009425,0.370248,0.296259,0.641055,0.680560,1.000000,0.082548,0.096158,0.170786,0.131202,-0.004013,0.273619,0.088146,0.086499,0.135055,0.098910,0.075172,0.053965,0.114580,0.126938,0.038654,-0.072291,0.179903,0.167446,0.161220,0.161189,0.061576,0.031155,0.062891,-0.017533,0.046162,0.064053,0.033380,0.024415,0.069980,-0.029873,0.014552,0.002708,0.009945,0.018258,0.065481,0.068899,0.079094,0.108152,0.091766,0.088978
0.260027,0.240248,0.084818,0.166323,0.381423,0.444919,0.335996,0.313734,0.443988,0.161303,0.118293,0.254631,0.284855,0.124996,0.039026,0.021815,0.233893,0.040929,0.454166,-0.014859,0.159054,0.182564,0.095036,0.119950,0.500971,-0.043417,-0.040869,0.082548,1.000000,0.815541,0.418678,0.260841,0.001985,0.257840,-0.045850,-0.020697,0.072642,0.052997,-0.012004,0.029172,0.154339,0.215868,0.101979,-0.084651,0.110705,0.153500,0.165799,0.092248,-0.008538,-0.036645,0.022964,-0.097794,0.025271,-0.010034,0.092340,0.076363,0.098531,-0.062611,0.020020,0.000139,0.099274,0.047836,0.054616,0.024687,0.056178,0.070532,-0.004758,-0.010893
0.399291,0.370630,0.163649,0.282491,0.490784,0.502627,0.423390,0.395613,0.499967,0.264489,0.211771,0.366545,0.391442,0.227452,0.145487,0.125916,0.503320,0.056735,0.528550,0.035191,0.225338,0.258135,0.068594,0.133496,0.508361,0.003326,0.000729,0.096158,0.815541,1.000000,0.676679,0.486517,0.028331,0.439711,0.021416,0.053702,0.151165,0.157755,0.053719,0.101818,0.237205,0.302928,0.162148,-0.045067,0.208326,0.264331,0.268184,0.205622,0.073708,-0.048809,0.031923,-0.107286,0.053258,0.065529,0.122514,0.104864,0.130149,-0.077105,0.026398,0.001418,0.099310,0.065894,0.100724,0.066801,0.075678,0.118200,-0.035941,0.047155
0.669046,0.529206,0.304174,0.420072,0.550869,0.420401,0.436656,0.447445,0.385750,0.226399,0.313201,0.434357,0.476725,0.304045,0.139692,0.118277,0.626989,-0.101164,0.214962,-0.021871,0.253652,0.274730,-0.026137,0.108446,0.395559,0.075189,0.078398,0.170786,0.418678,0.676679,1.000000,0.678235,0.085598,0.719163,0.123058,0.157411,0.306537,0.306185,0.187867,0.241594,0.342551,0.402659,0.262373,-0.005991,0.339022,0.388044,0.377002,0.337932,0.153184,0.000089,0.076483,-0.123476,0.129930,0.141294,0.125513,0.114370,0.137330,-0.027479,0.039456,0.032382,0.097972,0.087575,0.249563,0.195235,0.168909,0.168313,-0.025241,0.169931
0.538861,0.390216,0.274338,0.354180,0.287493,0.154938,0.254815,0.294309,0.195650,0.278185,0.310746,0.307510,0.350690,0.298341,0.141032,0.248027,0.660419,0.130201,0.287195,0.004255,0.198138,0.205962,0.112960,0.002917,0.423849,0.008288,0.026483,0.131202,0.260841,0.486517,0.678235,1.000000,0.166380,0.589456,0.169019,0.189998,0.326132,0.351236,0.241811,0.333027,0.349590,0.362328,0.313194,0.129884,0.330382,0.378165,0.358559,0.346244,0.198272,0.030111,0.087922,-0.049168,0.151852,0.196933,0.168734,0.160359,0.110504,0.052762,-0.015852,-0.024817,-0.032020,-0.023946,0.239958,0.217758,0.164764,0.126360,-0.089560,0.165479
0.036608,0.000634,-0.001763,-0.016308,-0.013683,0.009771,-0.002312,-0.001018,0.026766,0.030841,0.004907,-0.022540,-0.008717,-0.000629,0.006381,0.038350,0.093991,0.186415,0.111736,0.015882,0.034918,0.048683,0.122679,0.025657,0.055089,-0.020311,-0.026097,-0.004013,0.001985,0.028331,0.085598,0.166380,1.000000,0.040202,0.034467,0.018987,-0.025135,-0.043536,0.011286,-0.037685,0.001692,-0.001590,-0.035264,0.021173,0.006897,-0.020730,0.000995,-0.003726,0.001286,-0.001063,0.000162,0.069198,0.021602,-0.001910,0.010751,0.025399,0.011378,-0.006346,-0.042416,-0.016305,0.011754,-0.037781,-0.000487,0.023303,0.005644,0.016453,0.052639,0.014415
0.944727,0.834969,0.441896,0.496604,0.769443,0.511152,0.619835,0.605320,0.410534,0.286920,0.516266,0.516231,0.647735,0.506435,0.257895,0.143274,0.599709,-0.114247,0.085064,0.041231,0.313841,0.340564,0.050303,0.125882,0.380862,0.084506,0.080577,0.273619,0.257840,0.439711,0.719163,0.589456,0.040202,1.000000,0.189793,0.262931,0.386133,0.386734,0.326190,0.388623,0.496393,0.548547,0.407902,0.087901,0.539829,0.568074,0.527752,0.547909,0.325266,0.011232,0.058430,-0.152649,0.152126,0.314140,0.204186,0.192460,0.216357,0.096596,0.083498,0.047639,0.008693,0.025500,0.311985,0.205050,0.172608,0.123922,-0.049331,0.250543
0.174832,0.159721,0.348566,0.300055,0.014944,-0.009889,0.092564,0.138243,0.015919,0.155157,0.212446,0.122552,0.223737,0.155198,0.132209,0.082097,0.272393,-0.157438,-0.040419,0.046423,-0.016114,-0.013593,0.035738,-0.015077,0.036717,0.049099,0.047421,0.088146,-0.045850,0.021416,0.123058,0.169019,0.034467,0.189793,1.000000,0.891441,0.476004,0.549267,0.768062,0.462202,0.331619,0.247576,0.279091,0.011514,0.308260,0.371402,0.228934,0.345904,0.342491,-0.059386,-0.095605,-0.133232,0.181017,0.364076,0.376872,0.405559,0.323409,0.465394,0.282923,0.166726,-0.025245,0.108722,0.399929,0.181245,0.076911,0.067390,0.053860,0.730067
0.262997,0.259277,0.465840,0.420484,0.050812,-0.024203,0.166249,0.220215,0.013396,0.164425,0.362651,0.245139,0.340257,0.307839,0.215218,0.071751,0.299779,-0.178777,-0.047115,0.083701,0.016554,0.038578,0.036255,-0.009167,0.075716,0.055431,0.056396,0.086499,-0.020697,0.053702,0.157411,0.189998,0.018987,0.262931,0.891441,1.000000,0.561858,0.597487,0.908780,0.612788,0.521831,0.381569,0.402978,0.063928,0.452445,0.527008,0.393977,0.496314,0.450546,-0.031483,-0.111935,-0.204331,0.092986,0.475587,0.433527,0.478948,0.254635,0.499485,0.278544,0.175075,-0.025469,0.101848,0.374932,0.117898,0.020727,0.012507,0.025714,0.751881
0.406606,0.415097,0.839341,0.856199,0.236293,0.029427,0.242341,0.291396,0.004083,0.077512,0.397334,0.645461,0.479277,0.356435,0.162040,0.148106,0.348187,-0.153339,0.008008,0.037308,0.175599,0.196156,0.051043,0.054715,0.171136,0.086518,0.095539,0.135055,0.072642,0.151165,0.306537,0.326132,-0.025135,0.386133,0.476004,0.561858,1.000000,0.853806,0.523643,0.452110,0.504338,0.411549,0.291515,-0.046691,0.466323,0.687781,0.460290,0.490975,0.329976,-0.018811,-0.104855,-0.259284,-0.008813,0.339788,0.320143,0.323589,0.119553,0.300962,0.218353,0.113871,0.032130,0.072166,0.240962,0.055407,0.019044,-0.001265,-0.018780,0.306737
0.377890,0.416125,0.756848,0.843648,0.212127,-0.024820,0.208943,0.254508,-0.045316,0.093028,0.381999,0.607464,0.482363,0.343585,0.175347,0.135833,0.392717,-0.146913,-0.026498,0.033139,0.117295,0.135537,-0.002694,0.027562,0.122910,0.071800,0.076847,0.098910,0.052997,0.157755,0.306185,0.351236,-0.043536,0.386734,0.549267,0.597487,0.853806,1.000000,0.557124,0.522728,0.492851,0.413282,0.322283,-0.004702,0.474656,0.727666,0.444320,0.528622,0.406722,-0.027254,-0.094374,-0.235705,0.011925,0.411595,0.351188,0.331502,0.088005,0.370163,0.200039,0.086565,-0.060009,0.021687,0.254648,0.096484,0.041633,0.023377,-0.007189,0.330664
0.324414,0.305591,0.460359,0.418668,0.068405,-0.018896,0.209671,0.270100,0.033645,0.231836,0.434013,0.268016,0.389467,0.383472,0.282974,0.083089,0.353277,-0.158636,-0.038456,0.114786,0.043570,0.055228,0.018500,-0.028427,0.085072,0.026215,0.019818,0.075172,-0.012004,0.053719,0.187867,0.241811,0.011286,0.326190,0.768062,0.908780,0.523643,0.557124,1.000000,0.743393,0.594615,0.453394,0.552769,0.192580,0.517050,0.565795,0.459466,0.565173,0.527699,0.010490,-0.021107,-0.170427,0.188449,0.540048,0.392954,0.440379,0.259049,0.430850,0.219403,0.241865,0.037011,0.170580,0.495031,0.242763,0.124010,0.062218,0.016012,0.827950
0.377183,0.380473,0.414230,0.434296,0.092295,0.006042,0.363440,0.461501,0.136950,0.476211,0.570505,0.307841,0.542554,0.555137,0.353633,0.135670,0.464926,0.000611,0.076935,0.152403,0.084973,0.063068,-0.026870,-0.089602,0.107900,0.048814,0.036186,0.053965,0.029172,0.101818,0.241594,0.333027,-0.037685,0.388623,0.462202,0.612788,0.452110,0.522728,0.743393,1.000000,0.816469,0.713514,0.898036,0.524094,0.642753,0.680330,0.664030,0.695501,0.533159,0.033998,0.087961,-0.113285,0.260182,0.545004,0.291516,0.290872,0.158814,0.236444,0.030819,0.133002,-0.031954,0.058346,0.504865,0.340406,0.255945,0.027226,-0.048258,0.539715
0.485346,0.553049,0.502986,0.594991,0.328639,0.277361,0.662215,0.751692,0.392098,0.499758,0.720357,0.550283,0.791700,0.728646,0.379501,0.121572,0.450082,0.028564,0.137174,0.158014,0.223615,0.230622,0.029418,0.001364,0.214452,0.124704,0.114448,0.114580,0.154339,0.237205,0.342551,0.349590,0.001692,0.496393,0.331619,0.521831,0.504338,0.492851,0.594615,0.816469,1.000000,0.909905,0.815075,0.350072,0.740301,0.810866,0.853090,0.757217,0.422078,-0.058057,-0.073023,-0.189917,0.051578,0.443926,0.269268,0.267315,0.162733,0.138799,0.106096,0.082488,-0.000184,0.014475,0.297749,0.048652,0.018345,-0.128398,-0.056561,0.313248
0.520279,0.598597,0.435227,0.546499,0.426442,0.436002,0.789116,0.904955,0.538905,0.603152,0.760716,0.538746,0.881862,0.774120,0.338583,0.161510,0.483648,0.089432,0.168460,0.152952,0.307134,0.308118,0.029109,0.051161,0.231978,0.144969,0.133100,0.126938,0.215868,0.302928,0.402659,0.362328,-0.001590,0.548547,0.247576,0.381569,0.411549,0.413282,0.453394,0.713514,0.909905,1.000000,0.785370,0.393984,0.752598,0.784626,0.886653,0.727939,0.300788,-0.026339,-0.004373,-0.083217,0.125697,0.328764,0.248705,0.226019,0.221184,0.070889,0.102903,0.105888,0.042174,0.058216,0.312781,0.106862,0.091318,-0.070397,-0.024356,0.267163
0.396200,0.415465,0.292204,0.335579,0.202251,0.237083,0.541382,0.639821,0.391159,0.645017,0.614366,0.274458,0.598840,0.622744,0.400809,0.176851,0.456388,0.108127,0.158561,0.212793,0.187747,0.165847,0.003049,-0.030554,0.132477,0.072415,0.055271,0.038654,0.101979,0.162148,0.262373,0.313194,-0.035264,0.407902,0.279091,0.402978,0.291515,0.322283,0.552769,0.898036,0.815075,0.785370,1.000000,0.648619,0.637190,0.603956,0.676300,0.651226,0.432814,0.040543,0.140537,0.016475,0.380559,0.450701,0.250454,0.228195,0.272313,0.091689,0.002896,0.113937,0.023853,0.073636,0.542219,0.359834,0.277588,0.010603,-0.040843,0.435033
0.074002,0.054831,-0.019673,-0.028247,-0.102450,-0.022674,0.191969,0.263463,0.142791,0.635337,0.296712,-0.093380,0.154052,0.311529,0.153477,0.266706,0.221439,0.327813,0.116990,0.146203,0.063302,0.039419,0.032571,-0.084117,0.027183,-0.017649,-0.023633,-0.072291,-0.084651,-0.045067,-0.005991,0.129884,0.021173,0.087901,0.011514,0.063928,-0.046691,-0.004702,0.192580,0.524094,0.350072,0.393984,0.648619,1.000000,0.267157,0.159818,0.294887,0.247482,0.115821,0.412508,0.444793,0.264083,0.325989,0.122153,-0.059635,-0.067915,-0.018032,-0.123427,-0.247056,-0.000057,-0.031940,-0.026151,0.260247,0.416371,0.371763,0.133797,0.000776,0.215080
0.542730,0.636203,0.507676,0.543595,0.430719,0.279013,0.596726,0.674503,0.291747,0.336911,0.928586,0.536963,0.779184,0.899990,0.548105,0.170576,0.405841,0.033149,0.122080,0.242851,0.231408,0.241071,0.018397,0.031742,0.157964,0.151700,0.156231,0.179903,0.110705,0.208326,0.339022,0.330382,0.006897,0.539829,0.308260,0.452445,0.466323,0.474656,0.517050,0.642753,0.740301,0.752598,0.637190,0.267157,1.000000,0.843185,0.844849,0.967278,0.625172,0.080047,0.043706,-0.070661,0.116925,0.652365,0.298069,0.269354,0.162499,0.166127,0.053406,0.093460,0.001629,0.016049,0.313504,0.148087,0.111783,-0.015994,-0.001791,0.332099
0.552881,0.649188,0.671033,0.776425,0.436473,0.260216,0.587583,0.666798,0.261369,0.310972,0.760709,0.723008,0.840094,0.750042,0.403664,0.173854,0.483844,-0.032743,0.112839,0.140179,0.209896,0.227456,0.015410,0.028239,0.190771,0.131363,0.141130,0.167446,0.153500,0.264331,0.388044,0.378165,-0.020730,0.568074,0.371402,0.527008,0.687781,0.727666,0.565795,0.680330,0.810866,0.784626,0.603956,0.159818,0.843185,1.000000,0.893946,0.873232,0.531723,0.022885,-0.024934,-0.183983,0.058279,0.536504,0.309006,0.291737,0.126840,0.208239,0.118694,0.083755,-0.013721,0.014366,0.292452,0.095624,0.064601,-0.049741,-0.030732,0.307178
0.503395,0.594666,0.471454,0.584010,0.415523,0.340681,0.669303,0.778650,0.394660,0.440088,0.793447,0.580206,0.860479,0.808427,0.352459,0.181261,0.465772,0.071942,0.169617,0.094953,0.218851,0.230868,0.005301,0.006887,0.188324,0.142258,0.152872,0.161220,0.165799,0.268184,0.377002,0.358559,0.000995,0.527752,0.228934,0.393977,0.460290,0.444320,0.459466,0.664030,0.853090,0.886653,0.676300,0.294887,0.844849,0.893946,1.000000,0.853583,0.399037,0.049744,0.036293,-0.107140,0.071377,0.404081,0.203034,0.194450,0.114184,0.047711,0.040360,0.053558,0.003676,-0.005702,0.264191,0.086699,0.073318,-0.093542,-0.028504,0.239604
0.539757,0.638379,0.518850,0.553102,0.417790,0.246371,0.570322,0.627006,0.261115,0.336291,0.854335,0.530218,0.765806,0.844315,0.562137,0.175068,0.439466,-0.004320,0.121216,0.211754,0.174788,0.187529,-0.003314,-0.007503,0.138094,0.117180,0.126101,0.161189,0.092248,0.205622,0.337932,0.346244,-0.003726,0.547909,0.345904,0.496314,0.490975,0.528622,0.565173,0.695501,0.757217,0.727939,0.651226,0.247482,0.967278,0.873232,0.853583,1.000000,0.730437,0.067997,0.037859,-0.113415,0.116041,0.736578,0.305796,0.279895,0.136693,0.204531,0.057127,0.099092,-0.017556,0.013018,0.323272,0.148572,0.108131,-0.023799,-0.023057,0.357757
0.334450,0.387723,0.357911,0.294950,0.184176,0.031015,0.246170,0.221159,0.032448,0.155414,0.465050,0.234799,0.352672,0.448747,0.675503,0.078930,0.279759,-0.125024,0.027464,0.326223,0.057229,0.058555,-0.004505,-0.056860,0.060449,0.014220,0.022325,0.061576,-0.008538,0.073708,0.153184,0.198272,0.001286,0.325266,0.342491,0.450546,0.329976,0.406722,0.527699,0.533159,0.422078,0.300788,0.432814,0.115821,0.625172,0.531723,0.399037,0.730437,1.000000,0.041409,0.026013,-0.105967,0.122048,0.968226,0.307194,0.286151,0.113741,0.297341,0.089195,0.214817,0.001723,0.091559,0.266380,0.151560,0.100336,0.070732,-0.003515,0.396324
0.005318,-0.022024,-0.019499,-0.026200,-0.046522,-0.094242,-0.052959,-0.041068,-0.125201,-0.000063,0.065055,-0.030415,-0.009235,0.050872,0.048475,0.225727,0.014193,0.155709,0.011305,0.061795,-0.024655,-0.035060,0.009985,-0.032115,0.027592,0.063578,0.078347,0.031155,-0.036645,-0.048809,0.000089,0.030111,-0.001063,0.011232,-0.059386,-0.031483,-0.018811,-0.027254,0.010490,0.033998,-0.058057,-0.026339,0.040543,0.412508,0.080047,0.022885,0.049744,0.067997,0.041409,1.000000,0.750423,0.290650,0.081045,0.031855,-0.077369,-0.076574,-0.281517,-0.084798,-0.274097,-0.060310,-0.030598,-0.069965,-0.072220,0.272229,0.365932,0.189463,0.065070,0.075078
0.047023,0.005538,-0.113383,-0.069256,-0.006391,-0.008899,-0.010110,0.013292,-0.030824,0.095067,0.051138,-0.053627,0.016391,0.060697,0.089043,0.181154,0.098896,0.178981,0.085671,0.101087,0.050725,0.032042,-0.028997,0.008349,0.036704,0.094040,0.081595,0.062891,0.022964,0.031923,0.076483,0.087922,0.000162,0.058430,-0.095605,-0.111935,-0.104855,-0.094374,-0.021107,0.087961,-0.073023,-0.004373,0.140537,0.444793,0.043706,-0.024934,0.036293,0.037859,0.026013,0.750423,1.000000,0.389424,0.377592,0.007370,-0.075006,-0.073096,-0.157143,-0.146826,-0.337980,-0.051397,0.000975,-0.017903,0.142820,0.610062,0.735601,0.421046,0.096319,0.129833
-0.178111,-0.162292,-0.226862,-0.234409,-0.080583,0.011416,-0.065505,-0.014904,0.025553,0.132989,-0.024793,-0.163374,-0.087767,0.002755,0.118969,0.225181,0.013156,0.588535,0.163217,0.291004,0.113167,0.091175,0.132636,0.014300,-0.014278,0.006187,0.029534,-0.017533,-0.097794,-0.107286,-0.123476,-0.049168,0.069198,-0.152649,-0.133232,-0.204331,-0.259284,-0.235705,-0.170427,-0.113285,-0.189917,-0.083217,0.016475,0.264083,-0.070661,-0.183983,-0.107140,-0.113415,-0.105967,0.290650,0.389424,1.000000,0.569029,-0.060485,-0.014726,-0.028373,0.185394,-0.147300,-0.200933,-0.066782,-0.025812,-0.018225,0.142531,0.295740,0.241208,0.255734,0.161963,0.027743
0.122151,0.080457,-0.020613,-0.027120,0.101079,0.181939,0.114362,0.185539,0.200146,0.319650,0.096938,-0.015545,0.131264,0.106320,0.183447,0.212936,0.278790,0.216093,0.169319,0.178128,0.189006,0.170942,0.063291,0.073755,0.083070,0.054384,0.056362,0.046162,0.025271,0.053258,0.129930,0.151852,0.021602,0.152126,0.181017,0.092986,-0.008813,0.011925,0.188449,0.260182,0.051578,0.125697,0.380559,0.325989,0.116925,0.058279,0.071377,0.116041,0.122048,0.081045,0.377592,0.569029,1.000000,0.137525,0.204050,0.199373,0.573266,0.058611,-0.021866,0.058512,0.058445,0.144202,0.764447,0.747320,0.574555,0.374290,0.101956,0.440041
0.329727,0.388799,0.377886,0.303523,0.179723,0.032584,0.265300,0.246950,0.040357,0.167901,0.511183,0.242347,0.367371,0.489699,0.717104,0.079029,0.268488,-0.102073,0.016053,0.413508,0.086029,0.084663,-0.002155,-0.047593,0.070748,0.021845,0.025666,0.064053,-0.010034,0.065529,0.141294,0.196933,-0.001910,0.314140,0.364076,0.475587,0.339788,0.411595,0.540048,0.545004,0.443926,0.328764,0.450701,0.122153,0.652365,0.536504,0.404081,0.736578,0.968226,0.031855,0.007370,-0.060485,0.137525,1.000000,0.367904,0.338029,0.149571,0.336265,0.106980,0.164644,-0.044897,0.058528,0.274847,0.148961,0.095916,0.073568,0.004205,0.394635
0.215895,0.232303,0.294182,0.261933,0.120364,0.113968,0.193359,0.229926,0.106967,0.106204,0.281315,0.187181,0.282913,0.254722,0.288358,0.058981,0.219147,-0.035063,0.039762,0.226110,0.240202,0.228282,0.071465,-0.000445,0.129821,0.005045,0.026839,0.033380,0.092340,0.122514,0.125513,0.168734,0.010751,0.204186,0.376872,0.433527,0.320143,0.351188,0.392954,0.291516,0.269268,0.248705,0.250454,-0.059635,0.298069,0.309006,0.203034,0.305796,0.307194,-0.077369,-0.075006,-0.014726,0.204050,0.367904,1.000000,0.955161,0.506858,0.717878,0.395561,0.054916,-0.095292,-0.033392,0.340874,0.100062,0.041957,-0.021926,0.058393,0.258239
0.210703,0.205232,0.286463,0.254940,0.092594,0.085509,0.159131,0.196915,0.086625,0.083955,0.256227,0.182736,0.259629,0.227648,0.263677,0.042553,0.198355,-0.057155,0.025703,0.202757,0.225319,0.220005,0.074128,-0.028175,0.107715,0.006070,0.029481,0.024415,0.076363,0.104864,0.114370,0.160359,0.025399,0.192460,0.405559,0.478948,0.323589,0.331502,0.440379,0.290872,0.267315,0.226019,0.228195,-0.067915,0.269354,0.291737,0.194450,0.279895,0.286151,-0.076574,-0.073096,-0.028373,0.199373,0.338029,0.955161,1.000000,0.524265,0.755934,0.428794,0.074814,-0.072579,-0.012426,0.353954,0.115932,0.044080,0.003452,0.049607,0.321284
0.203668,0.188673,0.110701,0.098128,0.213177,0.313502,0.272264,0.313675,0.322660,0.255781,0.165220,0.128078,0.243908,0.159657,0.213189,0.069327,0.227309,0.063996,0.113779,0.179066,0.281206,0.283648,0.124593,0.124779,0.117624,0.071658,0.078671,0.069980,0.098531,0.130149,0.137330,0.110504,0.011378,0.216357,0.323409,0.254635,0.119553,0.088005,0.259049,0.158814,0.162733,0.221184,0.272313,-0.018032,0.162499,0.126840,0.114184,0.136693,0.113741,-0.281517,-0.157143,0.185394,0.573266,0.149571,0.506858,0.524265,1.000000,0.347510,0.550176,0.119546,0.054731,0.157738,0.671798,0.241693,0.061283,0.070593,0.048221,0.374967
0.107437,0.128513,0.273000,0.178732,0.001463,-0.085758,0.013033,0.004727,-0.111227,-0.036099,0.113431,0.051929,0.093487,0.068874,0.092620,-0.004017,0.073548,-0.165070,-0.092862,0.034194,-0.043945,-0.061142,0.017122,-0.101981,-0.030688,-0.001370,0.014777,-0.029873,-0.062611,-0.077105,-0.027479,0.052762,-0.006346,0.096596,0.465394,0.499485,0.300962,0.370163,0.430850,0.236444,0.138799,0.070889,0.091689,-0.123427,0.166127,0.208239,0.047711,0.204531,0.297341,-0.084798,-0.146826,-0.147300,0.058611,0.336265,0.717878,0.755934,0.347510,1.000000,0.563723,0.126836,-0.138776,0.002230,0.272686,0.044677,-0.020340,-0.005054,0.029544,0.301644
0.084845,0.111489,0.223271,0.185497,0.106197,0.112783,0.153936,0.129970,0.088083,0.020949,0.036106,0.150985,0.131494,0.015076,0.028285,-0.043994,0.052500,-0.150586,-0.043383,0.024070,0.072424,0.066531,0.049103,0.030092,0.000723,0.031070,0.042294,0.014552,0.020020,0.026398,0.039456,-0.015852,-0.042416,0.083498,0.282923,0.278544,0.218353,0.200039,0.219403,0.030819,0.106096,0.102903,0.002896,-0.247056,0.053406,0.118694,0.040360,0.057127,0.089195,-0.274097,-0.337980,-0.200933,-0.021866,0.106980,0.395561,0.428794,0.550176,0.563723,1.000000,0.362407,0.164847,0.319147,0.273215,-0.152633,-0.228801,-0.123955,-0.001843,0.195377
0.061010,0.038872,0.093942,0.046800,-0.005637,0.043749,0.063990,0.086380,0.052570,0.104237,0.089079,0.031052,0.083814,0.067674,0.041218,0.016357,0.067728,-0.136021,-0.049558,0.025586,0.123830,0.096006,-0.006224,0.037211,0.022865,0.033857,0.014529,0.002708,0.000139,0.001418,0.032382,-0.024817,-0.016305,0.047639,0.166726,0.175075,0.113871,0.086565,0.241865,0.133002,0.082488,0.105888,0.113937,-0.000057,0.093460,0.083755,0.053558,0.099092,0.214817,-0.060310,-0.051397,-0.066782,0.058512,0.164644,0.054916,0.074814,0.119546,0.126836,0.362407,1.000000,0.777522,0.810500,0.152742,0.033668,-0.005399,0.040561,0.020148,0.362456
0.027071,-0.002995,0.015465,0.014166,0.047354,0.125257,0.077363,0.083968,0.122130,0.075676,0.029557,0.048263,0.048766,0.021373,0.000332,0.000635,0.025259,-0.104670,0.017663,0.004253,0.139687,0.133044,-0.025620,0.072015,0.034969,0.040622,0.023824,0.009945,0.099274,0.099310,0.097972,-0.032020,0.011754,0.008693,-0.025245,-0.025469,0.032130,-0.060009,0.037011,-0.031954,-0.000184,0.042174,0.023853,-0.031940,0.001629,-0.013721,0.003676,-0.017556,0.001723,-0.030598,0.000975,-0.025812,0.058445,-0.044897,-0.095292,-0.072579,0.054731,-0.138776,0.164847,0.777522,1.000000,0.854950,0.061973,0.019078,0.011077,0.051282,0.015930,0.189453
0.040347,0.012102,0.074165,0.024547,0.022569,0.102464,0.075645,0.082547,0.107491,0.110924,0.018185,0.028774,0.050874,0.000221,0.026755,0.009653,0.068315,-0.139916,-0.010889,0.035943,0.103180,0.097170,-0.033561,0.063626,0.015605,0.043818,0.033865,0.018258,0.047836,0.065894,0.087575,-0.023946,-0.037781,0.025500,0.108722,0.101848,0.072166,0.021687,0.170580,0.058346,0.014475,0.058216,0.073636,-0.026151,0.016049,0.014366,-0.005702,0.013018,0.091559,-0.069965,-0.017903,-0.018225,0.144202,0.058528,-0.033392,-0.012426,0.157738,0.002230,0.319147,0.810500,0.854950,1.000000,0.202765,0.105706,0.056864,0.145452,0.060282,0.378092
0.287085,0.231084,0.208290,0.201798,0.160983,0.185792,0.211874,0.297895,0.208274,0.328096,0.266043,0.157936,0.300133,0.241322,0.179784,0.138717,0.373580,-0.002662,0.107719,0.058331,0.139060,0.130769,0.029433,0.048907,0.089526,0.073395,0.065723,0.065481,0.054616,0.100724,0.249563,0.239958,-0.000487,0.311985,0.399929,0.374932,0.240962,0.254648,0.495031,0.504865,0.297749,0.312781,0.542219,0.260247,0.313504,0.292452,0.264191,0.323272,0.266380,-0.072220,0.142820,0.142531,0.764447,0.274847,0.340874,0.353954,0.671798,0.272686,0.273215,0.152742,0.061973,0.202765,1.000000,0.672894,0.447137,0.244852,0.031927,0.633205
0.201175,0.109613,0.042650,0.032131,0.035186,0.042933,0.043104,0.102960,0.044170,0.229624,0.130208,-0.006681,0.102207,0.110073,0.124519,0.171374,0.267283,0.048491,0.080682,0.082023,0.064270,0.045152,-0.010111,-0.005544,0.088111,0.061690,0.044686,0.068899,0.024687,0.066801,0.195235,0.217758,0.023303,0.205050,0.181245,0.117898,0.055407,0.096484,0.242763,0.340406,0.048652,0.106862,0.359834,0.416371,0.148087,0.095624,0.086699,0.148572,0.151560,0.272229,0.610062,0.295740,0.747320,0.148961,0.100062,0.115932,0.241693,0.044677,-0.152633,0.033668,0.019078,0.105706,0.672894,1.000000,0.887255,0.631362,0.097131,0.459597
