1.000000,0.466588,0.207660,0.279437,0.630166,0.455611,0.300406,0.267786,0.456745,0.600321,-0.158957,0.110165,0.178198,-0.120568,-0.181751,0.382823,0.338671,0.106822,0.176077,-0.201456,0.054286,0.246459,0.068946,0.157822,-0.001795,-0.121207,-0.091588,0.366074,0.433946,0.419774,0.204154,0.483431,0.080548,0.798075,0.095856,0.159475,0.085253,0.118104,0.013987,0.282665,0.217875,0.325001,0.316384,0.258402,-0.054013,0.306848,0.374640,0.103977,-0.107286,-0.089680,-0.041478,-0.027967,-0.013426,-0.059021,0.047132,0.040748,0.018732,0.017261,-0.025534,-0.031855,-0.029732,-0.014480,-0.032303,-0.075284,0.023531,-0.047177,-0.015312,0.001317
0.466588,1.000000,0.187741,0.169656,0.479650,0.320294,0.632534,0.286693,0.434484,0.311608,-0.251471,0.083247,0.096986,-0.233095,-0.200852,-0.037807,-0.102949,-0.149446,-0.111991,-0.216200,-0.027405,0.048716,0.040860,-0.000799,0.021665,-0.123785,-0.105394,0.069244,0.060708,0.038635,-0.045327,0.082330,-0.020133,0.327467,-0.028970,0.103347,0.108473,0.131812,-0.036573,0.194597,0.310696,0.334836,0.209219,0.049710,-0.210675,0.223975,0.330815,-0.021013,-0.165645,-0.105201,-0.109335,-0.127588,-0.062563,-0.178138,-0.022352,-0.010631,0.001118,-0.035062,0.065660,0.016687,0.025980,0.013117,0.006713,-0.023220,-0.060118,-0.035157,0.010063,-0.062942
0.207660,0.187741,1.000000,0.274198,0.169660,0.187285,0.183453,0.179727,0.282505,0.285409,-0.104177,0.031859,0.107232,-0.080428,-0.093777,0.008590,-0.022894,-0.049208,0.008552,-0.111865,0.046829,0.062794,0.108176,0.052372,0.128383,-0.100199,0.010777,0.070314,0.122912,0.081596,0.051000,0.019805,-0.010784,0.100857,-0.007623,-0.019393,0.234331,0.245496,0.000847,0.156568,0.134939,0.222122,0.171661,0.082402,-0.050130,0.298469,0.282455,0.089666,-0.077102,-0.084061,-0.073183,-0.083308,-0.066931,-0.118074,-0.059847,-0.063170,-0.036333,-0.090205,-0.064244,-0.012220,-0.035289,-0.009409,-0.073737,-0.089228,0.018785,-0.023495,-0.015284,-0.048810
0.279437,0.169656,0.274198,1.000000,0.205875,0.570064,0.142290,0.478866,0.588309,0.524027,0.081231,0.506517,0.455416,0.076564,-0.077703,0.005086,-0.042868,0.008002,-0.007415,-0.068075,0.123414,0.207656,-0.011948,0.109292,0.006462,-0.032842,0.034169,0.117630,0.307156,0.108957,0.001223,0.094651,0.009513,0.076448,0.157032,0.116919,0.288602,0.667523,0.076361,0.560181,0.272046,0.520946,0.489636,0.505790,0.286802,0.717201,0.558337,0.500846,0.043223,-0.014281,0.015882,0.016786,0.014252,0.092105,0.088923,0.023268,-0.033716,0.020198,-0.051643,0.063513,-0.008119,-0.018820,-0.023873,0.007883,0.114558,-0.010550,-0.039904,0.016093
0.630166,0.479650,0.169660,0.205875,1.000000,0.479933,0.467820,0.297651,0.475911,0.448894,-0.262502,0.078009,0.112621,-0.234188,-0.198680,0.215195,0.121848,-0.087000,0.025626,-0.232333,-0.102723,0.060769,-0.041211,0.012031,-0.013951,-0.110414,-0.095510,0.193629,0.175723,0.211821,0.098144,0.206693,0.006862,0.674313,0.001551,0.082696,0.036294,0.139436,-0.014922,0.235102,0.200975,0.335143,0.264587,0.111437,-0.158973,0.333659,0.327356,0.027076,-0.170111,-0.049408,-0.038167,-0.111292,-0.019188,-0.153294,0.000018,0.039632,0.058476,0.001393,0.027672,-0.030341,-0.022249,-0.001074,0.026289,-0.033392,-0.034698,-0.025714,-0.035453,-0.012107
0.455611,0.320294,0.187285,0.570064,0.479933,1.000000,0.211995,0.774760,0.741981,0.704442,0.033916,0.606710,0.662362,0.028540,-0.265688,0.018229,-0.093888,-0.195729,-0.146636,-0.280718,-0.003122,0.089574,-0.102706,0.027678,-0.018101,-0.101623,-0.131312,0.199139,0.172202,0.051090,-0.038073,0.088478,-0.054919,0.315333,-0.106524,0.047627,0.094057,0.156617,-0.185095,0.364637,0.178967,0.789185,0.293327,0.353899,0.245145,0.549183,0.694161,0.462075,-0.200007,-0.179448,-0.231480,-0.256433,-0.220649,-0.176144,-0.134612,-0.129053,-0.170542,-0.133660,-0.058297,0.078720,0.126745,0.088676,-0.161180,-0.133638,-0.131562,-0.050063,-0.057542,-0.180717
0.300406,0.632534,0.183453,0.142290,0.467820,0.211995,1.000000,0.224882,0.442496,0.232109,-0.307281,0.027529,-0.037872,-0.298852,-0.139174,0.014126,-0.049638,-0.126053,-0.077590,-0.163022,-0.076296,0.036860,-0.020835,-0.008952,-0.029471,-0.112120,-0.096043,-0.018020,-0.001480,-0.014895,-0.062120,-0.057099,-0.014302,0.235720,0.007752,0.027575,0.101986,0.205446,0.074754,0.203438,0.497225,0.267719,0.216832,-0.058546,-0.250866,0.249821,0.208903,-0.099917,-0.162713,-0.035131,-0.016979,-0.081880,0.016874,-0.157707,0.057658,0.076915,0.084897,0.032742,0.068010,0.017616,-0.006842,0.018694,0.055055,0.036831,0.012810,0.048912,0.046086,0.047050
0.267786,0.286693,0.179727,0.478866,0.297651,0.774760,0.224882,1.000000,0.589234,0.576964,0.027491,0.633177,0.847695,0.045947,-0.389546,-0.146894,-0.235356,-0.261297,-0.276297,-0.391951,-0.090021,0.029062,-0.122488,0.050398,-0.038256,-0.189730,-0.199767,0.107011,-0.004656,-0.100421,-0.088352,-0.048483,-0.094529,0.139974,-0.203596,0.053527,0.040653,0.053700,-0.273139,0.208584,0.198113,0.944233,0.162106,0.234327,0.246781,0.493570,0.804707,0.507986,-0.302024,-0.264129,-0.319500,-0.288218,-0.235510,-0.286879,-0.164364,-0.178710,-0.178607,-0.172646,-0.066125,0.038055,0.075761,0.052369,-0.194729,-0.183942,-0.191884,-0.056827,-0.037833,-0.273997
0.456745,0.434484,0.282505,0.588309,0.475911,0.741981,0.442496,0.589234,1.000000,0.759171,-0.162419,0.450682,0.461626,-0.142259,-0.252890,0.053880,-0.013824,-0.092713,-0.020480,-0.259095,-0.004540,0.112336,-0.048068,0.017157,-0.016995,-0.164881,-0.134553,0.086271,0.232482,0.117306,-0.007613,0.051861,-0.072637,0.281642,0.016075,0.094294,0.150176,0.329046,-0.039909,0.462829,0.335038,0.686416,0.480554,0.338117,0.031543,0.644190,0.674238,0.317469,-0.172049,-0.144221,-0.134745,-0.165237,-0.154496,-0.125909,-0.028896,-0.075168,-0.124343,-0.083158,-0.093942,0.010906,0.025922,-0.027758,-0.177066,-0.138399,-0.032607,-0.052138,-0.017756,-0.107102
0.600321,0.311608,0.285409,0.524027,0.448894,0.704442,0.232109,0.576964,0.759171,1.000000,-0.105061,0.393562,0.491648,-0.081435,-0.286724,0.424001,0.314079,0.106950,0.189851,-0.280728,-0.003324,0.166633,0.006021,0.129784,-0.005724,-0.179649,-0.168032,0.188412,0.382733,0.342636,0.183316,0.248194,0.001529,0.480179,0.056225,0.140087,0.120259,0.243171,-0.058516,0.416133,0.253671,0.640806,0.432711,0.472657,0.135249,0.581231,0.651193,0.385863,-0.140097,-0.095679,-0.075703,-0.072712,-0.116624,-0.066129,-0.025944,-0.088834,-0.113609,-0.080569,-0.071539,0.023330,0.042513,-0.029394,-0.159870,-0.139899,0.006451,-0.078071,-0.033230,-0.121812
-0.158957,-0.251471,-0.104177,0.081231,-0.262502,0.033916,-0.307281,0.027491,-0.162419,-0.105061,1.000000,0.299917,0.277425,0.935127,0.350380,0.046534,0.040175,0.153660,0.059400,0.381652,0.360350,0.243985,-0.005044,0.149066,0.006908,0.160527,0.242257,0.142396,0.174020,0.132044,0.018346,0.156058,0.241902,-0.188382,0.153944,-0.017246,-0.047103,-0.114956,0.025134,0.023805,-0.137853,-0.093860,-0.020394,0.336461,0.831282,-0.140360,-0.182922,0.581086,0.500213,0.129484,0.159633,0.189999,0.067942,0.503859,0.058718,0.000565,-0.070428,0.019073,-0.076800,0.037792,-0.033979,0.013206,-0.059332,0.014274,0.161761,-0.075413,-0.039318,0.000439
0.110165,0.083247,0.031859,0.506517,0.078009,0.606710,0.027529,0.633177,0.450682,0.393562,0.299917,1.000000,0.714948,0.278871,-0.074773,-0.074498,-0.123003,-0.073642,-0.074313,-0.074337,0.087361,0.052315,-0.017978,0.007229,0.034215,-0.012746,-0.048271,0.125420,0.125249,0.006039,-0.047977,0.030500,-0.026806,-0.036996,-0.104868,0.008461,0.038548,-0.031110,-0.198129,0.249351,0.047551,0.610101,0.155135,0.309750,0.493976,0.403293,0.528349,0.588728,-0.010981,-0.097310,-0.189464,-0.157095,-0.183655,0.018641,-0.143175,-0.167351,-0.191689,-0.146614,-0.080248,0.104292,0.095807,0.071091,-0.145198,-0.068970,-0.116938,-0.050596,-0.019728,-0.175530
0.178198,0.096986,0.107232,0.455416,0.112621,0.662362,-0.037872,0.847695,0.461626,0.491648,0.277425,0.714948,1.000000,0.331995,-0.190829,-0.108183,-0.171462,-0.141617,-0.179572,-0.191275,0.021782,0.078925,-0.083874,0.050390,-0.012436,-0.118713,-0.101376,0.147301,0.065156,-0.057655,-0.061568,0.018990,-0.053316,0.060274,-0.109274,0.055499,0.005879,0.005539,-0.203102,0.216852,0.055422,0.775913,0.156354,0.357645,0.448912,0.411875,0.705623,0.644237,-0.069663,-0.161947,-0.183271,-0.160436,-0.147048,-0.063983,-0.091019,-0.105724,-0.151591,-0.091992,-0.084263,0.055973,0.067822,0.032780,-0.173469,-0.143996,-0.092886,-0.081521,-0.057599,-0.199349
-0.120568,-0.233095,-0.080428,0.076564,-0.234188,0.028540,-0.298852,0.045947,-0.142259,-0.081435,0.935127,0.278871,0.331995,1.000000,0.493525,0.019129,0.028549,0.208742,0.096737,0.516105,0.389874,0.276803,0.025927,0.147323,0.050183,0.206327,0.273532,0.178484,0.231844,0.147228,0.027560,0.207000,0.240220,-0.158643,0.182994,0.018315,-0.048902,-0.114193,0.070633,0.046832,-0.133941,-0.075855,0.020520,0.342060,0.758784,-0.137331,-0.147433,0.560069,0.554541,0.112788,0.194360,0.241058,0.105138,0.553337,0.088505,0.044173,-0.030422,0.072116,-0.081094,0.001977,-0.058068,-0.028766,-0.045647,0.003724,0.186509,-0.088815,-0.071358,0.012009
-0.181751,-0.200852,-0.093777,-0.077703,-0.198680,-0.265688,-0.139174,-0.389546,-0.252890,-0.286724,0.350380,-0.074773,-0.190829,0.493525,1.000000,0.000457,0.061329,0.370432,0.253106,0.967977,0.368697,0.196077,0.125227,0.092359,0.182571,0.463806,0.349696,0.103119,0.172025,0.104233,-0.022563,0.200852,0.138148,-0.173033,0.231445,-0.012259,-0.010013,-0.019549,0.197111,0.017225,-0.089507,-0.415305,0.024530,0.050563,0.198125,-0.237023,-0.442949,0.024144,0.623814,0.182899,0.299090,0.385709,0.176757,0.620397,0.149317,0.110812,0.084875,0.141201,-0.054321,-0.046093,-0.054596,-0.046307,0.065598,0.064358,0.219589,-0.021146,-0.036428,0.116562
0.382823,-0.037807,0.008590,0.005086,0.215195,0.018229,0.014126,-0.146894,0.053880,0.424001,0.046534,-0.074498,-0.108183,0.019129,0.000457,1.000000,0.874677,0.387073,0.495261,0.013119,0.041916,0.119366,0.082873,0.124049,-0.036473,-0.090146,-0.014403,0.128878,0.370114,0.604003,0.450005,0.340946,0.063217,0.520279,0.295474,0.124199,0.005803,0.079467,0.192426,0.142008,0.073881,-0.148985,0.198952,0.255644,0.105141,0.088055,-0.045212,0.079827,0.189978,0.234515,0.267384,0.237600,0.160427,0.255659,0.170606,0.100931,0.068983,0.107268,0.009332,-0.009215,-0.074551,-0.077001,0.092785,0.074444,0.248457,-0.012290,-0.019238,0.149722
0.338671,-0.102949,-0.022894,-0.042868,0.121848,-0.093888,-0.049638,-0.235356,-0.013824,0.314079,0.040175,-0.123003,-0.171462,0.028549,0.061329,0.874677,1.000000,0.479227,0.598153,0.076853,0.070936,0.101679,0.136907,0.119376,-0.022768,-0.063159,-0.007462,0.120313,0.377864,0.651175,0.529351,0.381871,0.107984,0.491792,0.302059,0.100778,0.045976,0.062157,0.203532,0.103311,0.034941,-0.233875,0.179323,0.204259,0.069974,0.024799,-0.136331,0.007387,0.203190,0.232057,0.294894,0.315011,0.213281,0.273686,0.200748,0.112773,0.104752,0.101507,-0.006397,-0.045156,-0.079959,-0.107549,0.078616,0.079408,0.269149,-0.004823,-0.006098,0.146730
0.106822,-0.149446,-0.049208,0.008002,-0.087000,-0.195729,-0.126053,-0.261297,-0.092713,0.106950,0.153660,-0.073642,-0.141617,0.208742,0.370432,0.387073,0.479227,1.000000,0.749393,0.444426,0.244585,0.265580,0.398423,0.152375,0.140242,0.095695,0.085779,0.162644,0.432174,0.439771,0.173590,0.474973,0.181061,0.130545,0.377207,0.215924,0.008651,0.049004,0.281454,0.189599,-0.021982,-0.281733,0.265641,0.330971,0.097998,-0.081705,-0.211611,0.023480,0.361966,0.360563,0.434554,0.676815,0.408173,0.479238,0.406524,0.308274,0.244857,0.306614,-0.104376,-0.052982,-0.092497,-0.100743,0.071206,0.084634,0.394019,-0.000217,0.003043,0.222429
0.176077,-0.111991,0.008552,-0.007415,0.025626,-0.146636,-0.077590,-0.276297,-0.020480,0.189851,0.059400,-0.074313,-0.179572,0.096737,0.253106,0.495261,0.598153,0.749393,1.000000,0.276777,0.080918,0.130240,0.394954,0.115936,0.175195,0.040265,0.071530,0.098836,0.503753,0.578349,0.296498,0.451604,0.170632,0.236979,0.242843,0.141195,0.010917,0.081041,0.224235,0.128452,-0.050742,-0.276036,0.179058,0.206015,0.032416,0.004642,-0.184963,-0.030583,0.260482,0.275695,0.292591,0.397639,0.251874,0.348001,0.227310,0.159719,0.171239,0.161823,-0.066402,-0.074633,-0.118606,-0.125396,0.084705,0.083329,0.220715,0.002726,-0.021162,0.169184
-0.201456,-0.216200,-0.111865,-0.068075,-0.232333,-0.280718,-0.163022,-0.391951,-0.259095,-0.280728,0.381652,-0.074337,-0.191275,0.516105,0.967977,0.013119,0.076853,0.444426,0.276777,1.000000,0.414753,0.251505,0.139362,0.102090,0.164935,0.431121,0.337970,0.092522,0.178311,0.117743,-0.006150,0.224727,0.165742,-0.185226,0.279389,0.018704,-0.016120,-0.012286,0.216661,0.041557,-0.091962,-0.419687,0.062514,0.111434,0.219790,-0.253789,-0.452404,0.035284,0.630512,0.225169,0.338207,0.463263,0.216177,0.650480,0.209316,0.140107,0.095610,0.172381,-0.063509,-0.036561,-0.035740,-0.025072,0.056678,0.068693,0.262535,-0.037954,-0.040111,0.136480
0.054286,-0.027405,0.046829,0.123414,-0.102723,-0.003122,-0.076296,-0.090021,-0.004540,-0.003324,0.360350,0.087361,0.021782,0.389874,0.368697,0.041916,0.070936,0.244585,0.080918,0.414753,1.000000,0.707615,0.135776,0.173507,0.043098,0.226232,0.221793,0.169527,0.213472,0.171039,-0.039949,0.306729,0.171631,-0.068838,0.322237,0.145685,0.070621,0.078543,0.163642,0.214405,0.018002,-0.097140,0.256218,0.337621,0.298414,-0.011741,-0.096024,0.251422,0.401486,0.149807,0.266429,0.365303,0.244864,0.459388,0.312078,0.217207,0.104379,0.187922,-0.082893,-0.012131,-0.014838,0.012393,-0.005425,0.025650,0.273387,-0.079936,-0.003718,0.103851
0.246459,0.048716,0.062794,0.207656,0.060769,0.089574,0.036860,0.029062,0.112336,0.166633,0.243985,0.052315,0.078925,0.276803,0.196077,0.119366,0.101679,0.265580,0.130240,0.251505,0.707615,1.000000,0.170004,0.447316,0.054027,0.130613,0.197773,0.246696,0.329750,0.213439,-0.032592,0.400189,0.173502,0.116644,0.336620,0.187230,0.040772,0.139807,0.171502,0.262214,0.074106,0.017724,0.329745,0.411649,0.217697,0.069232,0.045939,0.248656,0.291799,0.112579,0.255265,0.339793,0.286850,0.369285,0.335991,0.245854,0.137512,0.216580,-0.071349,0.015949,-0.016330,0.000078,0.022782,0.025716,0.287099,-0.064118,0.008734,0.152569
0.068946,0.040860,0.108176,-0.011948,-0.041211,-0.102706,-0.020835,-0.122488,-0.048068,0.006021,-0.005044,-0.017978,-0.083874,0.025927,0.125227,0.082873,0.136907,0.398423,0.394954,0.139362,0.135776,0.170004,1.000000,0.195440,0.626763,0.129572,0.105481,0.099160,0.363973,0.164978,-0.017157,0.238390,0.062267,0.052501,0.055856,0.078111,-0.007830,0.049549,0.042451,0.006761,-0.062593,-0.111216,0.016037,0.023942,-0.043227,-0.000779,-0.041604,-0.027431,0.122154,0.086278,0.117416,0.217610,0.122058,0.133634,0.147105,0.116401,0.096458,0.091357,-0.047710,-0.027071,-0.008624,0.003249,0.031472,0.004604,0.120727,0.067002,-0.014116,0.074811
0.157822,-0.000799,0.052372,0.109292,0.012031,0.027678,-0.008952,0.050398,0.017157,0.129784,0.149066,0.007229,0.050390,0.147323,0.092359,0.124049,0.119376,0.152375,0.115936,0.102090,0.173507,0.447316,0.195440,1.000000,0.162830,0.116123,0.168356,0.159531,0.285861,0.181233,0.086696,0.280048,0.117361,0.095591,0.172628,0.095331,-0.006994,0.073081,-0.003741,0.030148,-0.000868,0.035035,0.074807,0.116379,0.157601,0.044174,0.074499,0.180830,0.132715,-0.039814,0.044690,0.143343,0.028485,0.166080,0.062282,-0.079584,-0.081071,-0.064227,-0.101064,-0.027093,0.023689,-0.009431,-0.132262,-0.107980,0.115622,-0.030342,0.070989,-0.062010
-0.001795,0.021665,0.128383,0.006462,-0.013951,-0.018101,-0.029471,-0.038256,-0.016995,-0.005724,0.006908,0.034215,-0.012436,0.050183,0.182571,-0.036473,-0.022768,0.140242,0.175195,0.164935,0.043098,0.054027,0.626763,0.162830,1.000000,0.294088,0.191390,0.047143,0.304947,0.051768,-0.004898,0.101550,0.007318,-0.034339,-0.012777,0.034671,-0.026855,0.001091,-0.012081,-0.032768,-0.051309,-0.035194,-0.057031,-0.037775,-0.007996,0.000995,-0.015047,0.015065,0.128647,-0.005556,-0.000354,0.051079,0.004256,0.100497,-0.004726,0.005405,0.013011,0.004030,-0.041228,0.008598,0.045559,0.066580,-0.030124,-0.038894,-0.028519,0.030931,-0.011000,-0.004793
-0.121207,-0.123785,-0.100199,-0.032842,-0.110414,-0.101623,-0.112120,-0.189730,-0.164881,-0.179649,0.160527,-0.012746,-0.118713,0.206327,0.463806,-0.090146,-0.063159,0.095695,0.040265,0.431121,0.226232,0.130613,0.129572,0.116123,0.294088,1.000000,0.518034,0.145615,0.102888,-0.012367,-0.038582,0.115088,0.026843,-0.140687,0.000607,-0.014210,0.003369,-0.034640,-0.020500,-0.076287,-0.093003,-0.197492,-0.106483,-0.038805,0.138678,-0.123731,-0.267251,0.002505,0.229098,0.041905,0.028881,0.070334,-0.008300,0.207563,-0.052462,-0.038825,-0.006245,-0.009001,-0.020868,-0.025403,0.023837,0.027568,0.021812,-0.021639,-0.027732,-0.029392,0.016297,-0.027101
-0.091588,-0.105394,0.010777,0.034169,-0.095510,-0.131312,-0.096043,-0.199767,-0.134553,-0.168032,0.242257,-0.048271,-0.101376,0.273532,0.349696,-0.014403,-0.007462,0.085779,0.071530,0.337970,0.221793,0.197773,0.105481,0.168356,0.191390,0.518034,1.000000,0.150750,0.170733,0.042050,0.060273,0.143376,0.101689,-0.138960,0.108157,-0.019051,0.026325,0.045977,0.100229,0.036844,-0.051968,-0.223593,0.040446,0.067681,0.144746,-0.100410,-0.238209,0.041967,0.259121,0.110625,0.137993,0.187860,0.147127,0.238318,0.116493,0.093704,0.113639,0.102711,-0.015051,-0.075431,-0.079630,-0.016266,0.071860,0.074568,0.122781,-0.031391,0.001267,0.078292
0.366074,0.069244,0.070314,0.117630,0.193629,0.199139,-0.018020,0.107011,0.086271,0.188412,0.142396,0.125420,0.147301,0.178484,0.103119,0.128878,0.120313,0.162644,0.098836,0.092522,0.169527,0.246696,0.099160,0.159531,0.047143,0.145615,0.150750,1.000000,0.293398,0.205371,0.035001,0.460112,0.098948,0.337710,-0.004386,0.070749,-0.033925,-0.047707,-0.062530,0.030587,-0.065233,0.112082,-0.006864,0.164176,0.202545,0.016636,0.082224,0.195876,0.095438,-0.042518,-0.028306,0.050709,0.025145,0.140268,0.009549,0.016143,0.040586,0.021825,-0.038633,-0.001717,0.060895,0.099892,-0.012598,-0.034779,-0.013119,-0.021885,0.011136,-0.017421
0.433946,0.060708,0.122912,0.307156,0.175723,0.172202,-0.001480,-0.004656,0.232482,0.382733,0.174020,0.125249,0.065156,0.231844,0.172025,0.370114,0.377864,0.432174,0.503753,0.178311,0.213472,0.329750,0.363973,0.285861,0.304947,0.102888,0.170733,0.293398,1.000000,0.632416,0.231553,0.537703,0.171302,0.286621,0.281293,0.196070,0.090893,0.194339,0.181801,0.270284,0.030997,0.007702,0.277995,0.383651,0.206149,0.210435,0.093599,0.254630,0.264457,0.090730,0.217320,0.291022,0.200921,0.323903,0.160984,0.113894,0.115820,0.129917,-0.011243,-0.015312,-0.054318,-0.047590,0.092858,0.089736,0.252194,0.026348,-0.045051,0.148551
0.419774,0.038635,0.081596,0.108957,0.211821,0.051090,-0.014895,-0.100421,0.117306,0.342636,0.132044,0.006039,-0.057655,0.147228,0.104233,0.604003,0.651175,0.439771,0.578349,0.117743,0.171039,0.213439,0.164978,0.181233,0.051768,-0.012367,0.042050,0.205371,0.632416,1.000000,0.560222,0.553590,0.193621,0.387616,0.266375,0.157552,0.041614,0.079384,0.169105,0.162437,0.021407,-0.116228,0.190113,0.293043,0.150052,0.085720,-0.019137,0.147691,0.280275,0.170586,0.227468,0.296767,0.191876,0.328122,0.165178,0.104954,0.123380,0.084796,0.029458,-0.023221,-0.063187,-0.069909,0.099868,0.099939,0.218789,0.022040,0.026876,0.124100
0.204154,-0.045327,0.051000,0.001223,0.098144,-0.038073,-0.062120,-0.088352,-0.007613,0.183316,0.018346,-0.047977,-0.061568,0.027560,-0.022563,0.450005,0.529351,0.173590,0.296498,-0.006150,-0.039949,-0.032592,-0.017157,0.086696,-0.004898,-0.038582,0.060273,0.035001,0.231553,0.560222,1.000000,0.255038,0.048929,0.270869,0.132763,0.084937,0.051972,0.058743,0.140893,0.015836,0.006308,-0.100933,0.050640,0.101659,0.032534,0.044300,-0.055349,0.011881,0.117115,0.146013,0.165455,0.171482,0.117607,0.127499,0.083140,0.019105,0.122045,-0.002302,0.108697,0.033960,0.004908,-0.024611,0.098008,0.080911,0.115978,0.005284,0.038078,0.108413
0.483431,0.082330,0.019805,0.094651,0.206693,0.088478,-0.057099,-0.048483,0.051861,0.248194,0.156058,0.030500,0.018990,0.207000,0.200852,0.340946,0.381871,0.474973,0.451604,0.224727,0.306729,0.400189,0.238390,0.280048,0.101550,0.115088,0.143376,0.460112,0.537703,0.553590,0.255038,1.000000,0.260644,0.406003,0.235492,0.199129,0.026227,0.005357,0.136124,0.142398,-0.002387,-0.060915,0.186540,0.299509,0.134555,-0.013143,-0.016687,0.117578,0.237287,0.143900,0.193741,0.321130,0.209906,0.299406,0.194761,0.142653,0.138427,0.138397,-0.020793,-0.034658,-0.026050,-0.010224,0.043779,0.010446,0.194794,-0.031716,-0.003417,0.111492
0.080548,-0.020133,-0.010784,0.009513,0.006862,-0.054919,-0.014302,-0.094529,-0.072637,0.001529,0.241902,-0.026806,-0.053316,0.240220,0.138148,0.063217,0.107984,0.181061,0.170632,0.165742,0.171631,0.173502,0.062267,0.117361,0.007318,0.026843,0.101689,0.098948,0.171302,0.193621,0.048929,0.260644,1.000000,0.036749,0.119560,0.077584,0.032284,-0.017596,0.086328,0.029672,0.066552,-0.109187,0.037154,0.109240,0.155075,-0.104619,-0.151079,0.054095,0.189943,0.138047,0.140103,0.150935,0.108389,0.201771,0.065060,0.079972,0.098447,0.080859,0.070654,0.024237,-0.014924,-0.002339,0.053366,0.035109,0.096170,-0.074433,-0.053641,0.051165
0.798075,0.327467,0.100857,0.076448,0.674313,0.315333,0.235720,0.139974,0.281642,0.480179,-0.188382,-0.036996,0.060274,-0.158643,-0.173033,0.520279,0.491792,0.130545,0.236979,-0.185226,-0.068838,0.116644,0.052501,0.095591,-0.034339,-0.140687,-0.138960,0.337710,0.286621,0.387616,0.270869,0.406003,0.036749,1.000000,0.115055,0.119344,0.005540,0.098900,0.039085,0.170190,0.116552,0.176276,0.231258,0.148270,-0.098347,0.235210,0.235327,0.034873,-0.071719,0.016226,0.047145,0.004847,0.023476,-0.036603,0.071786,0.067537,0.041515,0.048044,0.005323,-0.044116,-0.007787,0.008042,0.006107,-0.056848,0.058666,-0.021059,-0.042581,0.032284
0.095856,-0.028970,-0.007623,0.157032,0.001551,-0.106524,0.007752,-0.203596,0.016075,0.056225,0.153944,-0.104868,-0.109274,0.182994,0.231445,0.295474,0.302059,0.377207,0.242843,0.279389,0.322237,0.336620,0.055856,0.172628,-0.012777,0.000607,0.108157,-0.004386,0.281293,0.266375,0.132763,0.235492,0.119560,0.115055,1.000000,0.508107,0.093573,0.346273,0.694980,0.562731,0.281869,-0.218084,0.610136,0.523846,0.083075,0.085943,-0.101180,0.127136,0.474617,0.473263,0.675492,0.579284,0.571008,0.545815,0.653050,0.543555,0.375983,0.494082,0.007133,0.049968,-0.070711,0.019555,0.296314,0.346100,0.700375,0.159675,0.028440,0.628120
0.159475,0.103347,-0.019393,0.116919,0.082696,0.047627,0.027575,0.053527,0.094294,0.140087,-0.017246,0.008461,0.055499,0.018315,-0.012259,0.124199,0.100778,0.215924,0.141195,0.018704,0.145685,0.187230,0.078111,0.095331,0.034671,-0.014210,-0.019051,0.070749,0.196070,0.157552,0.084937,0.199129,0.077584,0.119344,0.508107,1.000000,0.057926,0.104969,0.354613,0.384132,0.294034,0.077430,0.392965,0.358549,-0.007981,0.059925,0.120913,0.072430,0.095082,0.280414,0.285122,0.267464,0.281396,0.154893,0.283888,0.253508,0.206976,0.207520,-0.026691,0.091288,0.057357,0.086408,0.137572,0.187840,0.272532,0.122014,0.109238,0.403712
0.085253,0.108473,0.234331,0.288602,0.036294,0.094057,0.101986,0.040653,0.150176,0.120259,-0.047103,0.038548,0.005879,-0.048902,-0.010013,0.005803,0.045976,0.008651,0.010917,-0.016120,0.070621,0.040772,-0.007830,-0.006994,-0.026855,0.003369,0.026325,-0.033925,0.090893,0.041614,0.051972,0.026227,0.032284,0.005540,0.093573,0.057926,1.000000,0.343947,0.060117,0.233042,0.135981,0.059735,0.224338,0.141136,-0.025436,0.205782,0.082656,0.039624,0.050386,0.084034,0.082151,0.055900,0.041940,0.046059,0.036052,0.008060,-0.009971,-0.040422,-0.025750,0.050857,-0.000573,-0.008045,0.009266,0.074017,0.104718,0.051952,-0.006345,0.064307
0.118104,0.131812,0.245496,0.667523,0.139436,0.156617,0.205446,0.053700,0.329046,0.243171,-0.114956,-0.031110,0.005539,-0.114193,-0.019549,0.079467,0.062157,0.049004,0.081041,-0.012286,0.078543,0.139807,0.049549,0.073081,0.001091,-0.034640,0.045977,-0.047707,0.194339,0.079384,0.058743,0.005357,-0.017596,0.098900,0.346273,0.104969,0.343947,1.000000,0.301659,0.493963,0.292221,0.101681,0.483532,0.321180,-0.045864,0.594913,0.212406,0.147971,0.136271,0.138293,0.263816,0.144844,0.192525,0.154545,0.252352,0.207357,0.139758,0.154602,0.001609,0.037145,-0.045186,-0.058759,0.153065,0.144220,0.289505,0.085532,-0.045585,0.238680
0.013987,-0.036573,0.000847,0.076361,-0.014922,-0.185095,0.074754,-0.273139,-0.039909,-0.058516,0.025134,-0.198129,-0.203102,0.070633,0.197111,0.192426,0.203532,0.281454,0.224235,0.216661,0.163642,0.171502,0.042451,-0.003741,-0.012081,-0.020500,0.100229,-0.062530,0.181801,0.169105,0.140893,0.136124,0.086328,0.039085,0.694980,0.354613,0.060117,0.301659,1.000000,0.498888,0.362387,-0.293315,0.507097,0.401003,-0.043526,0.037929,-0.171110,-0.034656,0.357705,0.494744,0.688877,0.506119,0.603232,0.387370,0.573801,0.583793,0.482909,0.558169,0.096913,0.039266,-0.077189,0.068345,0.462041,0.445378,0.634530,0.306074,0.098418,0.781352
0.282665,0.194597,0.156568,0.560181,0.235102,0.364637,0.203438,0.208584,0.462829,0.416133,0.023805,0.249351,0.216852,0.046832,0.017225,0.142008,0.103311,0.189599,0.128452,0.041557,0.214405,0.262214,0.006761,0.030148,-0.032768,-0.076287,0.036844,0.030587,0.270284,0.162437,0.015836,0.142398,0.029672,0.170190,0.562731,0.384132,0.233042,0.493963,0.498888,1.000000,0.456406,0.269751,0.887549,0.733832,0.092183,0.504071,0.339261,0.293451,0.238868,0.345688,0.437256,0.304603,0.354544,0.304485,0.450287,0.405246,0.224608,0.338534,-0.020068,0.089847,-0.034057,-0.006049,0.224519,0.296858,0.502125,0.116791,0.001888,0.466682
0.217875,0.310696,0.134939,0.272046,0.200975,0.178967,0.497225,0.198113,0.335038,0.253671,-0.137853,0.047551,0.055422,-0.133941,-0.089507,0.073881,0.034941,-0.021982,-0.050742,-0.091962,0.018002,0.074106,-0.062593,-0.000868,-0.051309,-0.093003,-0.051968,-0.065233,0.030997,0.021407,0.006308,-0.002387,0.066552,0.116552,0.281869,0.294034,0.135981,0.292221,0.362387,0.456406,1.000000,0.251567,0.448411,0.201224,-0.099068,0.256647,0.216306,0.021865,-0.032894,0.124994,0.162741,0.058666,0.121906,0.007277,0.176994,0.162631,0.142091,0.099129,0.016579,0.027993,-0.023225,0.060318,0.147032,0.132686,0.192159,0.122535,0.087351,0.292490
0.325001,0.334836,0.222122,0.520946,0.335143,0.789185,0.267719,0.944233,0.686416,0.640806,-0.093860,0.610101,0.775913,-0.075855,-0.415305,-0.148985,-0.233875,-0.281733,-0.276036,-0.419687,-0.097140,0.017724,-0.111216,0.035035,-0.035194,-0.197492,-0.223593,0.112082,0.007702,-0.116228,-0.100933,-0.060915,-0.109187,0.176276,-0.218084,0.077430,0.059735,0.101681,-0.293315,0.269751,0.251567,1.000000,0.218806,0.201321,0.142235,0.556339,0.858214,0.452032,-0.384507,-0.314475,-0.378114,-0.343109,-0.308432,-0.347907,-0.209265,-0.232668,-0.222625,-0.223299,-0.074891,0.031444,0.085878,0.039815,-0.249233,-0.228875,-0.242274,-0.088659,-0.012862,-0.314121
0.316384,0.209219,0.171661,0.489636,0.264587,0.293327,0.216832,0.162106,0.480554,0.432711,-0.020394,0.155135,0.156354,0.020520,0.024530,0.198952,0.179323,0.265641,0.179058,0.062514,0.256218,0.329745,0.016037,0.074807,-0.057031,-0.106483,0.040446,-0.006864,0.277995,0.190113,0.050640,0.186540,0.037154,0.231258,0.610136,0.392965,0.224338,0.483532,0.507097,0.887549,0.448411,0.218806,1.000000,0.721541,0.018422,0.470913,0.326105,0.243842,0.238089,0.339649,0.493150,0.402408,0.428632,0.336208,0.497221,0.414605,0.268608,0.347938,-0.047379,0.012189,-0.094116,-0.053264,0.175825,0.211702,0.555388,0.036702,-0.037239,0.409112
0.258402,0.049710,0.082402,0.505790,0.111437,0.353899,-0.058546,0.234327,0.338117,0.472657,0.336461,0.309750,0.357645,0.342060,0.050563,0.255644,0.204259,0.330971,0.206015,0.111434,0.337621,0.411649,0.023942,0.116379,-0.037775,-0.038805,0.067681,0.164176,0.383651,0.293043,0.101659,0.299509,0.109240,0.148270,0.523846,0.358549,0.141136,0.321180,0.401003,0.733832,0.201224,0.201321,0.721541,1.000000,0.429507,0.370700,0.285589,0.510813,0.327574,0.427430,0.495865,0.426968,0.427459,0.420560,0.470307,0.398915,0.206030,0.345280,-0.034022,0.097607,-0.018064,-0.003301,0.177912,0.269574,0.521248,0.048890,-0.028851,0.394573
-0.054013,-0.210675,-0.050130,0.286802,-0.158973,0.245145,-0.250866,0.246781,0.031543,0.135249,0.831282,0.493976,0.448912,0.758784,0.198125,0.105141,0.069974,0.097998,0.032416,0.219790,0.298414,0.217697,-0.043227,0.157601,-0.007996,0.138678,0.144746,0.202545,0.206149,0.150052,0.032534,0.134555,0.155075,-0.098347,0.083075,-0.007981,-0.025436,-0.045864,-0.043526,0.092183,-0.099068,0.142235,0.018422,0.429507,1.000000,0.112989,0.085456,0.824779,0.406521,0.058696,0.068958,0.079432,-0.022885,0.453034,-0.000802,-0.067802,-0.128047,-0.047158,-0.099923,0.066199,-0.004572,0.038274,-0.091473,-0.027035,0.086805,-0.049459,-0.034054,-0.062439
0.306848,0.223975,0.298469,0.717201,0.333659,0.549183,0.249821,0.493570,0.644190,0.581231,-0.140360,0.403293,0.411875,-0.137331,-0.237023,0.088055,0.024799,-0.081705,0.004642,-0.253789,-0.011741,0.069232,-0.000779,0.044174,0.000995,-0.123731,-0.100410,0.016636,0.210435,0.085720,0.044300,-0.013143,-0.104619,0.235210,0.085943,0.059925,0.205782,0.594913,0.037929,0.504071,0.256647,0.556339,0.470913,0.370700,0.112989,1.000000,0.723944,0.461423,-0.075861,0.004462,0.008132,-0.079576,-0.027249,-0.036548,0.066476,0.019700,-0.020394,-0.024008,-0.039044,0.033073,-0.025032,-0.030508,-0.010115,-0.005825,0.064714,0.053478,-0.049030,0.010731
0.374640,0.330815,0.282455,0.558337,0.327356,0.694161,0.208903,0.804707,0.674238,0.651193,-0.182922,0.528349,0.705623,-0.147433,-0.442949,-0.045212,-0.136331,-0.211611,-0.184963,-0.452404,-0.096024,0.045939,-0.041604,0.074499,-0.015047,-0.267251,-0.238209,0.082224,0.093599,-0.019137,-0.055349,-0.016687,-0.151079,0.235327,-0.101180,0.120913,0.082656,0.212406,-0.171110,0.339261,0.216306,0.858214,0.326105,0.285589,0.085456,0.723944,1.000000,0.510723,-0.293486,-0.233071,-0.254159,-0.241701,-0.189012,-0.257497,-0.078080,-0.119609,-0.148435,-0.127683,-0.058182,0.030729,0.063966,0.008078,-0.175612,-0.170387,-0.128505,-0.048140,-0.040430,-0.200756
0.103977,-0.021013,0.089666,0.500846,0.027076,0.462075,-0.099917,0.507986,0.317469,0.385863,0.581086,0.588728,0.644237,0.560069,0.024144,0.079827,0.007387,0.023480,-0.030583,0.035284,0.251422,0.248656,-0.027431,0.180830,0.015065,0.002505,0.041967,0.195876,0.254630,0.147691,0.011881,0.117578,0.054095,0.034873,0.127136,0.072430,0.039624,0.147971,-0.034656,0.293451,0.021865,0.452032,0.243842,0.510813,0.824779,0.461423,0.510723,1.000000,0.384528,-0.006294,0.045482,0.047963,-0.022879,0.425635,0.053006,-0.028172,-0.113004,-0.016823,-0.111585,0.072008,0.018133,0.032818,-0.129430,-0.053366,0.117807,-0.029768,-0.064781,-0.077617
-0.107286,-0.165645,-0.077102,0.043223,-0.170111,-0.200007,-0.162713,-0.302024,-0.172049,-0.140097,0.500213,-0.010981,-0.069663,0.554541,0.623814,0.189978,0.203190,0.361966,0.260482,0.630512,0.401486,0.291799,0.122154,0.132715,0.128647,0.229098,0.259121,0.095438,0.264457,0.280275,0.117115,0.237287,0.189943,-0.071719,0.474617,0.095082,0.050386,0.136271,0.357705,0.238868,-0.032894,-0.384507,0.238089,0.327574,0.406521,-0.075861,-0.293486,0.384528,1.000000,0.326105,0.488027,0.473262,0.331652,0.926618,0.352308,0.271944,0.153731,0.289482,0.002607,0.140576,-0.002363,0.020794,0.147945,0.210249,0.474677,0.071771,-0.056769,0.292467
-0.089680,-0.105201,-0.084061,-0.014281,-0.049408,-0.179448,-0.035131,-0.264129,-0.144221,-0.095679,0.129484,-0.097310,-0.161947,0.112788,0.182899,0.234515,0.232057,0.360563,0.275695,0.225169,0.149807,0.112579,0.086278,-0.039814,-0.005556,0.041905,0.110625,-0.042518,0.090730,0.170586,0.146013,0.143900,0.138047,0.016226,0.473263,0.280414,0.084034,0.138293,0.494744,0.345688,0.124994,-0.314475,0.339649,0.427430,0.058696,0.004462,-0.233071,-0.006294,0.326105,1.000000,0.679121,0.528411,0.568722,0.372989,0.450449,0.465264,0.409672,0.411277,0.094317,0.083401,-0.061948,0.045968,0.388290,0.435626,0.492962,0.227173,0.021742,0.579342
-0.041478,-0.109335,-0.073183,0.015882,-0.038167,-0.231480,-0.016979,-0.319500,-0.134745,-0.075703,0.159633,-0.189464,-0.183271,0.194360,0.299090,0.267384,0.294894,0.434554,0.292591,0.338207,0.266429,0.255265,0.117416,0.044690,-0.000354,0.028881,0.137993,-0.028306,0.217320,0.227468,0.165455,0.193741,0.140103,0.047145,0.675492,0.285122,0.082151,0.263816,0.688877,0.437256,0.162741,-0.378114,0.493150,0.495865,0.068958,0.008132,-0.254159,0.045482,0.488027,0.679121,1.000000,0.777279,0.779160,0.540599,0.662594,0.626057,0.521608,0.566758,0.062636,0.016866,-0.135788,-0.026852,0.415382,0.472598,0.825133,0.264402,0.072391,0.653142
-0.027967,-0.127588,-0.083308,0.016786,-0.111292,-0.256433,-0.081880,-0.288218,-0.165237,-0.072712,0.189999,-0.157095,-0.160436,0.241058,0.385709,0.237600,0.315011,0.676815,0.397639,0.463263,0.365303,0.339793,0.217610,0.143343,0.051079,0.070334,0.187860,0.050709,0.291022,0.296767,0.171482,0.321130,0.150935,0.004847,0.579284,0.267464,0.055900,0.144844,0.506119,0.304603,0.058666,-0.343109,0.402408,0.426968,0.079432,-0.079576,-0.241701,0.047963,0.473262,0.528411,0.777279,1.000000,0.813463,0.576044,0.671817,0.576529,0.531753,0.533012,-0.012048,-0.054477,-0.112375,-0.058682,0.279377,0.332982,0.701000,0.150036,0.058250,0.452786
-0.013426,-0.062563,-0.066931,0.014252,-0.019188,-0.220649,0.016874,-0.235510,-0.154496,-0.116624,0.067942,-0.183655,-0.147048,0.105138,0.176757,0.160427,0.213281,0.408173,0.251874,0.216177,0.244864,0.286850,0.122058,0.028485,0.004256,-0.008300,0.147127,0.025145,0.200921,0.191876,0.117607,0.209906,0.108389,0.023476,0.571008,0.281396,0.041940,0.192525,0.603232,0.354544,0.121906,-0.308432,0.428632,0.427459,-0.022885,-0.027249,-0.189012,-0.022879,0.331652,0.568722,0.779160,0.813463,1.000000,0.397957,0.692257,0.718645,0.778800,0.661639,0.149629,-0.016091,-0.132890,-0.017400,0.570670,0.565330,0.704238,0.276403,0.065768,0.616812
-0.059021,-0.178138,-0.118074,0.092105,-0.153294,-0.176144,-0.157707,-0.286879,-0.125909,-0.066129,0.503859,0.018641,-0.063983,0.553337,0.620397,0.255659,0.273686,0.479238,0.348001,0.650480,0.459388,0.369285,0.133634,0.166080,0.100497,0.207563,0.238318,0.140268,0.323903,0.328122,0.127499,0.299406,0.201771,-0.036603,0.545815,0.154893,0.046059,0.154545,0.387370,0.304485,0.007277,-0.347907,0.336208,0.420560,0.453034,-0.036548,-0.257497,0.425635,0.926618,0.372989,0.540599,0.576044,0.397957,1.000000,0.447013,0.330568,0.192536,0.332872,-0.078629,0.059081,-0.048551,-0.032869,0.109567,0.164278,0.514976,0.009099,-0.062620,0.294116
0.047132,-0.022352,-0.059847,0.088923,0.000018,-0.134612,0.057658,-0.164364,-0.028896,-0.025944,0.058718,-0.143175,-0.091019,0.088505,0.149317,0.170606,0.200748,0.406524,0.227310,0.209316,0.312078,0.335991,0.147105,0.062282,-0.004726,-0.052462,0.116493,0.009549,0.160984,0.165178,0.083140,0.194761,0.065060,0.071786,0.653050,0.283888,0.036052,0.252352,0.573801,0.450287,0.176994,-0.209265,0.497221,0.470307,-0.000802,0.066476,-0.078080,0.053006,0.352308,0.450449,0.662594,0.671817,0.692257,0.447013,1.000000,0.874726,0.532149,0.772258,0.014181,-0.026155,-0.143968,-0.040499,0.332894,0.327390,0.662658,0.149431,0.043013,0.548126
0.040748,-0.010631,-0.063170,0.023268,0.039632,-0.129053,0.076915,-0.178710,-0.075168,-0.088834,0.000565,-0.167351,-0.105724,0.044173,0.110812,0.100931,0.112773,0.308274,0.159719,0.140107,0.217207,0.245854,0.116401,-0.079584,0.005405,-0.038825,0.093704,0.016143,0.113894,0.104954,0.019105,0.142653,0.079972,0.067537,0.543555,0.253508,0.008060,0.207357,0.583793,0.405246,0.162631,-0.232668,0.414605,0.398915,-0.067802,0.019700,-0.119609,-0.028172,0.271944,0.465264,0.626057,0.576529,0.718645,0.330568,0.874726,1.000000,0.653642,0.892339,0.151817,0.034880,-0.083842,0.048986,0.502175,0.450732,0.571741,0.255596,0.049008,0.625991
0.018732,0.001118,-0.036333,-0.033716,0.058476,-0.170542,0.084897,-0.178607,-0.124343,-0.113609,-0.070428,-0.191689,-0.151591,-0.030422,0.084875,0.068983,0.104752,0.244857,0.171239,0.095610,0.104379,0.137512,0.096458,-0.081071,0.013011,-0.006245,0.113639,0.040586,0.115820,0.123380,0.122045,0.138427,0.098447,0.041515,0.375983,0.206976,-0.009971,0.139758,0.482909,0.224608,0.142091,-0.222625,0.268608,0.206030,-0.128047,-0.020394,-0.148435,-0.113004,0.153731,0.409672,0.521608,0.531753,0.778800,0.192536,0.532149,0.653642,1.000000,0.619698,0.343993,0.018238,-0.071651,0.075750,0.643759,0.511589,0.433310,0.285279,0.090780,0.559147
0.017261,-0.035062,-0.090205,0.020198,0.001393,-0.133660,0.032742,-0.172646,-0.083158,-0.080569,0.019073,-0.146614,-0.091992,0.072116,0.141201,0.107268,0.101507,0.306614,0.161823,0.172381,0.187922,0.216580,0.091357,-0.064227,0.004030,-0.009001,0.102711,0.021825,0.129917,0.084796,-0.002302,0.138397,0.080859,0.048044,0.494082,0.207520,-0.040422,0.154602,0.558169,0.338534,0.099129,-0.223299,0.347938,0.345280,-0.047158,-0.024008,-0.127683,-0.016823,0.289482,0.411277,0.566758,0.533012,0.661639,0.332872,0.772258,0.892339,0.619698,1.000000,0.204037,0.045505,-0.046356,0.076260,0.494944,0.413977,0.509597,0.225806,0.013582,0.554907
-0.025534,0.065660,-0.064244,-0.051643,0.027672,-0.058297,0.068010,-0.066125,-0.093942,-0.071539,-0.076800,-0.080248,-0.084263,-0.081094,-0.054321,0.009332,-0.006397,-0.104376,-0.066402,-0.063509,-0.082893,-0.071349,-0.047710,-0.101064,-0.041228,-0.020868,-0.015051,-0.038633,-0.011243,0.029458,0.108697,-0.020793,0.070654,0.005323,0.007133,-0.026691,-0.025750,0.001609,0.096913,-0.020068,0.016579,-0.074891,-0.047379,-0.034022,-0.099923,-0.039044,-0.058182,-0.111585,0.002607,0.094317,0.062636,-0.012048,0.149629,-0.078629,0.014181,0.151817,0.343993,0.204037,1.000000,0.433679,0.314521,0.407567,0.545410,0.402105,0.015208,0.258531,0.008663,0.220994
-0.031855,0.016687,-0.012220,0.063513,-0.030341,0.078720,0.017616,0.038055,0.010906,0.023330,0.037792,0.104292,0.055973,0.001977,-0.046093,-0.009215,-0.045156,-0.052982,-0.074633,-0.036561,-0.012131,0.015949,-0.027071,-0.027093,0.008598,-0.025403,-0.075431,-0.001717,-0.015312,-0.023221,0.033960,-0.034658,0.024237,-0.044116,0.049968,0.091288,0.050857,0.037145,0.039266,0.089847,0.027993,0.031444,0.012189,0.097607,0.066199,0.033073,0.030729,0.072008,0.140576,0.083401,0.016866,-0.054477,-0.016091,0.059081,-0.026155,0.034880,0.018238,0.045505,0.433679,1.000000,0.738018,0.658860,0.213024,0.317086,0.030517,0.338515,0.055302,0.251708
-0.029732,0.025980,-0.035289,-0.008119,-0.022249,0.126745,-0.006842,0.075761,0.025922,0.042513,-0.033979,0.095807,0.067822,-0.058068,-0.054596,-0.074551,-0.079959,-0.092497,-0.118606,-0.035740,-0.014838,-0.016330,-0.008624,0.023689,0.045559,0.023837,-0.079630,0.060895,-0.054318,-0.063187,0.004908,-0.026050,-0.014924,-0.007787,-0.070711,0.057357,-0.000573,-0.045186,-0.077189,-0.034057,-0.023225,0.085878,-0.094116,-0.018064,-0.004572,-0.025032,0.063966,0.018133,-0.002363,-0.061948,-0.135788,-0.112375,-0.132890,-0.048551,-0.143968,-0.083842,-0.071651,-0.046356,0.314521,0.738018,1.000000,0.721409,0.064712,0.125945,-0.140504,0.237972,0.018276,0.088402
-0.014480,0.013117,-0.009409,-0.018820,-0.001074,0.088676,0.018694,0.052369,-0.027758,-0.029394,0.013206,0.071091,0.032780,-0.028766,-0.046307,-0.077001,-0.107549,-0.100743,-0.125396,-0.025072,0.012393,0.000078,0.003249,-0.009431,0.066580,0.027568,-0.016266,0.099892,-0.047590,-0.069909,-0.024611,-0.010224,-0.002339,0.008042,0.019555,0.086408,-0.008045,-0.058759,0.068345,-0.006049,0.060318,0.039815,-0.053264,-0.003301,0.038274,-0.030508,0.008078,0.032818,0.020794,0.045968,-0.026852,-0.058682,-0.017400,-0.032869,-0.040499,0.048986,0.075750,0.076260,0.407567,0.658860,0.721409,1.000000,0.235122,0.293190,-0.037687,0.475992,0.134132,0.303177
-0.032303,0.006713,-0.073737,-0.023873,0.026289,-0.161180,0.055055,-0.194729,-0.177066,-0.159870,-0.059332,-0.145198,-0.173469,-0.045647,0.065598,0.092785,0.078616,0.071206,0.084705,0.056678,-0.005425,0.022782,0.031472,-0.132262,-0.030124,0.021812,0.071860,-0.012598,0.092858,0.099868,0.098008,0.043779,0.053366,0.006107,0.296314,0.137572,0.009266,0.153065,0.462041,0.224519,0.147032,-0.249233,0.175825,0.177912,-0.091473,-0.010115,-0.175612,-0.129430,0.147945,0.388290,0.415382,0.279377,0.570670,0.109567,0.332894,0.502175,0.643759,0.494944,0.545410,0.213024,0.064712,0.235122,1.000000,0.751772,0.344713,0.446649,-0.001367,0.590437
