1.000000,0.442301,0.015574,0.192024,0.366156,0.275401,0.286340,0.174354,0.185812,0.116614,0.200710,0.043764,0.115196,0.172561,0.037900,0.157918,0.150930,0.120492,0.245376,0.050149,0.120788,0.101561,0.109291,0.122999,0.170784,0.057014,0.150051,0.282051,0.201336,0.175995,0.109893,0.103977,0.011018,0.472540,-0.054753,-0.014291,0.124228,0.076042,-0.094591,-0.059256,0.101727,0.070196,-0.079211,0.010859,0.207228,0.053685,0.131470,0.238949,0.098473,-0.031174,-0.079269,0.013631,-0.023618,0.098809,-0.099976,-0.072627,-0.007520,0.001316,0.003800,-0.063871,-0.052524,0.001147,-0.001138,-0.083147,0.008463,-0.004251,-0.023756,-0.055620
0.442301,1.000000,0.005362,0.051398,0.468285,0.307716,0.478444,0.272498,0.177599,-0.008309,0.064752,0.013343,0.119122,0.047856,-0.083209,0.096199,0.012126,-0.055992,0.049013,-0.068682,0.030600,0.026400,-0.047961,0.078384,0.016949,-0.015156,0.017741,0.040360,0.043495,0.021861,0.016296,0.014063,0.002038,0.289943,-0.183785,-0.093869,0.049919,0.024189,-0.114993,-0.139029,0.076363,0.083517,-0.177245,-0.109991,0.072669,0.123005,0.166067,0.142189,-0.026011,-0.078458,-0.061660,-0.075029,-0.096393,-0.064656,-0.079987,-0.065500,0.019907,-0.045522,0.010951,-0.075974,-0.075641,-0.066645,-0.103285,-0.115085,-0.113613,-0.115520,-0.086989,-0.144767
0.015574,0.005362,1.000000,0.105943,0.008633,0.051739,0.018128,-0.008917,0.084283,-0.040235,-0.007731,0.049958,0.013804,0.013760,0.059060,0.014571,-0.006416,0.004749,0.077862,0.052973,0.005939,0.037926,-0.029538,0.047074,-0.035464,-0.081270,-0.056254,0.007172,0.000837,-0.014009,-0.035869,0.011431,0.074676,0.030961,0.140125,0.108884,0.047276,0.009433,0.138879,0.135740,0.147587,0.018020,0.067835,-0.012257,0.031772,-0.012906,-0.018882,0.037368,0.045730,0.009473,0.062936,0.006703,0.005743,0.080269,0.035531,0.042852,0.070649,-0.005853,0.037582,-0.018216,-0.020738,0.110659,-0.001194,0.000111,-0.043071,-0.038721,0.002108,0.126344
0.192024,0.051398,0.105943,1.000000,0.099863,0.257684,0.132690,0.396450,0.099940,-0.067533,0.354139,0.484135,0.515018,0.406633,0.063792,0.044519,-0.010990,-0.040290,0.140525,0.093489,0.151317,0.094281,0.105262,0.079341,0.094622,0.093450,0.145600,0.078774,0.083740,0.046838,0.009534,0.031907,0.065762,0.069065,0.089288,0.058964,0.246711,0.381891,0.164176,0.170886,0.420375,0.394813,-0.046261,-0.058911,0.297717,0.163970,0.364844,0.432649,0.284375,0.000559,0.120116,-0.069948,-0.006219,0.235634,0.029782,0.064645,0.117170,0.059928,0.116198,-0.031632,0.006047,0.090267,-0.036139,0.009871,-0.006394,-0.056909,-0.018759,0.082188
0.366156,0.468285,0.008633,0.099863,1.000000,0.430549,0.555634,0.235665,0.187770,0.036847,0.118326,0.060659,0.127617,0.106016,0.086346,0.083816,0.195655,0.125563,0.149198,0.124205,0.137768,0.177033,0.055219,0.199534,0.121593,0.065374,0.039322,0.155370,0.095972,0.159507,0.136915,0.167878,0.035009,0.514072,-0.120106,-0.044374,0.082688,0.015415,-0.073467,-0.098513,0.126900,-0.000654,-0.110896,-0.089804,0.099344,0.155763,0.040013,0.107083,0.091974,-0.033537,-0.061194,0.021915,-0.071918,0.073506,-0.078694,-0.088246,-0.042911,-0.023202,0.008949,-0.037702,-0.075525,-0.033798,-0.057470,-0.106637,-0.057634,-0.072916,-0.080373,-0.115997
0.275401,0.307716,0.051739,0.257684,0.430549,1.000000,0.268105,0.669116,0.444266,-0.051323,0.450191,0.127656,0.580028,0.483952,0.068001,0.096777,0.164441,0.017102,0.243799,0.085044,0.064653,0.072287,0.039533,0.092525,0.121037,0.050214,0.090995,0.054534,0.112188,0.118713,0.177069,0.091306,0.014088,0.299787,-0.123771,-0.071466,0.105364,0.219127,-0.057991,0.040098,0.283532,0.435490,-0.087976,-0.218573,0.471479,0.340624,0.402323,0.540296,0.313365,-0.163765,-0.020232,-0.152550,-0.120141,0.241959,-0.006438,-0.046191,-0.007176,-0.038276,0.033647,-0.072347,-0.074197,-0.057224,-0.190666,-0.149781,-0.118775,-0.128604,-0.037259,-0.170209
0.286340,0.478444,0.018128,0.132690,0.555634,0.268105,1.000000,0.295186,0.257813,-0.012752,0.049494,0.041670,0.117022,0.064140,-0.084684,0.126560,0.059784,-0.014103,0.103412,-0.071744,0.098305,0.132829,0.040397,0.138489,0.115339,0.030598,0.018515,0.086276,0.093983,0.112196,0.068187,0.089766,0.017182,0.291119,-0.139711,-0.057690,0.142595,0.092748,-0.072591,-0.116577,0.251369,0.071205,-0.169994,-0.157462,0.049415,0.151527,0.154258,0.116053,0.029938,-0.072653,-0.043839,-0.085665,-0.082143,-0.042669,-0.059113,-0.037274,0.015452,-0.006788,-0.000912,-0.019911,-0.014133,-0.024783,-0.078536,-0.099610,-0.105827,-0.094759,-0.105906,-0.096180
0.174354,0.272498,-0.008917,0.396450,0.235665,0.669116,0.295186,1.000000,0.253368,-0.154863,0.418343,0.104753,0.785502,0.481354,-0.119703,0.083760,0.017682,-0.124813,0.111333,-0.099358,0.034819,0.037156,-0.028142,0.031902,0.090897,-0.016268,0.012584,-0.018879,0.039159,0.000565,0.137817,-0.003980,-0.027109,0.162816,-0.177209,-0.130373,0.124419,0.294891,-0.109364,0.013474,0.377258,0.764279,-0.194819,-0.293649,0.412214,0.316033,0.627406,0.599355,0.258126,-0.221142,-0.005497,-0.223323,-0.127911,0.108656,-0.039525,-0.029028,0.017265,-0.022651,0.094648,-0.128911,-0.108727,-0.049247,-0.210621,-0.144634,-0.136439,-0.146507,-0.037495,-0.221990
0.185812,0.177599,0.084283,0.099940,0.187770,0.444266,0.257813,0.253368,1.000000,0.356243,0.267945,-0.036563,0.098254,0.315067,0.076322,0.267672,0.114176,0.098380,0.316057,0.074993,0.086070,0.029063,0.071612,0.070134,0.016056,0.021545,0.067132,0.046477,0.134726,0.121192,0.078167,0.044792,0.049516,0.117875,0.042316,0.032456,0.133892,0.204428,0.074043,0.343472,0.325545,0.311228,0.415888,0.258603,0.135704,0.059052,0.229989,0.264702,0.215590,0.140903,0.222922,0.145679,0.192083,0.176376,0.082795,0.051284,0.164827,0.041957,0.069248,0.083685,0.122979,0.136183,0.149152,0.149605,0.067459,0.064722,0.038239,0.103515
0.116614,-0.008309,-0.040235,-0.067533,0.036847,-0.051323,-0.012752,-0.154863,0.356243,1.000000,0.156369,-0.062471,-0.207285,0.089174,0.058826,0.318884,0.254839,0.257771,0.230105,0.093193,0.061353,0.008154,0.036932,-0.004255,-0.046288,0.019711,0.082088,0.084748,0.075651,0.121082,0.048460,0.070484,0.063155,0.136113,0.046457,0.018929,-0.015754,0.079307,0.027101,0.125578,0.046327,-0.135004,0.401307,0.808676,0.066964,-0.053394,-0.000576,0.062045,0.111255,0.446269,0.048081,0.312462,0.183889,0.135752,0.048169,0.044695,0.000522,0.056380,-0.061045,0.087604,0.080693,-0.020264,0.197595,0.115876,0.111641,0.167951,0.033814,0.148627
0.200710,0.064752,-0.007731,0.354139,0.118326,0.450191,0.049494,0.418343,0.267945,0.156369,1.000000,0.178427,0.482932,0.865865,0.341210,0.216005,0.104654,0.206664,0.252957,0.456865,0.123306,0.063039,0.129694,0.061169,0.123318,0.118528,0.131030,0.137011,0.069982,0.075334,0.150629,0.059423,0.092930,0.131030,0.035334,-0.011486,0.133683,0.391066,0.042016,0.209197,0.367316,0.359228,0.092213,0.109479,0.599622,0.291861,0.409968,0.678983,0.586517,0.039203,0.030016,0.122450,0.058765,0.596888,0.106884,0.078007,0.038113,0.117134,0.004293,0.011854,0.016348,0.001421,0.003772,0.010939,0.029281,0.022838,0.012477,-0.030007
0.043764,0.013343,0.049958,0.484135,0.060659,0.127656,0.041670,0.104753,-0.036563,-0.062471,0.178427,1.000000,0.444272,0.203988,0.077281,-0.074639,0.014432,-0.073616,0.026105,0.081734,0.041000,0.057730,-0.022942,0.047193,-0.030238,0.033842,0.031208,-0.021397,0.019528,0.027385,-0.017350,0.013953,0.030199,0.031298,-0.139976,-0.096807,0.090633,0.097198,-0.043120,-0.065048,0.022855,0.003122,-0.133741,-0.137200,0.151511,0.271379,0.096056,0.162702,0.117892,-0.071793,-0.063433,-0.155571,-0.128982,0.063418,-0.082684,-0.073794,-0.025411,-0.034076,0.061133,-0.010833,-0.034892,-0.078085,-0.101420,-0.121494,-0.056460,-0.126451,-0.096415,-0.112268
0.115196,0.119122,0.013804,0.515018,0.127617,0.580028,0.117022,0.785502,0.098254,-0.207285,0.482932,0.444272,1.000000,0.524858,0.029903,-0.006772,-0.009261,-0.105257,0.080079,0.027811,-0.030517,0.003045,-0.058058,0.018084,0.023445,0.002463,0.037741,-0.061860,0.017643,0.000844,0.097317,-0.015785,-0.025038,0.082720,-0.148727,-0.091940,0.159887,0.325073,-0.054123,0.031278,0.323942,0.620503,-0.212846,-0.297375,0.486901,0.343470,0.533001,0.625579,0.325132,-0.216282,-0.032393,-0.212285,-0.153727,0.202574,-0.053412,-0.053769,0.010070,-0.025118,0.116362,-0.077268,-0.086510,-0.081698,-0.200575,-0.148857,-0.121443,-0.150434,-0.047475,-0.183734
0.172561,0.047856,0.013760,0.406633,0.106016,0.483952,0.064140,0.481354,0.315067,0.089174,0.865865,0.203988,0.524858,1.000000,0.400829,0.172512,0.065453,0.111182,0.246026,0.475825,0.163830,0.084496,0.099920,0.070199,0.123279,0.120043,0.125313,0.088573,0.053229,0.086539,0.125794,0.051953,0.092491,0.078079,0.067633,0.011768,0.159644,0.363136,0.121119,0.304162,0.436544,0.457656,0.132571,0.047820,0.499986,0.259630,0.391595,0.624890,0.549843,0.015066,0.158656,0.092646,0.110138,0.524310,0.071349,0.075613,0.134961,0.140770,0.100086,0.046097,0.045564,0.055441,0.018532,0.066839,0.058315,0.005394,0.015798,0.039422
0.037900,-0.083209,0.059060,0.063792,0.086346,0.068001,-0.084684,-0.119703,0.076322,0.058826,0.341210,0.077281,0.029903,0.400829,1.000000,-0.026249,0.058027,0.236462,0.097113,0.783249,0.186518,0.150806,0.029984,0.135597,0.020679,0.339787,0.146043,0.036702,0.028722,0.095070,0.018161,0.070606,0.095673,-0.001212,0.104506,0.048173,0.036931,0.094862,0.177477,0.280902,0.109399,-0.029930,0.197959,0.086748,0.190623,0.068706,-0.133248,0.128329,0.470718,0.090088,0.095665,0.234425,0.121964,0.548867,0.114452,0.120656,0.047234,0.099230,0.031469,0.143658,0.066113,-0.008285,0.090294,0.070435,0.125955,0.099209,0.035283,0.124119
0.157918,0.096199,0.014571,0.044519,0.083816,0.096777,0.126560,0.083760,0.267672,0.318884,0.216005,-0.074639,-0.006772,0.172512,-0.026249,1.000000,0.321167,0.217661,0.254112,0.030946,0.080941,0.046353,0.193841,0.015917,0.095603,0.032691,0.064645,0.087759,0.163445,0.102262,0.164612,0.106559,0.009500,0.216713,0.018609,-0.041256,0.115044,0.031344,-0.009759,0.042836,0.208736,0.085534,0.089076,0.240449,0.108988,-0.031549,0.147689,0.135166,0.109260,0.178258,0.055169,0.132438,0.069726,0.135088,0.027618,0.005326,0.005321,0.024218,0.016145,0.048837,0.046282,0.101231,0.030327,0.036366,0.042963,0.141620,-0.041843,0.082026
0.150930,0.012126,-0.006416,-0.010990,0.195655,0.164441,0.059784,0.017682,0.114176,0.254839,0.104654,0.014432,-0.009261,0.065453,0.058027,0.321167,1.000000,0.483551,0.323978,0.067832,0.138222,0.146342,0.065257,0.113836,0.042725,0.078836,0.076432,0.154460,0.269745,0.352335,0.255368,0.378645,0.032495,0.528745,-0.013495,0.002767,-0.002064,-0.021960,-0.007622,-0.049443,0.043967,-0.035083,0.011602,0.123856,0.032012,0.080084,0.023449,0.043726,0.021145,0.111753,-0.057228,0.099956,-0.006747,0.028736,-0.057378,-0.049316,-0.027075,-0.020162,-0.035704,-0.044900,-0.044100,-0.006705,-0.021450,-0.033048,0.030446,0.076542,0.006131,0.003983
0.120492,-0.055992,0.004749,-0.040290,0.125563,0.017102,-0.014103,-0.124813,0.098380,0.257771,0.206664,-0.073616,-0.105257,0.111182,0.236462,0.217661,0.483551,1.000000,0.370253,0.352131,0.208024,0.161756,0.154300,0.118652,0.141643,0.115671,0.048122,0.073318,0.216300,0.227247,0.206781,0.400971,0.093967,0.330471,0.022942,-0.011405,0.008409,0.048955,0.082838,0.113667,0.111497,-0.093088,0.166497,0.261938,0.127753,-0.088380,-0.076535,0.080638,0.220441,0.244501,-0.043245,0.528667,0.152754,0.309912,0.090848,0.118213,-0.028226,0.155607,-0.114341,0.013859,0.007357,0.018193,0.105724,0.057353,0.105774,0.158625,0.012543,0.098333
0.245376,0.049013,0.077862,0.140525,0.149198,0.243799,0.103412,0.111333,0.316057,0.230105,0.252957,0.026105,0.080079,0.246026,0.097113,0.254112,0.323978,0.370253,1.000000,0.131960,0.157487,0.159730,0.298923,0.186336,0.222529,0.141119,0.128292,0.078203,0.360133,0.435882,0.345484,0.225125,0.018388,0.263609,0.018613,0.018858,0.051741,0.093448,0.010686,0.116766,0.182920,0.141407,0.114095,0.127531,0.163098,-0.010560,0.109475,0.180454,0.152564,0.092566,0.042932,0.136051,0.078442,0.215779,0.027087,0.000351,0.028309,-0.058525,-0.077505,-0.018423,0.005813,0.028274,0.016125,0.009414,-0.002804,-0.006772,0.015147,0.016356
0.050149,-0.068682,0.052973,0.093489,0.124205,0.085044,-0.071744,-0.099358,0.074993,0.093193,0.456865,0.081734,0.027811,0.475825,0.783249,0.030946,0.067832,0.352131,0.131960,1.000000,0.350087,0.206004,0.048060,0.127839,0.000626,0.210204,0.125000,0.084392,0.010564,0.054935,0.091837,0.111011,0.104306,0.034980,0.178580,0.107804,0.064485,0.186621,0.262151,0.365327,0.212658,-0.001057,0.274894,0.167052,0.318517,0.082902,-0.101636,0.228345,0.532964,0.168153,0.165179,0.363686,0.194892,0.684143,0.230031,0.251655,0.130862,0.302858,0.060640,0.175363,0.111334,0.043333,0.127353,0.126124,0.164379,0.156999,0.043042,0.174436
0.120788,0.030600,0.005939,0.151317,0.137768,0.064653,0.098305,0.034819,0.086070,0.061353,0.123306,0.041000,-0.030517,0.163830,0.186518,0.080941,0.138222,0.208024,0.157487,0.350087,1.000000,0.744612,0.156823,0.469907,0.029948,0.194348,0.096422,0.131699,0.118140,0.110496,0.161138,0.161195,0.029376,0.128358,0.132934,0.048104,0.074543,0.171018,0.149977,0.204910,0.202569,0.107294,0.089344,0.069946,0.088156,0.034190,0.026877,0.076641,0.198678,0.115712,0.125449,0.151902,0.097408,0.281482,0.263427,0.342756,0.091012,0.327699,-0.005116,0.104405,0.088119,0.035140,0.010788,0.096031,0.116751,0.094455,0.076079,0.122743
0.101561,0.026400,0.037926,0.094281,0.177033,0.072287,0.132829,0.037156,0.029063,0.008154,0.063039,0.057730,0.003045,0.084496,0.150806,0.046353,0.146342,0.161756,0.159730,0.206004,0.744612,1.000000,0.134592,0.782766,0.087685,0.240662,0.114882,0.127171,0.136196,0.156329,0.104192,0.181436,0.046681,0.169777,0.049847,0.000917,0.071824,0.087460,0.052392,0.105585,0.112831,0.050413,0.053787,0.010787,0.032772,0.038401,-0.003202,0.017810,0.116155,0.037537,0.052900,0.063240,0.051358,0.151861,0.163937,0.221184,0.034349,0.165390,-0.020188,0.044427,0.028788,-0.006021,-0.005044,0.055386,0.069840,0.058714,0.021460,0.033782
0.109291,-0.047961,-0.029538,0.105262,0.055219,0.039533,0.040397,-0.028142,0.071612,0.036932,0.129694,-0.022942,-0.058058,0.099920,0.029984,0.193841,0.065257,0.154300,0.298923,0.048060,0.156823,0.134592,1.000000,0.149150,0.560585,0.226242,0.171600,0.138635,0.116540,0.102121,0.096518,0.115593,-0.036219,0.102082,0.060385,0.085994,-0.042952,0.108025,0.069320,0.029368,0.067266,0.025993,0.005075,0.031800,0.055998,0.023550,0.117286,0.089158,0.092483,0.064566,0.077811,0.082065,0.085772,0.165426,0.055253,0.051033,0.037977,0.066931,-0.024587,-0.007110,0.036105,0.101587,0.069599,0.086184,0.109913,0.085453,0.096316,0.048539
0.122999,0.078384,0.047074,0.079341,0.199534,0.092525,0.138489,0.031902,0.070134,-0.004255,0.061169,0.047193,0.018084,0.070199,0.135597,0.015917,0.113836,0.118652,0.186336,0.127839,0.469907,0.782766,0.149150,1.000000,0.135444,0.264458,0.101385,0.096038,0.150636,0.170802,0.060309,0.167004,0.050076,0.197300,-0.007814,-0.008211,0.103472,0.093247,-0.007498,0.058530,0.067204,0.004845,0.064169,-0.007847,0.036798,0.015760,-0.031714,0.012220,0.062540,0.007848,0.003456,0.033181,0.049518,0.095147,0.058565,0.067126,-0.011951,-0.010103,-0.018907,-0.026512,-0.033554,-0.038645,-0.000951,0.035965,0.047485,0.045775,0.024945,-0.015333
0.170784,0.016949,-0.035464,0.094622,0.121593,0.121037,0.115339,0.090897,0.016056,-0.046288,0.123318,-0.030238,0.023445,0.123279,0.020679,0.095603,0.042725,0.141643,0.222529,0.000626,0.029948,0.087685,0.560585,0.135444,1.000000,0.143633,0.178149,0.196086,0.124157,0.136561,0.138948,0.096667,0.037707,0.136366,-0.046655,-0.026923,-0.078211,0.076913,-0.027972,-0.075653,0.065669,0.059193,-0.086121,-0.064167,0.127463,0.099174,0.125904,0.120713,0.080303,-0.017932,-0.027692,0.026967,0.026221,0.075560,-0.008532,-0.005361,-0.001430,0.008235,-0.064701,-0.084763,-0.068317,0.020691,-0.022086,-0.018813,-0.010591,0.009101,0.101935,-0.053555
0.057014,-0.015156,-0.081270,0.093450,0.065374,0.050214,0.030598,-0.016268,0.021545,0.019711,0.118528,0.033842,0.002463,0.120043,0.339787,0.032691,0.078836,0.115671,0.141119,0.210204,0.194348,0.240662,0.226242,0.264458,0.143633,1.000000,0.481201,0.064215,0.189898,0.140267,0.040671,0.089473,0.023462,0.063637,0.009826,0.009223,0.010738,0.054790,-0.015141,0.011864,0.020175,-0.013919,0.003970,0.014603,0.058515,0.072218,0.015409,0.071571,0.166168,0.074623,0.021005,0.066149,0.030851,0.145053,-0.080961,-0.034554,-0.027373,-0.026239,-0.011780,0.040423,-0.006362,-0.033289,0.067078,0.029488,0.057466,0.057827,0.000782,0.017243
0.150051,0.017741,-0.056254,0.145600,0.039322,0.090995,0.018515,0.012584,0.067132,0.082088,0.131030,0.031208,0.037741,0.125313,0.146043,0.064645,0.076432,0.048122,0.128292,0.125000,0.096422,0.114882,0.171600,0.101385,0.178149,0.481201,1.000000,0.288133,0.130695,0.091975,0.017745,-0.020304,0.012879,0.051009,0.067872,0.041009,-0.103217,0.074092,0.025388,0.102598,0.068478,0.046757,0.098860,0.090329,0.093618,0.130462,0.076826,0.187685,0.167254,0.074694,0.074857,0.093037,0.149730,0.085680,-0.149996,-0.053447,0.112441,0.029765,0.038048,0.060822,0.021143,0.032806,0.117169,0.128094,0.152327,0.101005,-0.001720,0.076756
0.282051,0.040360,0.007172,0.078774,0.155370,0.054534,0.086276,-0.018879,0.046477,0.084748,0.137011,-0.021397,-0.061860,0.088573,0.036702,0.087759,0.154460,0.073318,0.078203,0.084392,0.131699,0.127171,0.138635,0.096038,0.196086,0.064215,0.288133,1.000000,0.104263,0.083256,0.101598,0.055048,0.031775,0.249549,0.137109,0.147349,0.050430,0.097526,0.059198,0.039407,0.081099,-0.023389,0.013801,0.060046,0.048332,0.173527,0.070845,0.080841,0.074071,0.003750,-0.021970,-0.001824,0.035837,0.080611,-0.000241,0.065440,0.051100,0.157398,-0.001332,-0.058318,-0.064106,0.031090,0.047276,0.027687,0.074044,0.020500,0.078051,0.083365
0.201336,0.043495,0.000837,0.083740,0.095972,0.112188,0.093983,0.039159,0.134726,0.075651,0.069982,0.019528,0.017643,0.053229,0.028722,0.163445,0.269745,0.216300,0.360133,0.010564,0.118140,0.136196,0.116540,0.150636,0.124157,0.189898,0.130695,0.104263,1.000000,0.674613,0.147631,0.331788,0.033976,0.263329,-0.000286,0.014035,0.044184,0.045016,0.015944,0.016203,0.110661,0.012942,-0.006924,0.051086,0.031667,0.005743,0.077758,0.085255,0.077691,0.059391,0.005269,0.044222,0.031760,0.049583,-0.046358,-0.034139,0.005126,-0.032201,0.011198,-0.058341,-0.016360,-0.018697,0.001041,0.003182,0.031421,0.041615,0.005614,0.045433
0.175995,0.021861,-0.014009,0.046838,0.159507,0.118713,0.112196,0.000565,0.121192,0.121082,0.075334,0.027385,0.000844,0.086539,0.095070,0.102262,0.352335,0.227247,0.435882,0.054935,0.110496,0.156329,0.102121,0.170802,0.136561,0.140267,0.091975,0.083256,0.674613,1.000000,0.291133,0.389595,-0.000583,0.264613,0.035165,0.025402,0.031779,-0.012235,0.019670,0.007847,0.085105,-0.015159,-0.007814,0.040616,0.011991,-0.003443,0.011389,0.050220,0.044405,0.102114,0.033663,0.054555,0.030834,0.042642,-0.077851,-0.063281,0.038107,-0.075166,0.016734,-0.067017,-0.043069,-0.036407,0.033531,0.006240,0.033192,0.038453,0.010606,0.051358
0.109893,0.016296,-0.035869,0.009534,0.136915,0.177069,0.068187,0.137817,0.078167,0.048460,0.150629,-0.017350,0.097317,0.125794,0.018161,0.164612,0.255368,0.206781,0.345484,0.091837,0.161138,0.104192,0.096518,0.060309,0.138948,0.040671,0.017745,0.101598,0.147631,0.291133,1.000000,0.160565,-0.019585,0.139825,-0.020535,-0.010778,0.023580,-0.000292,0.027235,-0.013102,0.097258,0.108337,-0.047162,0.000020,0.150029,0.049150,0.056017,0.123132,0.104642,0.064506,0.016353,0.114459,0.032144,0.091494,0.023564,0.060290,0.065603,0.081442,0.020046,0.008860,-0.001043,0.024004,0.019560,0.044732,0.062061,0.069778,-0.019857,0.016766
0.103977,0.014063,0.011431,0.031907,0.167878,0.091306,0.089766,-0.003980,0.044792,0.070484,0.059423,0.013953,-0.015785,0.051953,0.070606,0.106559,0.378645,0.400971,0.225125,0.111011,0.161195,0.181436,0.115593,0.167004,0.096667,0.089473,-0.020304,0.055048,0.331788,0.389595,0.160565,1.000000,0.061913,0.360350,-0.039434,-0.049738,-0.025258,0.009253,-0.006479,-0.063672,0.043071,-0.030141,-0.054319,0.013909,0.025400,0.077527,0.044434,0.031824,0.080263,0.064885,-0.057636,0.127233,0.000790,0.062411,0.008441,0.000019,-0.019744,0.039858,-0.074526,-0.041251,-0.096646,-0.101814,-0.011548,-0.051157,-0.036784,0.030248,-0.008372,-0.045272
0.011018,0.002038,0.074676,0.065762,0.035009,0.014088,0.017182,-0.027109,0.049516,0.063155,0.092930,0.030199,-0.025038,0.092491,0.095673,0.009500,0.032495,0.093967,0.018388,0.104306,0.029376,0.046681,-0.036219,0.050076,0.037707,0.023462,0.012879,0.031775,0.033976,-0.000583,-0.019585,0.061913,1.000000,0.066334,0.027026,0.050374,0.062927,0.076324,0.134901,0.088765,0.099987,-0.028492,0.061316,0.086890,0.079829,0.066689,-0.013994,0.073155,0.059178,0.037759,0.059080,0.106349,0.057586,0.031644,-0.010833,0.030784,0.051651,0.141346,0.090815,0.042756,0.000793,0.015369,0.033605,0.028874,0.003358,0.015515,0.036268,0.033467
0.472540,0.289943,0.030961,0.069065,0.514072,0.299787,0.291119,0.162816,0.117875,0.136113,0.131030,0.031298,0.082720,0.078079,-0.001212,0.216713,0.528745,0.330471,0.263609,0.034980,0.128358,0.169777,0.102082,0.197300,0.136366,0.063637,0.051009,0.249549,0.263329,0.264613,0.139825,0.360350,0.066334,1.000000,-0.064229,-0.056285,0.020744,0.041625,-0.039806,-0.080885,0.106439,0.023859,-0.093138,0.011523,0.098320,0.157707,0.064767,0.100348,0.005600,0.012214,-0.066742,0.019624,-0.054094,0.038750,-0.110580,-0.088902,-0.027952,0.009179,0.006306,-0.119816,-0.109602,-0.029537,-0.036210,-0.089644,-0.071163,-0.028682,-0.058976,-0.049105
-0.054753,-0.183785,0.140125,0.089288,-0.120106,-0.123771,-0.139711,-0.177209,0.042316,0.046457,0.035334,-0.139976,-0.148727,0.067633,0.104506,0.018609,-0.013495,0.022942,0.018613,0.178580,0.132934,0.049847,0.060385,-0.007814,-0.046655,0.009826,0.067872,0.137109,-0.000286,0.035165,-0.020535,-0.039434,0.027026,-0.064229,1.000000,0.770245,0.184059,0.267757,0.614254,0.397867,0.317691,0.043500,0.219294,0.206898,-0.003982,-0.028371,-0.066903,-0.000640,0.135999,0.235806,0.315094,0.227626,0.208632,0.210175,0.068565,0.177229,0.335742,0.289581,0.130758,0.156761,0.207565,0.481769,0.219097,0.269239,0.218094,0.247679,0.134328,0.799087
-0.014291,-0.093869,0.108884,0.058964,-0.044374,-0.071466,-0.057690,-0.130373,0.032456,0.018929,-0.011486,-0.096807,-0.091940,0.011768,0.048173,-0.041256,0.002767,-0.011405,0.018858,0.107804,0.048104,0.000917,0.085994,-0.008211,-0.026923,0.009223,0.041009,0.147349,0.014035,0.025402,-0.010778,-0.049738,0.050374,-0.056285,0.770245,1.000000,0.142569,0.264511,0.505908,0.284156,0.270565,0.001493,0.137832,0.135946,0.025922,-0.029691,-0.056079,0.021431,0.067630,0.191402,0.237252,0.173289,0.153356,0.116768,-0.009450,0.081773,0.275804,0.238064,0.101789,0.119068,0.147211,0.368575,0.153591,0.199626,0.143143,0.212016,0.133473,0.635229
0.124228,0.049919,0.047276,0.246711,0.082688,0.105364,0.142595,0.124419,0.133892,-0.015754,0.133683,0.090633,0.159887,0.159644,0.036931,0.115044,-0.002064,0.008409,0.051741,0.064485,0.074543,0.071824,-0.042952,0.103472,-0.078211,0.010738,-0.103217,0.050430,0.044184,0.031779,0.023580,-0.025258,0.062927,0.020744,0.184059,0.142569,1.000000,0.200817,0.121707,0.101431,0.195156,0.114336,-0.007439,-0.004622,0.113750,-0.018392,0.105398,0.166181,0.136774,0.025930,0.078633,-0.001454,0.016080,0.119316,0.003114,0.043869,0.058159,0.070697,0.033152,0.067884,0.139190,0.172788,0.036608,0.035694,0.048580,0.054136,0.046775,0.165235
0.076042,0.024189,0.009433,0.381891,0.015415,0.219127,0.092748,0.294891,0.204428,0.079307,0.391066,0.097198,0.325073,0.363136,0.094862,0.031344,-0.021960,0.048955,0.093448,0.186621,0.171018,0.087460,0.108025,0.093247,0.076913,0.054790,0.074092,0.097526,0.045016,-0.012235,-0.000292,0.009253,0.076324,0.041625,0.267757,0.264511,0.200817,1.000000,0.289100,0.313830,0.446028,0.340391,0.104745,0.116835,0.361630,0.343122,0.403488,0.471253,0.494928,0.179825,0.155672,0.116325,0.106287,0.399278,0.150925,0.207828,0.076254,0.294687,0.034597,0.162514,0.131537,0.028444,0.097941,0.125301,0.118714,0.084928,0.116749,0.234919
-0.094591,-0.114993,0.138879,0.164176,-0.073467,-0.057991,-0.072591,-0.109364,0.074043,0.027101,0.042016,-0.043120,-0.054123,0.121119,0.177477,-0.009759,-0.007622,0.082838,0.010686,0.262151,0.149977,0.052392,0.069320,-0.007498,-0.027972,-0.015141,0.025388,0.059198,0.015944,0.019670,0.027235,-0.006479,0.134901,-0.039806,0.614254,0.505908,0.121707,0.289100,1.000000,0.561030,0.537695,0.136154,0.314521,0.197367,-0.002038,0.029156,-0.016732,0.034891,0.165332,0.249751,0.478530,0.247344,0.245722,0.259058,0.159705,0.278694,0.480493,0.461870,0.294545,0.126892,0.200852,0.450011,0.188401,0.260484,0.177718,0.145078,0.036223,0.715041
-0.059256,-0.139029,0.135740,0.170886,-0.098513,0.040098,-0.116577,0.013474,0.343472,0.125578,0.209197,-0.065048,0.031278,0.304162,0.280902,0.042836,-0.049443,0.113667,0.116766,0.365327,0.204910,0.105585,0.029368,0.058530,-0.075653,0.011864,0.102598,0.039407,0.016203,0.007847,-0.013102,-0.063672,0.088765,-0.080885,0.397867,0.284156,0.101431,0.313830,0.561030,1.000000,0.602732,0.336983,0.759740,0.403365,0.070991,0.030092,0.073416,0.180229,0.295869,0.358155,0.671413,0.422010,0.519912,0.344013,0.141092,0.198301,0.566341,0.307501,0.381296,0.209444,0.239824,0.300345,0.432302,0.508528,0.364545,0.292725,0.109893,0.526615
0.101727,0.076363,0.147587,0.420375,0.126900,0.283532,0.251369,0.377258,0.325545,0.046327,0.367316,0.022855,0.323942,0.436544,0.109399,0.208736,0.043967,0.111497,0.182920,0.212658,0.202569,0.112831,0.067266,0.067204,0.065669,0.020175,0.068478,0.081099,0.110661,0.085105,0.097258,0.043071,0.099987,0.106439,0.317691,0.270565,0.195156,0.446028,0.537695,0.602732,1.000000,0.506953,0.307676,0.129535,0.247360,0.152150,0.341371,0.403832,0.345795,0.112904,0.391035,0.151509,0.186437,0.340448,0.086655,0.164758,0.422174,0.279379,0.304084,0.052085,0.123699,0.271815,0.109665,0.181900,0.115918,0.079318,0.046985,0.380949
0.070196,0.083517,0.018020,0.394813,-0.000654,0.435490,0.071205,0.764279,0.311228,-0.135004,0.359228,0.003122,0.620503,0.457656,-0.029930,0.085534,-0.035083,-0.093088,0.141407,-0.001057,0.107294,0.050413,0.025993,0.004845,0.059193,-0.013919,0.046757,-0.023389,0.012942,-0.015159,0.108337,-0.030141,-0.028492,0.023859,0.043500,0.001493,0.114336,0.340391,0.136154,0.336983,0.506953,1.000000,0.065367,-0.143910,0.307277,0.165895,0.580968,0.533567,0.277117,-0.093180,0.221760,-0.065035,0.057492,0.219700,0.108230,0.118643,0.196880,0.109426,0.176361,-0.033397,0.019391,0.087390,-0.073533,0.031074,-0.028070,-0.042648,0.031199,0.017594
-0.079211,-0.177245,0.067835,-0.046261,-0.110896,-0.087976,-0.169994,-0.194819,0.415888,0.401307,0.092213,-0.133741,-0.212846,0.132571,0.197959,0.089076,0.011602,0.166497,0.114095,0.274894,0.089344,0.053787,0.005075,0.064169,-0.086121,0.003970,0.098860,0.013801,-0.006924,-0.007814,-0.047162,-0.054319,0.061316,-0.093138,0.219294,0.137832,-0.007439,0.104745,0.314521,0.759740,0.307676,0.065367,1.000000,0.666046,-0.045118,-0.135040,-0.080428,-0.008771,0.153413,0.464957,0.552825,0.500490,0.613263,0.192672,0.126486,0.129183,0.438801,0.174780,0.278804,0.156532,0.183894,0.197814,0.524916,0.558106,0.407058,0.351408,0.073069,0.387789
0.010859,-0.109991,-0.012257,-0.058911,-0.089804,-0.218573,-0.157462,-0.293649,0.258603,0.808676,0.109479,-0.137200,-0.297375,0.047820,0.086748,0.240449,0.123856,0.261938,0.127531,0.167052,0.069946,0.010787,0.031800,-0.007847,-0.064167,0.014603,0.090329,0.060046,0.051086,0.040616,0.000020,0.013909,0.086890,0.011523,0.206898,0.135946,-0.004622,0.116835,0.197367,0.403365,0.129535,-0.143910,0.666046,1.000000,-0.023833,-0.115896,-0.050881,0.001773,0.107526,0.624454,0.274996,0.516600,0.445075,0.145869,0.088028,0.105607,0.209503,0.170477,0.063522,0.164256,0.170009,0.113027,0.447097,0.392181,0.312283,0.340697,0.083085,0.376332
0.207228,0.072669,0.031772,0.297717,0.099344,0.471479,0.049415,0.412214,0.135704,0.066964,0.599622,0.151511,0.486901,0.499986,0.190623,0.108988,0.032012,0.127753,0.163098,0.318517,0.088156,0.032772,0.055998,0.036798,0.127463,0.058515,0.093618,0.048332,0.031667,0.011991,0.150029,0.025400,0.079829,0.098320,-0.003982,0.025922,0.113750,0.361630,-0.002038,0.070991,0.247360,0.307277,-0.045118,-0.023833,1.000000,0.243369,0.274351,0.747302,0.483809,-0.004843,-0.072359,0.016337,-0.053006,0.455923,0.036284,0.018737,-0.013470,0.054944,-0.021107,0.012971,-0.035759,-0.046297,-0.099839,-0.063321,-0.039685,0.001146,-0.002469,-0.069922
0.053685,0.123005,-0.012906,0.163970,0.155763,0.340624,0.151527,0.316033,0.059052,-0.053394,0.291861,0.271379,0.343470,0.259630,0.068706,-0.031549,0.080084,-0.088380,-0.010560,0.082902,0.034190,0.038401,0.023550,0.015760,0.099174,0.072218,0.130462,0.173527,0.005743,-0.003443,0.049150,0.077527,0.066689,0.157707,-0.028371,-0.029691,-0.018392,0.343122,0.029156,0.030092,0.152150,0.165895,-0.135040,-0.115896,0.243369,1.000000,0.465554,0.352277,0.283285,-0.063574,0.018301,-0.180164,-0.136892,0.170049,-0.016311,0.017584,-0.009547,0.090286,0.097578,0.016704,-0.018424,-0.048184,-0.067607,-0.113696,-0.042028,-0.083582,0.003187,-0.058767
0.131470,0.166067,-0.018882,0.364844,0.040013,0.402323,0.154258,0.627406,0.229989,-0.000576,0.409968,0.096056,0.533001,0.391595,-0.133248,0.147689,0.023449,-0.076535,0.109475,-0.101636,0.026877,-0.003202,0.117286,-0.031714,0.125904,0.015409,0.076826,0.070845,0.077758,0.011389,0.056017,0.044434,-0.013994,0.064767,-0.066903,-0.056079,0.105398,0.403488,-0.016732,0.073416,0.341371,0.580968,-0.080428,-0.050881,0.274351,0.465554,1.000000,0.601689,0.304593,-0.047998,0.046887,-0.101921,-0.033276,0.163446,0.013421,0.004624,0.005364,0.026327,0.047404,-0.067667,-0.048536,-0.017171,-0.041053,-0.045164,-0.064459,-0.037935,0.042186,-0.074133
0.238949,0.142189,0.037368,0.432649,0.107083,0.540296,0.116053,0.599355,0.264702,0.062045,0.678983,0.162702,0.625579,0.624890,0.128329,0.135166,0.043726,0.080638,0.180454,0.228345,0.076641,0.017810,0.089158,0.012220,0.120713,0.071571,0.187685,0.080841,0.085255,0.050220,0.123132,0.031824,0.073155,0.100348,-0.000640,0.021431,0.166181,0.471253,0.034891,0.180229,0.403832,0.533567,-0.008771,0.001773,0.747302,0.352277,0.601689,1.000000,0.542305,0.004520,0.046918,0.029675,0.008630,0.440767,-0.012540,0.016612,0.090965,0.095817,0.130956,0.002164,-0.001321,0.036026,-0.040072,-0.022154,-0.014298,0.029790,0.055192,-0.022959
0.098473,-0.026011,0.045730,0.284375,0.091974,0.313365,0.029938,0.258126,0.215590,0.111255,0.586517,0.117892,0.325132,0.549843,0.470718,0.109260,0.021145,0.220441,0.152564,0.532964,0.198678,0.116155,0.092483,0.062540,0.080303,0.166168,0.167254,0.074071,0.077691,0.044405,0.104642,0.080263,0.059178,0.005600,0.135999,0.067630,0.136774,0.494928,0.165332,0.295869,0.345795,0.277117,0.153413,0.107526,0.483809,0.283285,0.304593,0.542305,1.000000,0.139667,0.090761,0.196260,0.096723,0.727812,0.220500,0.231784,0.053854,0.276182,0.041735,0.318672,0.116892,-0.043052,0.072924,0.069761,0.127145,0.108032,0.107793,0.108002
-0.031174,-0.078458,0.009473,0.000559,-0.033537,-0.163765,-0.072653,-0.221142,0.140903,0.446269,0.039203,-0.071793,-0.216282,0.015066,0.090088,0.178258,0.111753,0.244501,0.092566,0.168153,0.115712,0.037537,0.064566,0.007848,-0.017932,0.074623,0.074694,0.003750,0.059391,0.102114,0.064506,0.064885,0.037759,0.012214,0.235806,0.191402,0.025930,0.179825,0.249751,0.358155,0.112904,-0.093180,0.464957,0.624454,-0.004843,-0.063574,-0.047998,0.004520,0.139667,1.000000,0.340146,0.506666,0.406973,0.154961,0.074884,0.139415,0.186984,0.224925,0.029021,0.136739,0.104020,0.105587,0.373514,0.384338,0.306795,0.320600,0.060117,0.421625
-0.079269,-0.061660,0.062936,0.120116,-0.061194,-0.020232,-0.043839,-0.005497,0.222922,0.048081,0.030016,-0.063433,-0.032393,0.158656,0.095665,0.055169,-0.057228,-0.043245,0.042932,0.165179,0.125449,0.052900,0.077811,0.003456,-0.027692,0.021005,0.074857,-0.021970,0.005269,0.033663,0.016353,-0.057636,0.059080,-0.066742,0.315094,0.237252,0.078633,0.155672,0.478530,0.671413,0.391035,0.221760,0.552825,0.274996,-0.072359,0.018301,0.046887,0.046918,0.090761,0.340146,1.000000,0.309652,0.555809,0.076471,0.097452,0.170146,0.675170,0.269004,0.416614,0.141869,0.222967,0.385532,0.381933,0.576698,0.388973,0.278072,0.037462,0.480191
0.013631,-0.075029,0.006703,-0.069948,0.021915,-0.152550,-0.085665,-0.223323,0.145679,0.312462,0.122450,-0.155571,-0.212285,0.092646,0.234425,0.132438,0.099956,0.528667,0.136051,0.363686,0.151902,0.063240,0.082065,0.033181,0.026967,0.066149,0.093037,-0.001824,0.044222,0.054555,0.114459,0.127233,0.106349,0.019624,0.227626,0.173289,-0.001454,0.116325,0.247344,0.422010,0.151509,-0.065035,0.500490,0.516600,0.016337,-0.180164,-0.101921,0.029675,0.196260,0.506666,0.309652,1.000000,0.727367,0.271714,0.115606,0.184142,0.295141,0.268625,0.046011,0.198522,0.138165,0.160152,0.512712,0.525895,0.460019,0.470131,0.158140,0.399176
-0.023618,-0.096393,0.005743,-0.006219,-0.071918,-0.120141,-0.082143,-0.127911,0.192083,0.183889,0.058765,-0.128982,-0.153727,0.110138,0.121964,0.069726,-0.006747,0.152754,0.078442,0.194892,0.097408,0.051358,0.085772,0.049518,0.026221,0.030851,0.149730,0.035837,0.031760,0.030834,0.032144,0.000790,0.057586,-0.054094,0.208632,0.153356,0.016080,0.106287,0.245722,0.519912,0.186437,0.057492,0.613263,0.445075,-0.053006,-0.136892,-0.033276,0.008630,0.096723,0.406973,0.555809,0.727367,1.000000,0.127570,0.077852,0.090175,0.461070,0.151243,0.171170,0.162503,0.161994,0.243375,0.661973,0.838155,0.652376,0.511503,0.164337,0.390648
0.098809,-0.064656,0.080269,0.235634,0.073506,0.241959,-0.042669,0.108656,0.176376,0.135752,0.596888,0.063418,0.202574,0.524310,0.548867,0.135088,0.028736,0.309912,0.215779,0.684143,0.281482,0.151861,0.165426,0.095147,0.075560,0.145053,0.085680,0.080611,0.049583,0.042642,0.091494,0.062411,0.031644,0.038750,0.210175,0.116768,0.119316,0.399278,0.259058,0.344013,0.340448,0.219700,0.192672,0.145869,0.455923,0.170049,0.163446,0.440767,0.727812,0.154961,0.076471,0.271714,0.127570,1.000000,0.413119,0.359542,0.015128,0.310885,-0.056803,0.177257,0.102552,0.020205,0.046859,0.067828,0.111935,0.110184,0.143223,0.141999
-0.099976,-0.079987,0.035531,0.029782,-0.078694,-0.006438,-0.059113,-0.039525,0.082795,0.048169,0.106884,-0.082684,-0.053412,0.071349,0.114452,0.027618,-0.057378,0.090848,0.027087,0.230031,0.263427,0.163937,0.055253,0.058565,-0.008532,-0.080961,-0.149996,-0.000241,-0.046358,-0.077851,0.023564,0.008441,-0.010833,-0.110580,0.068565,-0.009450,0.003114,0.150925,0.159705,0.141092,0.086655,0.108230,0.126486,0.088028,0.036284,-0.016311,0.013421,-0.012540,0.220500,0.074884,0.097452,0.115606,0.077852,0.413119,1.000000,0.841430,-0.044265,0.428494,-0.179647,0.094232,0.088574,-0.025671,-0.076775,0.040854,0.003945,0.011272,0.087180,0.033269
-0.072627,-0.065500,0.042852,0.064645,-0.088246,-0.046191,-0.037274,-0.029028,0.051284,0.044695,0.078007,-0.073794,-0.053769,0.075613,0.120656,0.005326,-0.049316,0.118213,0.000351,0.251655,0.342756,0.221184,0.051033,0.067126,-0.005361,-0.034554,-0.053447,0.065440,-0.034139,-0.063281,0.060290,0.000019,0.030784,-0.088902,0.177229,0.081773,0.043869,0.207828,0.278694,0.198301,0.164758,0.118643,0.129183,0.105607,0.018737,0.017584,0.004624,0.016612,0.231784,0.139415,0.170146,0.184142,0.090175,0.359542,0.841430,1.000000,0.099364,0.693519,-0.072668,0.108326,0.114847,0.087095,-0.022156,0.091057,0.078231,0.055307,0.070833,0.200923
-0.007520,0.019907,0.070649,0.117170,-0.042911,-0.007176,0.015452,0.017265,0.164827,0.000522,0.038113,-0.025411,0.010070,0.134961,0.047234,0.005321,-0.027075,-0.028226,0.028309,0.130862,0.091012,0.034349,0.037977,-0.011951,-0.001430,-0.027373,0.112441,0.051100,0.005126,0.038107,0.065603,-0.019744,0.051651,-0.027952,0.335742,0.275804,0.058159,0.076254,0.480493,0.566341,0.422174,0.196880,0.438801,0.209503,-0.013470,-0.009547,0.005364,0.090965,0.053854,0.186984,0.675170,0.295141,0.461070,0.015128,-0.044265,0.099364,1.000000,0.266039,0.543337,0.103724,0.168771,0.398192,0.313132,0.451281,0.258828,0.197120,0.077692,0.490556
0.001316,-0.045522,-0.005853,0.059928,-0.023202,-0.038276,-0.006788,-0.022651,0.041957,0.056380,0.117134,-0.034076,-0.025118,0.140770,0.099230,0.024218,-0.020162,0.155607,-0.058525,0.302858,0.327699,0.165390,0.066931,-0.010103,0.008235,-0.026239,0.029765,0.157398,-0.032201,-0.075166,0.081442,0.039858,0.141346,0.009179,0.289581,0.238064,0.070697,0.294687,0.461870,0.307501,0.279379,0.109426,0.174780,0.170477,0.054944,0.090286,0.026327,0.095817,0.276182,0.224925,0.269004,0.268625,0.151243,0.310885,0.428494,0.693519,0.266039,1.000000,0.123993,0.156098,0.157330,0.233843,0.119605,0.167045,0.146704,0.124489,0.025795,0.368268
0.003800,0.010951,0.037582,0.116198,0.008949,0.033647,-0.000912,0.094648,0.069248,-0.061045,0.004293,0.061133,0.116362,0.100086,0.031469,0.016145,-0.035704,-0.114341,-0.077505,0.060640,-0.005116,-0.020188,-0.024587,-0.018907,-0.064701,-0.011780,0.038048,-0.001332,0.011198,0.016734,0.020046,-0.074526,0.090815,0.006306,0.130758,0.101789,0.033152,0.034597,0.294545,0.381296,0.304084,0.176361,0.278804,0.063522,-0.021107,0.097578,0.047404,0.130956,0.041735,0.029021,0.416614,0.046011,0.171170,-0.056803,-0.179647,-0.072668,0.543337,0.123993,1.000000,0.021552,0.139499,0.321715,0.178040,0.189962,0.134816,0.064488,-0.050115,0.237549
-0.063871,-0.075974,-0.018216,-0.031632,-0.037702,-0.072347,-0.019911,-0.128911,0.083685,0.087604,0.011854,-0.010833,-0.077268,0.046097,0.143658,0.048837,-0.044900,0.013859,-0.018423,0.175363,0.104405,0.044427,-0.007110,-0.026512,-0.084763,0.040423,0.060822,-0.058318,-0.058341,-0.067017,0.008860,-0.041251,0.042756,-0.119816,0.156761,0.119068,0.067884,0.162514,0.126892,0.209444,0.052085,-0.033397,0.156532,0.164256,0.012971,0.016704,-0.067667,0.002164,0.318672,0.136739,0.141869,0.198522,0.162503,0.177257,0.094232,0.108326,0.103724,0.156098,0.021552,1.000000,0.625090,-0.012674,0.210493,0.204657,0.191744,0.217276,0.094974,0.187746
-0.052524,-0.075641,-0.020738,0.006047,-0.075525,-0.074197,-0.014133,-0.108727,0.122979,0.080693,0.016348,-0.034892,-0.086510,0.045564,0.066113,0.046282,-0.044100,0.007357,0.005813,0.111334,0.088119,0.028788,0.036105,-0.033554,-0.068317,-0.006362,0.021143,-0.064106,-0.016360,-0.043069,-0.001043,-0.096646,0.000793,-0.109602,0.207565,0.147211,0.139190,0.131537,0.200852,0.239824,0.123699,0.019391,0.183894,0.170009,-0.035759,-0.018424,-0.048536,-0.001321,0.116892,0.104020,0.222967,0.138165,0.161994,0.102552,0.088574,0.114847,0.168771,0.157330,0.139499,0.625090,1.000000,0.372756,0.217233,0.228537,0.161505,0.199186,0.087657,0.265955
0.001147,-0.066645,0.110659,0.090267,-0.033798,-0.057224,-0.024783,-0.049247,0.136183,-0.020264,0.001421,-0.078085,-0.081698,0.055441,-0.008285,0.101231,-0.006705,0.018193,0.028274,0.043333,0.035140,-0.006021,0.101587,-0.038645,0.020691,-0.033289,0.032806,0.031090,-0.018697,-0.036407,0.024004,-0.101814,0.015369,-0.029537,0.481769,0.368575,0.172788,0.028444,0.450011,0.300345,0.271815,0.087390,0.197814,0.113027,-0.046297,-0.048184,-0.017171,0.036026,-0.043052,0.105587,0.385532,0.160152,0.243375,0.020205,-0.025671,0.087095,0.398192,0.233843,0.321715,-0.012674,0.372756,1.000000,0.216296,0.310915,0.210588,0.229726,0.021347,0.590478
-0.001138,-0.103285,-0.001194,-0.036139,-0.057470,-0.190666,-0.078536,-0.210621,0.149152,0.197595,0.003772,-0.101420,-0.200575,0.018532,0.090294,0.030327,-0.021450,0.105724,0.016125,0.127353,0.010788,-0.005044,0.069599,-0.000951,-0.022086,0.067078,0.117169,0.047276,0.001041,0.033531,0.019560,-0.011548,0.033605,-0.036210,0.219097,0.153591,0.036608,0.097941,0.188401,0.432302,0.109665,-0.073533,0.524916,0.447097,-0.099839,-0.067607,-0.041053,-0.040072,0.072924,0.373514,0.381933,0.512712,0.661973,0.046859,-0.076775,-0.022156,0.313132,0.119605,0.178040,0.210493,0.217233,0.216296,1.000000,0.710361,0.591574,0.495563,0.160357,0.378065
