1.000000,0.956892,0.725362,0.844332,0.959964,0.874285,0.886814,0.877510,0.783581,0.779334,0.790749,0.823718,0.864087,0.806674,0.737120,0.877058,0.776080,0.506392,0.308704,0.696020,0.684504,0.691809,0.678414,0.685448,0.477612,0.741933,0.823948,0.898577,0.087960,0.284896,0.357199,0.687686,0.021545,0.964918,0.804295,0.795433,0.773312,0.811349,0.814762,0.849640,0.857429,0.868186,0.863976,0.829387,0.752430,0.805561,0.817207,0.774925,0.734068,0.863126,0.855708,0.117579,0.345212,0.686981,0.683862,0.716285,0.687831,0.747604,0.801081,0.739273,0.750135,0.794011,0.844687,0.853736,0.839183,0.813523,0.641606,0.832075
0.956892,1.000000,0.748450,0.856273,0.949444,0.883312,0.905825,0.883509,0.797338,0.759828,0.809559,0.842974,0.875511,0.826709,0.754013,0.864174,0.778579,0.464292,0.312145,0.701786,0.687677,0.689311,0.651907,0.685966,0.461320,0.744736,0.817974,0.862089,0.082278,0.308362,0.391228,0.630934,-0.015799,0.916395,0.826421,0.821584,0.805339,0.830169,0.836221,0.866174,0.872875,0.876558,0.873023,0.808561,0.773832,0.828784,0.837329,0.798973,0.760082,0.865352,0.848994,0.055543,0.278682,0.712540,0.704729,0.731997,0.661825,0.771702,0.812128,0.770146,0.781969,0.819554,0.853943,0.857651,0.849491,0.825843,0.666190,0.844670
0.725362,0.748450,1.000000,0.827337,0.729738,0.760892,0.787334,0.766490,0.705083,0.581461,0.797830,0.813209,0.783474,0.796667,0.760960,0.614412,0.550334,0.279198,0.207806,0.705931,0.677373,0.660592,0.453646,0.654732,0.295433,0.708032,0.711246,0.632757,0.005011,0.241745,0.355800,0.418819,-0.102390,0.657556,0.812605,0.814401,0.854261,0.826734,0.808166,0.793666,0.794243,0.766684,0.779542,0.619910,0.780120,0.813967,0.803099,0.796178,0.773505,0.770379,0.748805,0.018276,0.143395,0.747106,0.746930,0.757887,0.507117,0.789899,0.756376,0.788835,0.792661,0.797699,0.790717,0.778710,0.788567,0.788363,0.693539,0.788144
0.844332,0.856273,0.827337,1.000000,0.844908,0.912184,0.930469,0.931668,0.854300,0.695514,0.959661,0.977828,0.949674,0.961037,0.918992,0.699793,0.616809,0.268517,0.178647,0.857843,0.819017,0.799295,0.471180,0.781862,0.283958,0.827351,0.825492,0.703951,-0.050823,0.267242,0.399971,0.474659,-0.083248,0.764267,0.969794,0.955877,0.938414,0.985184,0.968008,0.962710,0.959688,0.938462,0.947112,0.767297,0.943257,0.975115,0.965918,0.957320,0.935511,0.930095,0.893982,0.044410,0.159326,0.899846,0.896572,0.910930,0.585744,0.938892,0.889261,0.931481,0.923775,0.943368,0.942916,0.932034,0.929616,0.929049,0.803966,0.961024
0.959964,0.949444,0.729738,0.844908,1.000000,0.895907,0.904059,0.896835,0.788511,0.787695,0.805529,0.835013,0.884530,0.822873,0.743319,0.880296,0.808442,0.464386,0.315317,0.691483,0.684510,0.690068,0.623731,0.682473,0.419070,0.737205,0.821630,0.865875,0.059958,0.320672,0.428013,0.656410,0.021629,0.948381,0.809390,0.802307,0.780128,0.815646,0.822288,0.858144,0.869503,0.886180,0.868333,0.838350,0.769053,0.815916,0.832089,0.791214,0.748886,0.857221,0.838192,0.053819,0.304431,0.703129,0.689512,0.717406,0.669834,0.750638,0.793111,0.748999,0.755157,0.797036,0.840100,0.847819,0.828749,0.803449,0.637772,0.835276
0.874285,0.883312,0.760892,0.912184,0.895907,1.000000,0.972265,0.987169,0.953974,0.803038,0.918864,0.930779,0.971256,0.934128,0.874223,0.768540,0.714099,0.330311,0.268118,0.829289,0.764303,0.753550,0.514790,0.746960,0.327911,0.797095,0.817972,0.748297,0.003354,0.372098,0.504806,0.516508,-0.017867,0.811653,0.893340,0.890960,0.847833,0.889989,0.908575,0.956270,0.965183,0.978199,0.962322,0.847788,0.888640,0.915737,0.931461,0.906406,0.878408,0.904849,0.858569,0.062735,0.183819,0.840054,0.798465,0.812628,0.555984,0.838798,0.796068,0.856826,0.843833,0.868148,0.876552,0.866063,0.852496,0.838415,0.698438,0.906221
0.886814,0.905825,0.787334,0.930469,0.904059,0.972265,1.000000,0.974936,0.925385,0.762788,0.929290,0.942763,0.968769,0.942687,0.883202,0.767498,0.706005,0.331145,0.271229,0.829879,0.772531,0.761094,0.530967,0.754664,0.342277,0.812624,0.831455,0.757574,0.015729,0.368051,0.487918,0.518389,-0.043863,0.816895,0.914992,0.910797,0.870366,0.912445,0.926423,0.960604,0.973212,0.969600,0.958869,0.822439,0.904237,0.933622,0.944900,0.922166,0.895582,0.912954,0.870954,0.042076,0.175308,0.857910,0.823001,0.836528,0.572744,0.867186,0.826944,0.880664,0.868920,0.887938,0.896948,0.884016,0.876980,0.862765,0.729763,0.921181
0.877510,0.883509,0.766490,0.931668,0.896835,0.987169,0.974936,1.000000,0.944824,0.805086,0.937935,0.950255,0.990477,0.953378,0.886693,0.758125,0.691963,0.315634,0.240759,0.836630,0.770603,0.757705,0.506014,0.746566,0.314632,0.800083,0.824369,0.745661,-0.012347,0.347399,0.487592,0.507067,-0.027073,0.812818,0.915697,0.908959,0.861120,0.911483,0.930701,0.975188,0.980914,0.995582,0.978366,0.866097,0.906770,0.934464,0.953800,0.925279,0.893953,0.922980,0.877754,0.066960,0.188926,0.853444,0.814886,0.832216,0.572689,0.859006,0.822175,0.869812,0.856211,0.889623,0.901417,0.892948,0.875811,0.861317,0.710713,0.932172
0.783581,0.797338,0.705083,0.854300,0.788511,0.953974,0.925385,0.944824,1.000000,0.813647,0.888968,0.885028,0.925591,0.902067,0.863845,0.693332,0.652514,0.347800,0.313163,0.839221,0.754734,0.742041,0.517602,0.738077,0.363458,0.779720,0.772629,0.679138,0.081238,0.424923,0.494595,0.464462,-0.034285,0.715538,0.846927,0.844940,0.796687,0.836127,0.864341,0.918917,0.923163,0.939498,0.933693,0.827409,0.862185,0.871553,0.891241,0.873269,0.854364,0.869491,0.822606,0.137679,0.198258,0.824553,0.778588,0.788884,0.513463,0.801204,0.742382,0.823597,0.801026,0.824132,0.823813,0.812217,0.799577,0.787747,0.661617,0.863906
0.779334,0.759828,0.581461,0.695514,0.787695,0.803038,0.762788,0.805086,0.813647,1.000000,0.707704,0.702838,0.776278,0.717280,0.660802,0.810609,0.798539,0.564095,0.448359,0.646818,0.626443,0.639215,0.606684,0.636339,0.451410,0.679872,0.734414,0.746663,0.218678,0.411248,0.416037,0.609378,0.056218,0.795241,0.672179,0.664805,0.631157,0.667751,0.693324,0.751593,0.749225,0.799152,0.801246,0.926878,0.674010,0.680018,0.711035,0.677599,0.639954,0.795184,0.770368,0.270672,0.485890,0.604956,0.594414,0.626463,0.651888,0.626197,0.657896,0.618606,0.622849,0.680785,0.713654,0.732227,0.695979,0.677119,0.526139,0.731174
0.790749,0.809559,0.797830,0.959661,0.805529,0.918864,0.929290,0.937935,0.888968,0.707704,1.000000,0.977365,0.956191,0.995390,0.972234,0.653093,0.596016,0.264947,0.214227,0.922347,0.866819,0.840219,0.439896,0.821102,0.267555,0.855647,0.832058,0.651006,-0.026453,0.335906,0.459847,0.447342,-0.078550,0.712133,0.971418,0.957765,0.917521,0.964282,0.973436,0.968311,0.963024,0.946315,0.950789,0.767298,0.989867,0.982153,0.983516,0.993461,0.981589,0.925727,0.880740,0.076357,0.165126,0.957254,0.937689,0.945388,0.564328,0.955155,0.879500,0.957333,0.933094,0.945548,0.933593,0.916009,0.914003,0.912994,0.806040,0.963898
0.823718,0.842974,0.813209,0.977828,0.835013,0.930779,0.942763,0.950255,0.885028,0.702838,0.977365,1.000000,0.970818,0.981423,0.935975,0.689944,0.613427,0.259483,0.188056,0.873364,0.823469,0.798737,0.464390,0.780477,0.282677,0.829355,0.823747,0.681690,-0.044597,0.300545,0.428610,0.455635,-0.090065,0.741897,0.975622,0.964746,0.926751,0.976607,0.977013,0.980176,0.975461,0.958711,0.962251,0.774346,0.959877,0.985078,0.984367,0.974295,0.953315,0.927547,0.885452,0.040312,0.139556,0.918860,0.903349,0.915037,0.560410,0.940120,0.884940,0.937918,0.922725,0.945669,0.944320,0.928364,0.924775,0.921411,0.799614,0.967313
0.864087,0.875511,0.783474,0.949674,0.884530,0.971256,0.968769,0.990477,0.925591,0.776278,0.956191,0.970818,1.000000,0.969901,0.902537,0.741641,0.671695,0.294680,0.223417,0.843678,0.782854,0.764965,0.490942,0.750151,0.302414,0.808204,0.829363,0.728964,-0.026927,0.333269,0.469882,0.490460,-0.052955,0.794712,0.940709,0.931111,0.883955,0.937551,0.952505,0.984647,0.986299,0.993376,0.980317,0.848202,0.928063,0.955675,0.973544,0.946542,0.915610,0.930391,0.885133,0.047657,0.169103,0.876222,0.843918,0.861060,0.577839,0.888657,0.851660,0.892398,0.877704,0.914342,0.924168,0.912573,0.899046,0.887334,0.739879,0.953448
0.806674,0.826709,0.796667,0.961037,0.822873,0.934128,0.942687,0.953378,0.902067,0.717280,0.995390,0.981423,0.969901,1.000000,0.968809,0.668570,0.608580,0.268509,0.215076,0.919699,0.851965,0.824843,0.451337,0.805982,0.276913,0.846741,0.831654,0.668971,-0.028636,0.338322,0.463397,0.452200,-0.074422,0.728555,0.969038,0.956728,0.915232,0.962134,0.973726,0.976913,0.973107,0.960496,0.959940,0.777222,0.982353,0.982186,0.987674,0.990971,0.977472,0.927065,0.883124,0.066752,0.156302,0.951910,0.925075,0.933394,0.563234,0.947070,0.876911,0.951037,0.926730,0.942510,0.934494,0.917033,0.912812,0.910773,0.796543,0.965318
0.737120,0.754013,0.760960,0.918992,0.743319,0.874223,0.883202,0.886693,0.863845,0.660802,0.972234,0.935975,0.902537,0.968809,1.000000,0.588741,0.541446,0.263562,0.220411,0.977203,0.908797,0.878043,0.420768,0.855506,0.266096,0.872375,0.815443,0.608134,-0.006465,0.349510,0.438090,0.407817,-0.068217,0.657062,0.933622,0.918937,0.887029,0.924275,0.932205,0.920342,0.914359,0.892527,0.899527,0.696663,0.972749,0.946932,0.941477,0.970797,0.984214,0.878252,0.842600,0.114551,0.172582,0.979034,0.956416,0.954703,0.538300,0.944108,0.840871,0.954334,0.914556,0.907142,0.886469,0.867954,0.868985,0.875346,0.793336,0.918598
0.877058,0.864174,0.614412,0.699793,0.880296,0.768540,0.767498,0.758125,0.693332,0.810609,0.653093,0.689944,0.741641,0.668570,0.588741,1.000000,0.909343,0.605548,0.398562,0.544261,0.562361,0.579072,0.739587,0.574812,0.563519,0.632288,0.731368,0.841821,0.197158,0.292009,0.330483,0.690210,0.043839,0.907554,0.675209,0.668696,0.649923,0.675157,0.687593,0.727965,0.728202,0.749521,0.753936,0.808366,0.617271,0.665748,0.680746,0.635414,0.585311,0.779199,0.775573,0.111127,0.400288,0.536344,0.550061,0.585976,0.682272,0.617916,0.710931,0.595834,0.621442,0.682486,0.738951,0.759430,0.739014,0.710546,0.543053,0.715223
0.776080,0.778579,0.550334,0.616809,0.808442,0.714099,0.706005,0.691963,0.652514,0.798539,0.596016,0.613427,0.671695,0.608580,0.541446,0.909343,1.000000,0.610450,0.525655,0.499470,0.521084,0.538349,0.641546,0.537612,0.480664,0.599379,0.682185,0.749299,0.274870,0.440991,0.470974,0.693597,0.059242,0.827109,0.591334,0.588053,0.573947,0.598731,0.605143,0.643054,0.651674,0.679281,0.671100,0.756663,0.572162,0.593302,0.614474,0.579883,0.538148,0.687710,0.670173,0.081548,0.380440,0.504024,0.504595,0.532977,0.606528,0.545991,0.611992,0.531015,0.541077,0.595146,0.635168,0.650493,0.631172,0.610203,0.479658,0.627572
0.506392,0.464292,0.279198,0.268517,0.464386,0.330311,0.331145,0.315634,0.347800,0.564095,0.264947,0.259483,0.294680,0.268509,0.263562,0.605548,0.610450,1.000000,0.717718,0.290302,0.326820,0.357847,0.783592,0.369268,0.758850,0.392006,0.471579,0.609550,0.662356,0.445995,0.109373,0.728443,0.170319,0.591408,0.262096,0.254221,0.255470,0.254855,0.270203,0.284069,0.282671,0.306024,0.324518,0.466043,0.247707,0.246389,0.262275,0.243345,0.227644,0.401013,0.453363,0.503217,0.721441,0.216858,0.245249,0.272269,0.633001,0.261830,0.388439,0.222776,0.242553,0.296121,0.353256,0.382929,0.369798,0.351747,0.264898,0.315496
0.308704,0.312145,0.207806,0.178647,0.315317,0.268118,0.271229,0.240759,0.313163,0.448359,0.214227,0.188056,0.223417,0.215076,0.220411,0.398562,0.525655,0.717718,1.000000,0.241468,0.254167,0.270892,0.504161,0.284651,0.532502,0.305900,0.333515,0.388807,0.799091,0.804181,0.316767,0.478317,0.074269,0.357949,0.174377,0.175809,0.182866,0.180161,0.188971,0.191167,0.207282,0.230920,0.219614,0.330260,0.217403,0.183241,0.206021,0.205877,0.210629,0.256906,0.258599,0.333173,0.502816,0.227647,0.216328,0.220669,0.422751,0.198047,0.239962,0.179770,0.173258,0.194859,0.204011,0.208690,0.200415,0.202338,0.186132,0.206650
0.696020,0.701786,0.705931,0.857843,0.691483,0.829289,0.829879,0.836630,0.839221,0.646818,0.922347,0.873364,0.843678,0.919699,0.977203,0.544261,0.499470,0.290302,0.241468,1.000000,0.904799,0.874710,0.421697,0.846481,0.282683,0.830758,0.764112,0.583116,0.029968,0.369239,0.408960,0.398995,-0.038706,0.624047,0.871170,0.856161,0.828881,0.857555,0.869003,0.861967,0.854784,0.838064,0.846116,0.656449,0.925835,0.884949,0.878800,0.918059,0.943865,0.830310,0.810661,0.192168,0.216409,0.951062,0.922980,0.918342,0.525566,0.895335,0.788697,0.911449,0.865961,0.850293,0.828399,0.812095,0.812497,0.822737,0.752200,0.861652
0.684504,0.687677,0.677373,0.819017,0.684510,0.764303,0.772531,0.770603,0.754734,0.626443,0.866819,0.823469,0.782854,0.851965,0.908797,0.562361,0.521084,0.326820,0.254167,0.904799,1.000000,0.990224,0.440450,0.967851,0.292693,0.868823,0.803674,0.576093,0.047268,0.357414,0.401822,0.426539,-0.064622,0.625345,0.831795,0.814152,0.795848,0.824353,0.824137,0.800449,0.793373,0.772409,0.788091,0.646250,0.875158,0.838450,0.819503,0.863041,0.881504,0.799367,0.777193,0.157744,0.259355,0.882074,0.912925,0.916179,0.573900,0.875451,0.780836,0.871019,0.830404,0.817490,0.803416,0.791604,0.797438,0.801187,0.743986,0.815089
0.691809,0.689311,0.660592,0.799295,0.690068,0.753550,0.761094,0.757705,0.742041,0.639215,0.840219,0.798737,0.764965,0.824843,0.878043,0.579072,0.538349,0.357847,0.270892,0.874710,0.990224,1.000000,0.458580,0.977777,0.310161,0.863149,0.804872,0.590087,0.064489,0.361824,0.399451,0.447650,-0.057938,0.640082,0.805810,0.788921,0.774284,0.800679,0.799044,0.779128,0.774402,0.756742,0.772768,0.656812,0.846935,0.813039,0.793433,0.834226,0.849654,0.790815,0.771783,0.172769,0.291373,0.847062,0.884105,0.890754,0.593009,0.847569,0.764530,0.842244,0.806586,0.794712,0.786047,0.777538,0.781021,0.783669,0.721055,0.793351
0.678414,0.651907,0.453646,0.471180,0.623731,0.514790,0.530967,0.506014,0.517602,0.606684,0.439896,0.464390,0.490942,0.451337,0.420768,0.739587,0.641546,0.783592,0.504161,0.421697,0.440450,0.458580,1.000000,0.477190,0.923654,0.519977,0.598859,0.744551,0.504822,0.282030,0.091803,0.630080,0.026541,0.707446,0.468312,0.460395,0.445985,0.455273,0.475802,0.500625,0.491870,0.500519,0.526902,0.583601,0.413483,0.442776,0.450145,0.422080,0.388927,0.577978,0.625636,0.358227,0.565737,0.355674,0.379628,0.413165,0.678546,0.432507,0.574176,0.400224,0.426833,0.484780,0.560230,0.587253,0.579404,0.557973,0.412955,0.510969
0.685448,0.685966,0.654732,0.781862,0.682473,0.746960,0.754664,0.746566,0.738077,0.636339,0.821102,0.780477,0.750151,0.805982,0.855506,0.574812,0.537612,0.369268,0.284651,0.846481,0.967851,0.977777,0.477190,1.000000,0.333009,0.873296,0.813517,0.590138,0.083390,0.365120,0.394341,0.447773,-0.051094,0.632444,0.784150,0.772708,0.756990,0.778721,0.779949,0.763187,0.760877,0.745218,0.758898,0.653109,0.825575,0.793918,0.775059,0.814180,0.827300,0.776518,0.755124,0.167970,0.298200,0.821236,0.853003,0.859963,0.592834,0.820117,0.743714,0.820131,0.784991,0.772714,0.765979,0.757126,0.762355,0.761814,0.697713,0.771900
0.477612,0.461320,0.295433,0.283958,0.419070,0.327911,0.342277,0.314632,0.363458,0.451410,0.267555,0.282677,0.302414,0.276913,0.266096,0.563519,0.480664,0.758850,0.532502,0.282683,0.292693,0.310161,0.923654,0.333009,1.000000,0.370987,0.438658,0.589480,0.633363,0.274679,-0.003690,0.490327,0.034134,0.508282,0.291302,0.284011,0.279334,0.277294,0.296077,0.313187,0.305869,0.311272,0.338662,0.407219,0.249192,0.265278,0.272018,0.252250,0.230344,0.399122,0.454691,0.388068,0.569564,0.210108,0.231392,0.256996,0.578763,0.267866,0.410034,0.235069,0.260685,0.311474,0.379320,0.406851,0.405433,0.384028,0.282460,0.331677
0.741933,0.744736,0.708032,0.827351,0.737205,0.797095,0.812624,0.800083,0.779720,0.679872,0.855647,0.829355,0.808204,0.846741,0.872375,0.632288,0.599379,0.392006,0.305900,0.830758,0.868823,0.863149,0.519977,0.873296,0.370987,1.000000,0.938562,0.659696,0.099725,0.366901,0.393707,0.484781,-0.054388,0.688773,0.828491,0.819814,0.798078,0.825086,0.826669,0.818805,0.818919,0.802809,0.814555,0.699063,0.849251,0.835171,0.826827,0.844515,0.846429,0.827537,0.806138,0.162504,0.299489,0.827471,0.841707,0.853153,0.621697,0.840484,0.795152,0.833148,0.810927,0.817810,0.821309,0.812315,0.812387,0.814740,0.719345,0.828313
0.823948,0.817974,0.711246,0.825492,0.821630,0.817972,0.831455,0.824369,0.772629,0.734414,0.832058,0.823747,0.829363,0.831654,0.815443,0.731368,0.682185,0.471579,0.333515,0.764112,0.803674,0.804872,0.598859,0.813517,0.438658,0.938562,1.000000,0.775252,0.114826,0.345534,0.372295,0.560341,-0.015207,0.787815,0.822687,0.811770,0.787617,0.818632,0.823861,0.829037,0.828893,0.826017,0.833153,0.768536,0.813494,0.820521,0.824415,0.817634,0.798455,0.859819,0.838429,0.156512,0.351223,0.766099,0.782574,0.806483,0.692342,0.810398,0.819178,0.791207,0.784557,0.818664,0.843071,0.844252,0.836628,0.823837,0.701182,0.838341
0.898577,0.862089,0.632757,0.703951,0.865875,0.748297,0.757574,0.745661,0.679138,0.746663,0.651006,0.681690,0.728964,0.668971,0.608134,0.841821,0.749299,0.609550,0.388807,0.583116,0.576093,0.590087,0.744551,0.590138,0.589480,0.659696,0.775252,1.000000,0.215578,0.296629,0.265852,0.698373,0.039169,0.904784,0.671483,0.664316,0.654584,0.673121,0.679646,0.712902,0.719723,0.734928,0.739657,0.755419,0.613895,0.663607,0.673956,0.634084,0.595492,0.760352,0.771266,0.198692,0.445424,0.550491,0.556756,0.593180,0.707311,0.622751,0.712546,0.607398,0.630003,0.678513,0.735684,0.753167,0.736475,0.706134,0.559039,0.707855
0.087960,0.082278,0.005011,-0.050823,0.059958,0.003354,0.015729,-0.012347,0.081238,0.218678,-0.026453,-0.044597,-0.026927,-0.028636,-0.006465,0.197158,0.274870,0.662356,0.799091,0.029968,0.047268,0.064489,0.504822,0.083390,0.633363,0.099725,0.114826,0.215578,1.000000,0.585224,0.138380,0.309872,0.089026,0.137866,-0.043629,-0.042642,-0.036400,-0.045308,-0.034891,-0.037940,-0.027992,-0.015776,-0.011521,0.108544,-0.021607,-0.049431,-0.035050,-0.033177,-0.025089,0.034437,0.067243,0.427250,0.529591,-0.007667,-0.007788,-0.006322,0.319537,-0.028835,0.050910,-0.047260,-0.045903,-0.022272,-0.002324,0.012057,0.009776,0.007384,-0.002251,-0.011144
0.284896,0.308362,0.241745,0.267242,0.320672,0.372098,0.368051,0.347399,0.424923,0.411248,0.335906,0.300545,0.333269,0.338322,0.349510,0.292009,0.440991,0.445995,0.804181,0.369239,0.357414,0.361824,0.282030,0.365120,0.274679,0.366901,0.345534,0.296629,0.585224,1.000000,0.545081,0.313232,0.013169,0.281648,0.267304,0.269122,0.252870,0.271463,0.281334,0.294947,0.319472,0.337382,0.305424,0.331362,0.341806,0.293227,0.319482,0.330172,0.347458,0.281554,0.250609,0.187648,0.278350,0.373099,0.328604,0.318383,0.308433,0.290467,0.258381,0.299250,0.268420,0.269236,0.249447,0.230281,0.219888,0.234681,0.241240,0.281842
0.357199,0.391228,0.355800,0.399971,0.428013,0.504806,0.487918,0.487592,0.494595,0.416037,0.459847,0.428610,0.469882,0.463397,0.438090,0.330483,0.470974,0.109373,0.316767,0.408960,0.401822,0.399451,0.091803,0.394341,-0.003690,0.393707,0.372295,0.265852,0.138380,0.545081,1.000000,0.227703,0.021078,0.330440,0.393042,0.394342,0.373267,0.402178,0.409503,0.439022,0.461142,0.480037,0.437133,0.422751,0.459293,0.433741,0.457659,0.458782,0.452096,0.368697,0.303378,-0.089296,0.028559,0.457294,0.402126,0.392780,0.211672,0.382442,0.304633,0.420139,0.382819,0.367243,0.341245,0.321672,0.314371,0.313121,0.288807,0.383926
0.687686,0.630934,0.418819,0.474659,0.656410,0.516508,0.518389,0.507067,0.464462,0.609378,0.447342,0.455635,0.490460,0.452200,0.407817,0.690210,0.693597,0.728443,0.478317,0.398995,0.426539,0.447650,0.630080,0.447773,0.490327,0.484781,0.560341,0.698373,0.309872,0.313232,0.227703,1.000000,0.140127,0.767060,0.448379,0.441917,0.430791,0.452349,0.453781,0.473559,0.476901,0.494125,0.499610,0.578216,0.424473,0.442426,0.453683,0.428223,0.393055,0.539425,0.564244,0.275678,0.495389,0.364977,0.391842,0.425699,0.581638,0.425693,0.516675,0.391156,0.413778,0.458437,0.510882,0.530548,0.522978,0.500344,0.382759,0.486973
0.021545,-0.015799,-0.102390,-0.083248,0.021629,-0.017867,-0.043863,-0.027073,-0.034285,0.056218,-0.078550,-0.090065,-0.052955,-0.074422,-0.068217,0.043839,0.059242,0.170319,0.074269,-0.038706,-0.064622,-0.057938,0.026541,-0.051094,0.034134,-0.054388,-0.015207,0.039169,0.089026,0.013169,0.021078,0.140127,1.000000,0.062325,-0.100167,-0.095999,-0.123427,-0.108753,-0.095248,-0.071770,-0.067986,-0.041211,-0.049728,0.037554,-0.089155,-0.097360,-0.082177,-0.090654,-0.087448,-0.041325,-0.038289,0.127801,0.143135,-0.085339,-0.090520,-0.091030,0.037850,-0.097345,-0.083828,-0.089075,-0.084361,-0.086263,-0.080477,-0.064038,-0.072459,-0.081762,-0.081602,-0.076948
0.964918,0.916395,0.657556,0.764267,0.948381,0.811653,0.816895,0.812818,0.715538,0.795241,0.712133,0.741897,0.794712,0.728555,0.657062,0.907554,0.827109,0.591408,0.357949,0.624047,0.625345,0.640082,0.707446,0.632444,0.508282,0.688773,0.787815,0.904784,0.137866,0.281648,0.330440,0.767060,0.062325,1.000000,0.722299,0.710403,0.692111,0.730005,0.732414,0.772443,0.779010,0.801099,0.795210,0.821517,0.672811,0.720166,0.736769,0.692403,0.647379,0.808585,0.814480,0.156020,0.428930,0.601702,0.606534,0.644228,0.706084,0.667276,0.750171,0.650930,0.664550,0.718007,0.782344,0.799373,0.778336,0.751637,0.574831,0.762176
0.804295,0.826421,0.812605,0.969794,0.809390,0.893340,0.914992,0.915697,0.846927,0.672179,0.971418,0.975622,0.940709,0.969038,0.933622,0.675209,0.591334,0.262096,0.174377,0.871170,0.831795,0.805810,0.468312,0.784150,0.291302,0.828491,0.822687,0.671483,-0.043629,0.267304,0.393042,0.448379,-0.100167,0.722299,1.000000,0.980365,0.935021,0.977831,0.985738,0.967380,0.956465,0.927957,0.946995,0.749048,0.962840,0.981274,0.972878,0.973604,0.953817,0.938008,0.905621,0.059346,0.154256,0.919522,0.922199,0.935759,0.589751,0.966255,0.920676,0.957365,0.952356,0.970562,0.963223,0.948677,0.950938,0.950989,0.833963,0.981301
0.795433,0.821584,0.814401,0.955877,0.802307,0.890960,0.910797,0.908959,0.844940,0.664805,0.957765,0.964746,0.931111,0.956728,0.918937,0.668696,0.588053,0.254221,0.175809,0.856161,0.814152,0.788921,0.460395,0.772708,0.284011,0.819814,0.811770,0.664316,-0.042642,0.269122,0.394342,0.441917,-0.095999,0.710403,0.980365,1.000000,0.925037,0.959162,0.973820,0.957921,0.950407,0.919417,0.937882,0.737245,0.947065,0.969739,0.960713,0.959250,0.940542,0.922013,0.890410,0.047899,0.141780,0.904242,0.903944,0.916570,0.576722,0.950932,0.902566,0.946810,0.943808,0.955898,0.948395,0.931652,0.936544,0.934281,0.822462,0.964460
0.773312,0.805339,0.854261,0.938414,0.780128,0.847833,0.870366,0.861120,0.796687,0.631157,0.917521,0.926751,0.883955,0.915232,0.887029,0.649923,0.573947,0.255470,0.182866,0.828881,0.795848,0.774284,0.445985,0.756990,0.279334,0.798078,0.787617,0.654584,-0.036400,0.252870,0.373267,0.430791,-0.123427,0.692111,0.935021,0.925037,1.000000,0.943352,0.926962,0.906971,0.899006,0.867205,0.885057,0.683632,0.910893,0.937265,0.918361,0.922867,0.906696,0.880614,0.846947,0.017348,0.124572,0.875867,0.874837,0.881520,0.536528,0.915545,0.854875,0.917731,0.918024,0.915217,0.899393,0.883670,0.892818,0.894361,0.796302,0.908674
0.811349,0.830169,0.826734,0.985184,0.815646,0.889989,0.912445,0.911483,0.836127,0.667751,0.964282,0.976607,0.937551,0.962134,0.924275,0.675157,0.598731,0.254855,0.180161,0.857555,0.824353,0.800679,0.455273,0.778721,0.277294,0.825086,0.818632,0.673121,-0.045308,0.271463,0.402178,0.452349,-0.108753,0.730005,0.977831,0.959162,0.943352,1.000000,0.973163,0.955125,0.949602,0.923433,0.933347,0.742848,0.954860,0.981073,0.969128,0.965961,0.945375,0.920526,0.880151,0.032710,0.140925,0.912189,0.914214,0.925720,0.568815,0.950921,0.897958,0.939561,0.930831,0.949553,0.942987,0.928582,0.930852,0.932254,0.820543,0.962222
0.814762,0.836221,0.808166,0.968008,0.822288,0.908575,0.926423,0.930701,0.864341,0.693324,0.973436,0.977013,0.952505,0.973726,0.932205,0.687593,0.605143,0.270203,0.188971,0.869003,0.824137,0.799044,0.475802,0.779949,0.296077,0.826669,0.823861,0.679646,-0.034891,0.281334,0.409503,0.453781,-0.095248,0.732414,0.985738,0.973820,0.926962,0.973163,1.000000,0.975160,0.967171,0.942392,0.957520,0.766693,0.962475,0.978753,0.977104,0.973350,0.950122,0.939269,0.903049,0.056094,0.154797,0.914692,0.910888,0.924769,0.587864,0.953770,0.912325,0.943689,0.939024,0.964939,0.959432,0.945826,0.943151,0.942511,0.817504,0.981786
0.849640,0.866174,0.793666,0.962710,0.858144,0.956270,0.960604,0.975188,0.918917,0.751593,0.968311,0.980176,0.984647,0.976913,0.920342,0.727965,0.643054,0.284069,0.191167,0.861967,0.800449,0.779128,0.500625,0.763187,0.313187,0.818805,0.829037,0.712902,-0.037940,0.294947,0.439022,0.473559,-0.071770,0.772443,0.967380,0.957921,0.906971,0.955125,0.975160,1.000000,0.989780,0.982473,0.989944,0.826692,0.944837,0.971771,0.979668,0.961301,0.931950,0.946264,0.905389,0.055833,0.159493,0.891541,0.870093,0.886471,0.578178,0.917400,0.881046,0.918835,0.911102,0.941257,0.950389,0.936812,0.927953,0.917258,0.771348,0.972534
0.857429,0.872875,0.794243,0.959688,0.869503,0.965183,0.973212,0.980914,0.923163,0.749225,0.963024,0.975461,0.986299,0.973107,0.914359,0.728202,0.651674,0.282671,0.207282,0.854784,0.793373,0.774402,0.491870,0.760877,0.305869,0.818919,0.828893,0.719723,-0.027992,0.319472,0.461142,0.476901,-0.067986,0.779010,0.956465,0.950407,0.899006,0.949602,0.967171,0.989780,1.000000,0.985101,0.981984,0.822480,0.939213,0.967262,0.976825,0.956213,0.928046,0.934998,0.889747,0.046181,0.156303,0.888391,0.859373,0.874301,0.568474,0.904700,0.860964,0.911277,0.899400,0.926929,0.932802,0.919968,0.910106,0.897575,0.758047,0.960013
0.868186,0.876558,0.766684,0.938462,0.886180,0.978199,0.969600,0.995582,0.939498,0.799152,0.946315,0.958711,0.993376,0.960496,0.892527,0.749521,0.679281,0.306024,0.230920,0.838064,0.772409,0.756742,0.500519,0.745218,0.311272,0.802809,0.826017,0.734928,-0.015776,0.337382,0.480037,0.494125,-0.041211,0.801099,0.927957,0.919417,0.867205,0.923433,0.942392,0.982473,0.985101,1.000000,0.983122,0.868911,0.915701,0.943577,0.963658,0.934439,0.901455,0.930084,0.883476,0.063137,0.184618,0.860426,0.825595,0.843546,0.577565,0.870698,0.837718,0.876504,0.862904,0.901113,0.913701,0.904478,0.887470,0.873022,0.721167,0.945138
0.863976,0.873023,0.779542,0.947112,0.868333,0.962322,0.958869,0.978366,0.933693,0.801246,0.950789,0.962251,0.980317,0.959940,0.899527,0.753936,0.671100,0.324518,0.219614,0.846116,0.788091,0.772768,0.526902,0.758898,0.338662,0.814555,0.833153,0.739657,-0.011521,0.305424,0.437133,0.499610,-0.049728,0.795210,0.946995,0.937882,0.885057,0.933347,0.957520,0.989944,0.981984,0.983122,1.000000,0.868883,0.922722,0.951173,0.962817,0.939267,0.907067,0.954729,0.916186,0.096551,0.216000,0.864194,0.843069,0.863889,0.610658,0.894457,0.872509,0.895648,0.892077,0.927603,0.943586,0.934973,0.920773,0.906148,0.751468,0.963730
0.829387,0.808561,0.619910,0.767297,0.838350,0.847788,0.822439,0.866097,0.827409,0.926878,0.767298,0.774346,0.848202,0.777222,0.696663,0.808366,0.756663,0.466043,0.330260,0.656449,0.646250,0.656812,0.583601,0.653109,0.407219,0.699063,0.768536,0.755419,0.108544,0.331362,0.422751,0.578216,0.037554,0.821517,0.749048,0.737245,0.683632,0.742848,0.766693,0.826692,0.822480,0.868911,0.868883,1.000000,0.731472,0.752037,0.783815,0.741674,0.693252,0.857989,0.825150,0.184504,0.403167,0.647495,0.641664,0.675123,0.666844,0.689638,0.732226,0.677774,0.685304,0.746883,0.790135,0.806168,0.770932,0.744832,0.576246,0.806902
0.752430,0.773832,0.780120,0.943257,0.769053,0.888640,0.904237,0.906770,0.862185,0.674010,0.989867,0.959877,0.928063,0.982353,0.972749,0.617271,0.572162,0.247707,0.217403,0.925835,0.875158,0.846935,0.413483,0.825575,0.249192,0.849251,0.813494,0.613895,-0.021607,0.341806,0.459293,0.424473,-0.089155,0.672811,0.962840,0.947065,0.910893,0.954860,0.962475,0.944837,0.939213,0.915701,0.922722,0.731472,1.000000,0.971848,0.968727,0.994012,0.985034,0.904204,0.859284,0.073325,0.153636,0.966006,0.949088,0.951744,0.544638,0.956726,0.868288,0.960819,0.932459,0.935729,0.916480,0.897282,0.897645,0.902298,0.812393,0.948166
0.805561,0.828784,0.813967,0.975115,0.815916,0.915737,0.933622,0.934464,0.871553,0.680018,0.982153,0.985078,0.955675,0.982186,0.946932,0.665748,0.593302,0.246389,0.183241,0.884949,0.838450,0.813039,0.442776,0.793918,0.265278,0.835171,0.820521,0.663607,-0.049431,0.293227,0.433741,0.442426,-0.097360,0.720166,0.981274,0.969739,0.937265,0.981073,0.978753,0.971771,0.967262,0.943577,0.951173,0.752037,0.971848,1.000000,0.988812,0.985071,0.969457,0.925692,0.881584,0.038463,0.135267,0.936782,0.924382,0.931458,0.557052,0.956635,0.886102,0.959817,0.946253,0.955581,0.942151,0.923846,0.927352,0.922826,0.813718,0.965971
0.817207,0.837329,0.803099,0.965918,0.832089,0.931461,0.944900,0.953800,0.891241,0.711035,0.983516,0.984367,0.973544,0.987674,0.941477,0.680746,0.614474,0.262275,0.206021,0.878800,0.819503,0.793433,0.450145,0.775059,0.272018,0.826827,0.824415,0.673956,-0.035050,0.319482,0.457659,0.453683,-0.082177,0.736769,0.972878,0.960713,0.918361,0.969128,0.977104,0.979668,0.976825,0.963658,0.962817,0.783815,0.968727,0.988812,1.000000,0.983638,0.963057,0.927505,0.880186,0.041491,0.145692,0.930876,0.907487,0.917595,0.564885,0.940497,0.878973,0.941988,0.923928,0.944908,0.938491,0.921222,0.918857,0.913710,0.795034,0.968259
0.774925,0.798973,0.796178,0.957320,0.791214,0.906406,0.922166,0.925279,0.873269,0.677599,0.993461,0.974295,0.946542,0.990971,0.970797,0.635414,0.579883,0.243345,0.205877,0.918059,0.863041,0.834226,0.422080,0.814180,0.252250,0.844515,0.817634,0.634084,-0.033177,0.330172,0.458782,0.428223,-0.090654,0.692403,0.973604,0.959250,0.922867,0.965961,0.973350,0.961301,0.956213,0.934439,0.939267,0.741674,0.994012,0.985071,0.983638,1.000000,0.988231,0.914947,0.868970,0.054154,0.140808,0.965447,0.944863,0.948163,0.548338,0.960643,0.876898,0.966661,0.941519,0.946335,0.928855,0.909056,0.910471,0.911981,0.813283,0.959397
0.734068,0.760082,0.773505,0.935511,0.748886,0.878408,0.895582,0.893953,0.854364,0.639954,0.981589,0.953315,0.915610,0.977472,0.984214,0.585311,0.538148,0.227644,0.210629,0.943865,0.881504,0.849654,0.388927,0.827300,0.230344,0.846429,0.798455,0.595492,-0.025089,0.347458,0.452096,0.393055,-0.087448,0.647379,0.953817,0.940542,0.906696,0.945375,0.950122,0.931950,0.928046,0.901455,0.907067,0.693252,0.985034,0.969457,0.963057,0.988231,1.000000,0.883817,0.839907,0.069485,0.136849,0.988808,0.963002,0.957883,0.522933,0.960037,0.850280,0.973610,0.937470,0.927139,0.898867,0.876058,0.880912,0.888311,0.807746,0.933204
0.863126,0.865352,0.770379,0.930095,0.857221,0.904849,0.912954,0.922980,0.869491,0.795184,0.925727,0.927547,0.930391,0.927065,0.878252,0.779199,0.687710,0.401013,0.256906,0.830310,0.799367,0.790815,0.577978,0.776518,0.399122,0.827537,0.859819,0.760352,0.034437,0.281554,0.368697,0.539425,-0.041325,0.808585,0.938008,0.922013,0.880614,0.920526,0.939269,0.946264,0.934998,0.930084,0.954729,0.857989,0.904204,0.925692,0.927505,0.914947,0.883817,1.000000,0.960075,0.158359,0.304590,0.843642,0.848384,0.875530,0.692693,0.904556,0.914518,0.887885,0.896648,0.937934,0.957434,0.958417,0.947877,0.935577,0.788326,0.963867
0.855708,0.848994,0.748805,0.893982,0.838192,0.858569,0.870954,0.877754,0.822606,0.770368,0.880740,0.885452,0.885133,0.883124,0.842600,0.775573,0.670173,0.453363,0.258599,0.810661,0.777193,0.771783,0.625636,0.755124,0.454691,0.806138,0.838429,0.771266,0.067243,0.250609,0.303378,0.564244,-0.038289,0.814480,0.905621,0.890410,0.846947,0.880151,0.903049,0.905389,0.889747,0.883476,0.916186,0.825150,0.859284,0.881584,0.880186,0.868970,0.839907,0.960075,1.000000,0.241137,0.374747,0.799219,0.817418,0.847589,0.739153,0.879613,0.923083,0.857111,0.871277,0.914013,0.950950,0.962079,0.953656,0.941182,0.784987,0.939527
0.117579,0.055543,0.018276,0.044410,0.053819,0.062735,0.042076,0.066960,0.137679,0.270672,0.076357,0.040312,0.047657,0.066752,0.114551,0.111127,0.081548,0.503217,0.333173,0.192168,0.157744,0.172769,0.358227,0.167970,0.388068,0.162504,0.156512,0.198692,0.427250,0.187648,-0.089296,0.275678,0.127801,0.156020,0.059346,0.047899,0.017348,0.032710,0.056094,0.055833,0.046181,0.063137,0.096551,0.184504,0.073325,0.038463,0.041491,0.054154,0.069485,0.158359,0.241137,1.000000,0.650909,0.078042,0.104155,0.114752,0.353135,0.088543,0.152210,0.071512,0.067812,0.093915,0.113826,0.139844,0.112133,0.129576,0.109386,0.110894
0.345212,0.278682,0.143395,0.159326,0.304431,0.183819,0.175308,0.188926,0.198258,0.485890,0.165126,0.139556,0.169103,0.156302,0.172582,0.400288,0.380440,0.721441,0.502816,0.216409,0.259355,0.291373,0.565737,0.298200,0.569564,0.299489,0.351223,0.445424,0.529591,0.278350,0.028559,0.495389,0.143135,0.428930,0.154256,0.141780,0.124572,0.140925,0.154797,0.159493,0.156303,0.184618,0.216000,0.403167,0.153636,0.135267,0.145692,0.140808,0.136849,0.304590,0.374747,0.650909,1.000000,0.135164,0.162795,0.190440,0.709235,0.163527,0.301210,0.132799,0.150432,0.200641,0.252058,0.301293,0.268668,0.263343,0.181299,0.222105
0.686981,0.712540,0.747106,0.899846,0.703129,0.840054,0.857910,0.853444,0.824553,0.604956,0.957254,0.918860,0.876222,0.951910,0.979034,0.536344,0.504024,0.216858,0.227647,0.951062,0.882074,0.847062,0.355674,0.821236,0.210108,0.827471,0.766099,0.550491,-0.007667,0.373099,0.457294,0.364977,-0.085339,0.601702,0.919522,0.904242,0.875867,0.912189,0.914692,0.891541,0.888391,0.860426,0.864194,0.647495,0.966006,0.936782,0.930876,0.965447,0.988808,0.843642,0.799219,0.078042,0.135164,1.000000,0.965003,0.952801,0.499295,0.943683,0.817769,0.956779,0.909315,0.892364,0.858534,0.833822,0.839706,0.853614,0.788774,0.896375
0.683862,0.704729,0.746930,0.896572,0.689512,0.798465,0.823001,0.814886,0.778588,0.594414,0.937689,0.903349,0.843918,0.925075,0.956416,0.550061,0.504595,0.245249,0.216328,0.922980,0.912925,0.884105,0.379628,0.853003,0.231392,0.841707,0.782574,0.556756,-0.007788,0.328604,0.402126,0.391842,-0.090520,0.606534,0.922199,0.903944,0.874837,0.914214,0.910888,0.870093,0.859373,0.825595,0.843069,0.641664,0.949088,0.924382,0.907487,0.944863,0.963002,0.848384,0.817418,0.104155,0.162795,0.965003,1.000000,0.989388,0.539762,0.970043,0.854026,0.954038,0.918003,0.902265,0.874528,0.854036,0.862704,0.878507,0.829240,0.899054
0.716285,0.731997,0.757887,0.910930,0.717406,0.812628,0.836528,0.832216,0.788884,0.626463,0.945388,0.915037,0.861060,0.933394,0.954703,0.585976,0.532977,0.272269,0.220669,0.918342,0.916179,0.890754,0.413165,0.859963,0.256996,0.853153,0.806483,0.593180,-0.006322,0.318383,0.392780,0.425699,-0.091030,0.644228,0.935759,0.916570,0.881520,0.925720,0.924769,0.886471,0.874301,0.843546,0.863889,0.675123,0.951744,0.931458,0.917595,0.948163,0.957883,0.875530,0.847589,0.114752,0.190440,0.952801,0.989388,1.000000,0.581052,0.979028,0.885189,0.952536,0.923937,0.919942,0.902227,0.884488,0.889460,0.904964,0.838591,0.920975
0.687831,0.661825,0.507117,0.585744,0.669834,0.555984,0.572744,0.572689,0.513463,0.651888,0.564328,0.560410,0.577839,0.563234,0.538300,0.682272,0.606528,0.633001,0.422751,0.525566,0.573900,0.593009,0.678546,0.592834,0.578763,0.621697,0.692342,0.707311,0.319537,0.308433,0.211672,0.581638,0.037850,0.706084,0.589751,0.576722,0.536528,0.568815,0.587864,0.578178,0.568474,0.577565,0.610658,0.666844,0.544638,0.557052,0.564885,0.548338,0.522933,0.692693,0.739153,0.353135,0.709235,0.499295,0.539762,0.581052,1.000000,0.591130,0.757803,0.544909,0.571926,0.624846,0.690150,0.720271,0.696129,0.695503,0.549106,0.648683
0.747604,0.771702,0.789899,0.938892,0.750638,0.838798,0.867186,0.859006,0.801204,0.626197,0.955155,0.940120,0.888657,0.947070,0.944108,0.617916,0.545991,0.261830,0.198047,0.895335,0.875451,0.847569,0.432507,0.820117,0.267866,0.840484,0.810398,0.622751,-0.028835,0.290467,0.382442,0.425693,-0.097345,0.667276,0.966255,0.950932,0.915545,0.950921,0.953770,0.917400,0.904700,0.870698,0.894457,0.689638,0.956726,0.956635,0.940497,0.960643,0.960037,0.904556,0.879613,0.088543,0.163527,0.943683,0.970043,0.979028,0.591130,1.000000,0.917412,0.969986,0.956121,0.954199,0.937513,0.919962,0.926493,0.938466,0.858992,0.950545
0.801081,0.812128,0.756376,0.889261,0.793111,0.796068,0.826944,0.822175,0.742382,0.657896,0.879500,0.884940,0.851660,0.876911,0.840871,0.710931,0.611992,0.388439,0.239962,0.788697,0.780836,0.764530,0.574176,0.743714,0.410034,0.795152,0.819178,0.712546,0.050910,0.258381,0.304633,0.516675,-0.083828,0.750171,0.920676,0.902566,0.854875,0.897958,0.912325,0.881046,0.860964,0.837718,0.872509,0.732226,0.868288,0.886102,0.878973,0.876898,0.850280,0.914518,0.923083,0.152210,0.301210,0.817769,0.854026,0.885189,0.757803,0.917412,1.000000,0.877895,0.895732,0.930213,0.959422,0.956904,0.951112,0.957031,0.816618,0.937219
0.739273,0.770146,0.788835,0.931481,0.748999,0.856826,0.880664,0.869812,0.823597,0.618606,0.957333,0.937918,0.892398,0.951037,0.954334,0.595834,0.531015,0.222776,0.179770,0.911449,0.871019,0.842244,0.400224,0.820131,0.235069,0.833148,0.791207,0.607398,-0.047260,0.299250,0.420139,0.391156,-0.089075,0.650930,0.957365,0.946810,0.917731,0.939561,0.943689,0.918835,0.911277,0.876504,0.895648,0.677774,0.960819,0.959817,0.941988,0.966661,0.973610,0.887885,0.857111,0.071512,0.132799,0.956779,0.954038,0.952536,0.544909,0.969986,0.877895,1.000000,0.975514,0.944969,0.913306,0.891836,0.900737,0.910984,0.835532,0.930232
0.750135,0.781969,0.792661,0.923775,0.755157,0.843833,0.868920,0.856211,0.801026,0.622849,0.933094,0.922725,0.877704,0.926730,0.914556,0.621442,0.541077,0.242553,0.173258,0.865961,0.830404,0.806586,0.426833,0.784991,0.260685,0.810927,0.784557,0.630003,-0.045903,0.268420,0.382819,0.413778,-0.084361,0.664550,0.952356,0.943808,0.918024,0.930831,0.939024,0.911102,0.899400,0.862904,0.892077,0.685304,0.932459,0.946253,0.923928,0.941519,0.937470,0.896648,0.871277,0.067812,0.150432,0.909315,0.918003,0.923937,0.571926,0.956121,0.895732,0.975514,1.000000,0.961399,0.924915,0.906618,0.914762,0.924508,0.843494,0.930676
0.794011,0.819554,0.797699,0.943368,0.797036,0.868148,0.887938,0.889623,0.824132,0.680785,0.945548,0.945669,0.914342,0.942510,0.907142,0.682486,0.595146,0.296121,0.194859,0.850293,0.817490,0.794712,0.484780,0.772714,0.311474,0.817810,0.818664,0.678513,-0.022272,0.269236,0.367243,0.458437,-0.086263,0.718007,0.970562,0.955898,0.915217,0.949553,0.964939,0.941257,0.926929,0.901113,0.927603,0.746883,0.935729,0.955581,0.944908,0.946335,0.927139,0.937934,0.914013,0.093915,0.200641,0.892364,0.902265,0.919942,0.624846,0.954199,0.930213,0.944969,0.961399,1.000000,0.961545,0.950832,0.949290,0.956842,0.840206,0.971656
0.844687,0.853943,0.790717,0.942916,0.840100,0.876552,0.896948,0.901417,0.823813,0.713654,0.933593,0.944320,0.924168,0.934494,0.886469,0.738951,0.635168,0.353256,0.204011,0.828399,0.803416,0.786047,0.560230,0.765979,0.379320,0.821309,0.843071,0.735684,-0.002324,0.249447,0.341245,0.510882,-0.080477,0.782344,0.963223,0.948395,0.899393,0.942987,0.959432,0.950389,0.932802,0.913701,0.943586,0.790135,0.916480,0.942151,0.938491,0.928855,0.898867,0.957434,0.950950,0.113826,0.252058,0.858534,0.874528,0.902227,0.690150,0.937513,0.959422,0.913306,0.924915,0.961545,1.000000,0.983850,0.977290,0.972633,0.822861,0.975409
0.853736,0.857651,0.778710,0.932034,0.847819,0.866063,0.884016,0.892948,0.812217,0.732227,0.916009,0.928364,0.912573,0.917033,0.867954,0.759430,0.650493,0.382929,0.208690,0.812095,0.791604,0.777538,0.587253,0.757126,0.406851,0.812315,0.844252,0.753167,0.012057,0.230281,0.321672,0.530548,-0.064038,0.799373,0.948677,0.931652,0.883670,0.928582,0.945826,0.936812,0.919968,0.904478,0.934973,0.806168,0.897282,0.923846,0.921222,0.909056,0.876058,0.958417,0.962079,0.139844,0.301293,0.833822,0.854036,0.884488,0.720271,0.919962,0.956904,0.891836,0.906618,0.950832,0.983850,1.000000,0.979574,0.972196,0.819530,0.968080
0.839183,0.849491,0.788567,0.929616,0.828749,0.852496,0.876980,0.875811,0.799577,0.695979,0.914003,0.924775,0.899046,0.912812,0.868985,0.739014,0.631172,0.369798,0.200415,0.812497,0.797438,0.781021,0.579404,0.762355,0.405433,0.812387,0.836628,0.736475,0.009776,0.219888,0.314371,0.522978,-0.072459,0.778336,0.950938,0.936544,0.892818,0.930852,0.943151,0.927953,0.910106,0.887470,0.920773,0.770932,0.897645,0.927352,0.918857,0.910471,0.880912,0.947877,0.953656,0.112133,0.268668,0.839706,0.862704,0.889460,0.696129,0.926493,0.951112,0.900737,0.914762,0.949290,0.977290,0.979574,1.000000,0.972040,0.830431,0.960693
