1.000000,0.965482,0.386033,0.633152,0.938338,0.799178,0.691136,0.618379,0.741720,0.687579,0.377581,0.609752,0.561942,0.381235,0.376666,0.638192,0.721934,0.063586,0.492635,0.309558,0.322012,0.295992,0.820549,0.299760,0.901066,0.614552,0.817671,0.950587,0.880899,0.741407,0.503653,0.153825,0.163894,0.946610,0.578705,0.574495,0.490990,0.608642,0.573195,0.568396,0.607531,0.599785,0.523154,0.531147,0.425712,0.604857,0.496039,0.461525,0.460937,0.575713,0.431217,0.018088,0.207059,0.397271,0.467539,0.486117,0.395619,0.511510,0.442912,0.447762,0.484086,0.485096,0.482133,0.432318,0.479650,0.467916,0.484017,0.529706
0.965482,1.000000,0.437806,0.729421,0.950277,0.833483,0.781060,0.699612,0.755030,0.679370,0.428232,0.702589,0.637723,0.434763,0.455370,0.593279,0.667458,0.075446,0.440301,0.377945,0.416648,0.392640,0.774019,0.398798,0.866709,0.694677,0.843160,0.922335,0.849110,0.685180,0.455092,0.136902,0.177595,0.904837,0.649132,0.651392,0.571608,0.698013,0.647610,0.640749,0.694708,0.677805,0.596241,0.536884,0.501637,0.699329,0.587715,0.549082,0.551253,0.596302,0.433837,0.039633,0.224259,0.484424,0.548113,0.564473,0.416124,0.583637,0.485978,0.490772,0.529318,0.547281,0.533599,0.468734,0.522750,0.509889,0.539910,0.595165
0.386033,0.437806,1.000000,0.518185,0.415781,0.381743,0.457106,0.416289,0.318691,0.258479,0.269566,0.471769,0.387652,0.274504,0.320038,0.184096,0.211974,0.020957,0.128142,0.264025,0.334154,0.322709,0.311949,0.336789,0.371878,0.392204,0.382230,0.383136,0.349639,0.220302,0.102924,0.069687,0.081490,0.347833,0.420292,0.436379,0.571022,0.503561,0.434692,0.413416,0.454862,0.427693,0.369685,0.217693,0.340771,0.482784,0.403829,0.377364,0.387113,0.283078,0.172392,-0.002077,0.113040,0.348456,0.376325,0.374631,0.222152,0.371792,0.280481,0.263307,0.301118,0.362888,0.331826,0.256589,0.293775,0.285694,0.315183,0.381754
0.633152,0.729421,0.518185,1.000000,0.684453,0.707970,0.899524,0.837035,0.593896,0.453186,0.579506,0.951647,0.785325,0.595584,0.693190,0.327297,0.319073,0.049052,0.110416,0.589278,0.693112,0.685504,0.448216,0.679811,0.574475,0.771320,0.673850,0.622311,0.536546,0.312587,0.218796,0.106361,0.206838,0.533153,0.897562,0.898921,0.814004,0.969075,0.910654,0.876067,0.927649,0.868650,0.809864,0.419416,0.747736,0.971557,0.858256,0.829841,0.831089,0.580426,0.383053,0.081663,0.245334,0.764975,0.813790,0.829735,0.461998,0.817977,0.619391,0.567302,0.608871,0.761560,0.716064,0.596565,0.685956,0.673328,0.712799,0.841456
0.938338,0.950277,0.415781,0.684453,1.000000,0.863993,0.767498,0.708021,0.778693,0.709962,0.323960,0.661010,0.644395,0.331813,0.338514,0.606176,0.715174,0.000207,0.457930,0.259093,0.321857,0.304411,0.776320,0.309309,0.853692,0.603057,0.790378,0.905141,0.886428,0.743116,0.469354,0.091783,0.142918,0.934730,0.626199,0.621633,0.518173,0.653305,0.628409,0.638764,0.670256,0.675431,0.596506,0.557138,0.403032,0.643528,0.544528,0.459777,0.456231,0.612896,0.464212,-0.019599,0.259626,0.381691,0.511439,0.541511,0.476104,0.576717,0.522989,0.497221,0.529126,0.548022,0.564668,0.518802,0.556419,0.544081,0.551276,0.589064
0.799178,0.833483,0.381743,0.707970,0.863993,1.000000,0.855735,0.853883,0.960388,0.842524,0.307354,0.740905,0.800945,0.335275,0.379191,0.642956,0.672454,0.005663,0.372093,0.313501,0.358302,0.337204,0.576264,0.334884,0.704781,0.616757,0.725948,0.749177,0.794387,0.644189,0.461014,0.080426,0.216501,0.761852,0.639216,0.634293,0.508447,0.652431,0.653231,0.702723,0.759429,0.793089,0.731071,0.740944,0.414889,0.694254,0.666012,0.510873,0.501115,0.717921,0.498860,-0.024244,0.165408,0.439638,0.531575,0.549978,0.362842,0.565086,0.475470,0.481806,0.532935,0.563411,0.553185,0.508760,0.572555,0.536763,0.534253,0.610450
0.691136,0.781060,0.457106,0.899524,0.767498,0.855735,1.000000,0.969913,0.763762,0.585488,0.386848,0.944444,0.935023,0.423532,0.517127,0.373167,0.374866,0.008374,0.139767,0.422143,0.531558,0.531077,0.480572,0.540749,0.610386,0.728904,0.694450,0.675740,0.636212,0.384450,0.226785,0.054651,0.216880,0.608305,0.790995,0.793862,0.671958,0.829973,0.827792,0.875668,0.952000,0.956695,0.885927,0.590054,0.572723,0.898082,0.875770,0.697659,0.673827,0.663597,0.438093,0.034037,0.236723,0.604101,0.678657,0.711700,0.422014,0.704768,0.539749,0.508381,0.571151,0.690360,0.662484,0.585414,0.674253,0.633897,0.636285,0.781759
0.618379,0.699612,0.416289,0.837035,0.708021,0.853883,0.969913,1.000000,0.778037,0.592738,0.282745,0.916927,0.976398,0.331208,0.428426,0.353870,0.347284,-0.039750,0.094331,0.338241,0.451268,0.458915,0.415091,0.469500,0.547332,0.628949,0.599167,0.608088,0.598009,0.355809,0.212517,0.026061,0.208897,0.546732,0.743790,0.736637,0.598359,0.755537,0.790063,0.868361,0.940248,0.975093,0.916823,0.642488,0.489998,0.845851,0.878075,0.636484,0.598460,0.672702,0.444081,0.001620,0.215946,0.532025,0.625968,0.664693,0.405329,0.656990,0.516057,0.489921,0.558610,0.666731,0.648180,0.591419,0.685400,0.628360,0.608414,0.756562
0.741720,0.755030,0.318691,0.593896,0.778693,0.960388,0.763762,0.778037,1.000000,0.913762,0.264671,0.638970,0.730772,0.297053,0.315528,0.708289,0.706212,0.022085,0.404232,0.268709,0.268863,0.240913,0.524211,0.236057,0.652171,0.514471,0.648598,0.683367,0.761245,0.648240,0.499406,0.097251,0.235815,0.706588,0.547478,0.538523,0.420665,0.543617,0.555403,0.613565,0.663392,0.712981,0.673535,0.816049,0.328274,0.585500,0.569107,0.414361,0.407024,0.724685,0.508642,-0.028799,0.109518,0.355748,0.438511,0.451327,0.289395,0.469298,0.398706,0.425526,0.478484,0.488170,0.471060,0.447040,0.506729,0.466134,0.453101,0.522252
0.687579,0.679370,0.258479,0.453186,0.709962,0.842524,0.585488,0.592738,0.913762,1.000000,0.238527,0.455601,0.526030,0.260041,0.221656,0.841965,0.823330,0.013812,0.496945,0.187031,0.149821,0.114720,0.525117,0.103957,0.622071,0.353461,0.542892,0.627528,0.725848,0.716092,0.613576,0.110120,0.223608,0.679369,0.475586,0.454504,0.340328,0.442677,0.461111,0.493502,0.493682,0.545385,0.532066,0.868351,0.220643,0.425205,0.351526,0.263959,0.274560,0.721812,0.542015,-0.061033,0.117773,0.226394,0.356377,0.365676,0.323443,0.416055,0.418025,0.408658,0.443522,0.443134,0.449279,0.447828,0.472497,0.450757,0.420387,0.440499
0.377581,0.428232,0.269566,0.579506,0.323960,0.307354,0.386848,0.282745,0.264671,0.238527,1.000000,0.491440,0.231458,0.988559,0.908500,0.309405,0.215849,0.273735,0.134004,0.854753,0.735208,0.698833,0.215742,0.678423,0.305321,0.576694,0.482005,0.344440,0.205868,0.148084,0.283297,0.193851,0.213384,0.267230,0.546219,0.550086,0.520890,0.597624,0.482550,0.331922,0.403152,0.294872,0.278250,0.114107,0.889946,0.592577,0.436373,0.796931,0.805454,0.217722,0.128546,0.246362,0.060241,0.775226,0.600213,0.562972,0.152923,0.510794,0.314715,0.423729,0.428696,0.421210,0.283745,0.159196,0.245906,0.280567,0.410883,0.423375
0.609752,0.702589,0.471769,0.951647,0.661010,0.740905,0.944444,0.916927,0.638970,0.455601,0.491440,1.000000,0.900300,0.526594,0.632341,0.295620,0.268148,0.045748,0.059683,0.528175,0.628707,0.628833,0.393257,0.636945,0.530676,0.737911,0.634202,0.598489,0.522721,0.266844,0.172658,0.085919,0.212865,0.504629,0.840446,0.842747,0.734848,0.889461,0.874865,0.891875,0.968561,0.934718,0.879387,0.471040,0.699038,0.969767,0.937199,0.816548,0.784350,0.598218,0.394470,0.089228,0.228534,0.717027,0.737474,0.765232,0.406113,0.742134,0.538416,0.513307,0.575900,0.714462,0.668905,0.574827,0.678750,0.641839,0.659039,0.815803
0.561942,0.637723,0.387652,0.785325,0.644395,0.800945,0.935023,0.976398,0.730772,0.526030,0.231458,0.900300,1.000000,0.293236,0.375662,0.287322,0.274483,-0.035859,0.059710,0.281837,0.399747,0.417186,0.359332,0.436556,0.480583,0.572544,0.539539,0.555408,0.541206,0.291306,0.149721,0.011506,0.185647,0.492870,0.678338,0.672131,0.540765,0.688960,0.733665,0.832115,0.912901,0.951211,0.906108,0.607701,0.445773,0.809898,0.890114,0.605473,0.544622,0.638655,0.433096,0.018014,0.230159,0.473760,0.553447,0.603697,0.374268,0.586747,0.447218,0.427658,0.499646,0.603654,0.594120,0.554073,0.650002,0.580822,0.547386,0.712768
0.381235,0.434763,0.274504,0.595584,0.331813,0.335275,0.423532,0.331208,0.297053,0.260041,0.988559,0.526594,0.293236,1.000000,0.902407,0.307663,0.204381,0.271240,0.113715,0.843932,0.725377,0.694093,0.211569,0.678438,0.304049,0.564085,0.473132,0.348262,0.210446,0.137520,0.272449,0.184464,0.221055,0.267075,0.554969,0.553271,0.520875,0.602240,0.496109,0.363753,0.439170,0.340174,0.330095,0.160637,0.874726,0.611269,0.479834,0.801220,0.796603,0.247991,0.154024,0.258504,0.079377,0.760444,0.594331,0.565511,0.168492,0.513100,0.315702,0.421586,0.434595,0.430798,0.299018,0.183244,0.273888,0.302732,0.419782,0.445269
0.376666,0.455370,0.320038,0.693190,0.338514,0.379191,0.517127,0.428426,0.315528,0.221656,0.908500,0.632341,0.375662,0.902407,1.000000,0.248845,0.108104,0.310551,-0.011676,0.974608,0.883305,0.837184,0.112936,0.811115,0.262501,0.716890,0.508172,0.337961,0.172775,0.032946,0.208953,0.207396,0.260800,0.221276,0.608429,0.630665,0.612032,0.682360,0.565344,0.434258,0.545043,0.434207,0.383669,0.140353,0.914834,0.718965,0.601432,0.885773,0.936390,0.219923,0.041527,0.273042,-0.093650,0.943396,0.697815,0.624714,0.034798,0.542835,0.298084,0.437703,0.465424,0.469807,0.290655,0.116544,0.235176,0.264270,0.424430,0.463457
0.638192,0.593279,0.184096,0.327297,0.606176,0.642956,0.373167,0.353870,0.708289,0.841965,0.309405,0.295620,0.287322,0.307663,0.248845,1.000000,0.886907,0.083759,0.531846,0.232135,0.128590,0.074814,0.486709,0.069668,0.569464,0.270838,0.468726,0.568250,0.634967,0.709708,0.707411,0.149177,0.213133,0.626445,0.356322,0.344563,0.262884,0.343551,0.325075,0.315782,0.310644,0.331615,0.301529,0.647377,0.225610,0.297139,0.180072,0.213598,0.238223,0.536306,0.408589,-0.014995,0.042128,0.207643,0.256960,0.243742,0.231199,0.296547,0.315536,0.290975,0.312185,0.301913,0.311191,0.297897,0.302677,0.297874,0.296232,0.284293
0.721934,0.667458,0.211974,0.319073,0.715174,0.672454,0.374866,0.347284,0.706212,0.823330,0.215849,0.268148,0.274483,0.204381,0.108104,0.886907,1.000000,0.011677,0.698251,0.061073,0.012485,-0.024753,0.681277,-0.028640,0.709392,0.233816,0.516752,0.677297,0.800564,0.898705,0.725137,0.138096,0.145662,0.778834,0.380920,0.364078,0.254094,0.353716,0.356942,0.353551,0.308570,0.335679,0.309521,0.611330,0.150447,0.275043,0.137179,0.134393,0.150579,0.587633,0.517423,-0.074418,0.221818,0.089812,0.250361,0.273348,0.412118,0.349643,0.415461,0.331512,0.335428,0.339087,0.405813,0.417051,0.401965,0.395326,0.364294,0.342868
0.063586,0.075446,0.020957,0.049052,0.000207,0.005663,0.008374,-0.039750,0.022085,0.013812,0.273735,0.045748,-0.035859,0.271240,0.310551,0.083759,0.011677,1.000000,0.372569,0.352504,0.220988,0.193769,-0.007466,0.201394,0.003445,0.187829,0.112445,0.039879,-0.028476,-0.015113,0.135495,0.523260,0.258048,0.024869,-0.065824,-0.025198,0.067307,0.032266,-0.061907,-0.087646,-0.013694,-0.046486,-0.087195,-0.026936,0.227445,0.071591,0.049010,0.189650,0.209603,-0.015144,-0.012529,0.814271,0.087512,0.248571,-0.045819,-0.095118,-0.241897,-0.131074,-0.180666,-0.123513,-0.096421,-0.122818,-0.185575,-0.226466,-0.199136,-0.211323,-0.153568,-0.138810
0.492635,0.440301,0.128142,0.110416,0.457930,0.372093,0.139767,0.094331,0.404232,0.496945,0.134004,0.059683,0.059710,0.113715,-0.011676,0.531846,0.698251,0.372569,1.000000,-0.056174,-0.111656,-0.130754,0.584648,-0.117736,0.525220,0.108874,0.357315,0.473101,0.593147,0.749239,0.559645,0.295945,0.107515,0.577047,0.117734,0.123814,0.128287,0.147509,0.110457,0.108409,0.072339,0.088407,0.074846,0.322860,0.061247,0.082978,-0.028498,0.009521,0.002178,0.396308,0.456540,0.253514,0.415713,-0.056948,-0.005443,0.032699,0.267311,0.098078,0.158188,0.100386,0.095618,0.082761,0.152400,0.202127,0.177417,0.148217,0.119924,0.106667
0.309558,0.377945,0.264025,0.589278,0.259093,0.313501,0.422143,0.338241,0.268709,0.187031,0.854753,0.528175,0.281837,0.843932,0.974608,0.232135,0.061073,0.352504,-0.056174,1.000000,0.862647,0.803133,0.021742,0.766431,0.183254,0.657621,0.437185,0.262541,0.096785,-0.027903,0.200281,0.213684,0.268613,0.142653,0.503610,0.532949,0.529388,0.576722,0.457424,0.320200,0.441532,0.334488,0.272251,0.100280,0.832725,0.612210,0.501111,0.797316,0.877420,0.127745,-0.068471,0.285587,-0.233874,0.920025,0.631736,0.529705,-0.112415,0.434268,0.199627,0.374692,0.403128,0.375502,0.168315,-0.019963,0.099525,0.136045,0.317569,0.338411
0.322012,0.416648,0.334154,0.693112,0.321857,0.358302,0.531558,0.451268,0.268863,0.149821,0.735208,0.628707,0.399747,0.725377,0.883305,0.128590,0.012485,0.220988,-0.111656,0.862647,1.000000,0.983145,0.086466,0.952395,0.232664,0.713487,0.468099,0.303308,0.153087,-0.034819,0.073700,0.159220,0.200178,0.177125,0.607965,0.627663,0.595921,0.682752,0.574640,0.447163,0.552938,0.453405,0.386733,0.083875,0.812588,0.704691,0.612575,0.814863,0.872055,0.198100,0.011457,0.251158,-0.064798,0.883264,0.761160,0.683858,0.051659,0.585547,0.320346,0.452985,0.464589,0.480205,0.316125,0.119485,0.237406,0.276775,0.459615,0.483473
0.295992,0.392640,0.322709,0.685504,0.304411,0.337204,0.531077,0.458915,0.240913,0.114720,0.698833,0.628833,0.417186,0.694093,0.837184,0.074814,-0.024753,0.193769,-0.130754,0.803133,0.983145,1.000000,0.089860,0.965237,0.220196,0.686640,0.445761,0.289074,0.141044,-0.055119,0.030635,0.138015,0.173842,0.161598,0.607129,0.618165,0.573350,0.672957,0.577006,0.458306,0.556227,0.463877,0.406849,0.065303,0.788834,0.696693,0.623345,0.799198,0.842437,0.205910,0.034040,0.262458,-0.002013,0.844695,0.765403,0.702553,0.095589,0.599390,0.334432,0.462085,0.465288,0.481904,0.335172,0.149189,0.266329,0.301406,0.479080,0.503793
0.820549,0.774019,0.311949,0.448216,0.776320,0.576264,0.480572,0.415091,0.524211,0.525117,0.215742,0.393257,0.359332,0.211569,0.112936,0.486709,0.681277,-0.007466,0.584648,0.021742,0.086466,0.089860,1.000000,0.102989,0.938169,0.382710,0.651107,0.842395,0.858405,0.769179,0.400081,0.147639,0.076491,0.868807,0.464348,0.447150,0.351315,0.470645,0.460371,0.454911,0.419268,0.432780,0.379072,0.366562,0.221965,0.402055,0.262303,0.225980,0.207282,0.495470,0.481898,-0.007460,0.422062,0.116246,0.323337,0.381868,0.543065,0.443768,0.444921,0.366118,0.366030,0.407222,0.467747,0.473277,0.481663,0.470358,0.439915,0.471580
0.299760,0.398798,0.336789,0.679811,0.309309,0.334884,0.540749,0.469500,0.236057,0.103957,0.678423,0.636945,0.436556,0.678438,0.811115,0.069668,-0.028640,0.201394,-0.117736,0.766431,0.952395,0.965237,0.102989,1.000000,0.225018,0.703602,0.456268,0.297575,0.144765,-0.056434,0.016087,0.136990,0.163971,0.166807,0.571573,0.588764,0.570080,0.652555,0.549607,0.444121,0.555826,0.468348,0.407037,0.065821,0.785651,0.694189,0.636809,0.798738,0.813536,0.204336,0.056364,0.271710,0.039592,0.807161,0.699299,0.648770,0.098908,0.553223,0.291329,0.415748,0.429135,0.442386,0.306275,0.136336,0.254670,0.275706,0.439904,0.477634
0.901066,0.866709,0.371878,0.574475,0.853692,0.704781,0.610386,0.547332,0.652171,0.622071,0.305321,0.530676,0.480583,0.304049,0.262501,0.569464,0.709392,0.003445,0.525220,0.183254,0.232664,0.220196,0.938169,0.225018,1.000000,0.525180,0.752464,0.907342,0.912640,0.765765,0.453163,0.134652,0.118617,0.896222,0.566673,0.556302,0.449018,0.579939,0.562845,0.552309,0.547866,0.552861,0.481022,0.454510,0.341389,0.533805,0.394404,0.363224,0.357383,0.539310,0.446673,-0.012910,0.297403,0.281339,0.440229,0.474581,0.481918,0.516952,0.479254,0.429185,0.448064,0.487783,0.516208,0.483002,0.509062,0.500773,0.499291,0.542194
0.614552,0.694677,0.392204,0.771320,0.603057,0.616757,0.728904,0.628949,0.514471,0.353461,0.576694,0.737911,0.572544,0.564085,0.716890,0.270838,0.233816,0.187829,0.108874,0.657621,0.713487,0.686640,0.382710,0.703602,0.525180,1.000000,0.849168,0.586444,0.450423,0.223873,0.159131,0.152359,0.232341,0.481332,0.613871,0.651153,0.656267,0.729734,0.618536,0.561004,0.678603,0.612804,0.512544,0.269357,0.723552,0.775903,0.690547,0.765767,0.778484,0.372215,0.171042,0.149206,0.030836,0.751298,0.618316,0.589683,0.129389,0.544119,0.312229,0.376687,0.421639,0.487245,0.364212,0.222807,0.319087,0.317415,0.427894,0.520578
0.817671,0.843160,0.382230,0.673850,0.790378,0.725948,0.694450,0.599167,0.648598,0.542892,0.482005,0.634202,0.539539,0.473132,0.508172,0.468726,0.516752,0.112445,0.357315,0.437185,0.468099,0.445761,0.651107,0.456268,0.752464,0.849168,1.000000,0.795238,0.696498,0.524503,0.339095,0.134910,0.187720,0.739713,0.559097,0.577053,0.554095,0.642355,0.555681,0.526989,0.598142,0.570334,0.482649,0.404590,0.550977,0.651605,0.542221,0.574882,0.577014,0.467810,0.306508,0.057223,0.141277,0.518757,0.492612,0.498586,0.268604,0.499189,0.364944,0.386653,0.417037,0.456510,0.404948,0.316331,0.373008,0.371738,0.431111,0.492441
0.950587,0.922335,0.383136,0.622311,0.905141,0.749177,0.675740,0.608088,0.683367,0.627528,0.344440,0.598489,0.555408,0.348262,0.337961,0.568250,0.677297,0.039879,0.473101,0.262541,0.303308,0.289074,0.842395,0.297575,0.907342,0.586444,0.795238,1.000000,0.879902,0.718154,0.437825,0.152916,0.146007,0.928127,0.575865,0.572578,0.491654,0.602371,0.577907,0.574725,0.603307,0.598547,0.525988,0.484746,0.406689,0.595695,0.486911,0.441825,0.436451,0.562124,0.433734,0.017599,0.254464,0.366082,0.465519,0.493748,0.425183,0.520336,0.451292,0.441656,0.473650,0.491926,0.493450,0.449008,0.493379,0.478798,0.490857,0.543847
0.880899,0.849110,0.349639,0.536546,0.886428,0.794387,0.636212,0.598009,0.761245,0.725848,0.205868,0.522721,0.541206,0.210446,0.172775,0.634967,0.800564,-0.028476,0.593147,0.096785,0.153087,0.141044,0.858405,0.144765,0.912640,0.450423,0.696498,0.879902,1.000000,0.872631,0.498040,0.096499,0.104942,0.913289,0.528599,0.519008,0.395831,0.528502,0.534548,0.560594,0.552820,0.581755,0.520362,0.560818,0.257390,0.500438,0.400925,0.298119,0.286334,0.626419,0.530015,-0.060515,0.299268,0.209796,0.393378,0.438422,0.488518,0.485746,0.471312,0.416550,0.438694,0.460147,0.523455,0.509104,0.529569,0.507772,0.488221,0.519325
0.741407,0.685180,0.220302,0.312587,0.743116,0.644189,0.384450,0.355809,0.648240,0.716092,0.148084,0.266844,0.291306,0.137520,0.032946,0.709708,0.898705,-0.015113,0.749239,-0.027903,-0.034819,-0.055119,0.769179,-0.056434,0.765765,0.223873,0.524503,0.718154,0.872631,1.000000,0.720085,0.154398,0.114586,0.817616,0.359869,0.343623,0.242885,0.336506,0.348023,0.350664,0.305028,0.339498,0.300935,0.514056,0.118966,0.266616,0.146563,0.108794,0.101874,0.546963,0.505055,-0.075851,0.307724,0.029011,0.225791,0.268053,0.465962,0.342308,0.409637,0.320298,0.318828,0.319765,0.411044,0.427450,0.410681,0.402588,0.366242,0.344409
0.503653,0.455092,0.102924,0.218796,0.469354,0.461014,0.226785,0.212517,0.499406,0.613576,0.283297,0.172658,0.149721,0.272449,0.208953,0.707411,0.725137,0.135495,0.559645,0.200281,0.073700,0.030635,0.400081,0.016087,0.453163,0.159131,0.339095,0.437825,0.498040,0.720085,1.000000,0.264350,0.258752,0.499028,0.261850,0.250189,0.184483,0.236801,0.224145,0.194013,0.184086,0.193169,0.160283,0.449163,0.197097,0.190958,0.079007,0.162856,0.182336,0.381446,0.287422,0.028509,0.058297,0.160523,0.191086,0.173918,0.199644,0.210274,0.268409,0.246168,0.257861,0.227094,0.234008,0.214560,0.216366,0.218782,0.223396,0.191649
0.153825,0.136902,0.069687,0.106361,0.091783,0.080426,0.054651,0.026061,0.097251,0.110120,0.193851,0.085919,0.011506,0.184464,0.207396,0.149177,0.138096,0.523260,0.295945,0.213684,0.159220,0.138015,0.147639,0.136990,0.134652,0.152359,0.134910,0.152916,0.096499,0.154398,0.264350,1.000000,0.293553,0.159899,0.080029,0.099172,0.137858,0.116273,0.071104,0.053105,0.065248,0.039818,0.039326,0.082691,0.188577,0.118047,0.069279,0.163681,0.181848,0.139721,0.141163,0.362715,0.092404,0.191898,0.056208,0.034255,-0.020531,0.040783,-0.000438,0.037118,0.060959,0.056420,0.014429,-0.003718,0.023000,0.011735,0.028290,0.034364
0.163894,0.177595,0.081490,0.206838,0.142918,0.216501,0.216880,0.208897,0.235815,0.223608,0.213384,0.212865,0.185647,0.221055,0.260800,0.213133,0.145662,0.258048,0.107515,0.268613,0.200178,0.173842,0.076491,0.163971,0.118617,0.232341,0.187720,0.146007,0.104942,0.114586,0.258752,0.293553,1.000000,0.120642,0.180009,0.196602,0.184772,0.201907,0.170328,0.173864,0.204202,0.200632,0.197154,0.244866,0.234794,0.224683,0.225804,0.258616,0.254442,0.205483,0.115517,0.136075,-0.032019,0.267074,0.165199,0.144680,-0.016931,0.139538,0.069599,0.084036,0.104343,0.145423,0.101362,0.061536,0.099454,0.082447,0.089289,0.151376
0.946610,0.904837,0.347833,0.533153,0.934730,0.761852,0.608305,0.546732,0.706588,0.679369,0.267230,0.504629,0.492870,0.267075,0.221276,0.626445,0.778834,0.024869,0.577047,0.142653,0.177125,0.161598,0.868807,0.166807,0.896222,0.481332,0.739713,0.928127,0.913289,0.817616,0.499028,0.159899,0.120642,1.000000,0.512415,0.504463,0.414250,0.524012,0.508041,0.516184,0.518754,0.529057,0.468781,0.508153,0.305854,0.499236,0.388626,0.330964,0.322425,0.593715,0.499492,-0.007694,0.313614,0.243792,0.380247,0.420580,0.469829,0.466107,0.444646,0.413158,0.436742,0.446858,0.482157,0.470519,0.495008,0.476596,0.461141,0.490634
0.578705,0.649132,0.420292,0.897562,0.626199,0.639216,0.790995,0.743790,0.547478,0.475586,0.546219,0.840446,0.678338,0.554969,0.608429,0.356322,0.380920,-0.065824,0.117734,0.503610,0.607965,0.607129,0.464348,0.571573,0.566673,0.613871,0.559097,0.575865,0.528599,0.359869,0.261850,0.080029,0.180009,0.512415,1.000000,0.963671,0.717411,0.932278,0.975475,0.912950,0.876862,0.812203,0.814343,0.441317,0.674918,0.885620,0.748443,0.740672,0.766078,0.628171,0.436911,-0.023343,0.283388,0.695765,0.904736,0.935036,0.631279,0.949099,0.816496,0.699090,0.711006,0.892202,0.879539,0.761463,0.828988,0.848066,0.851868,0.953991
0.574495,0.651392,0.436379,0.898921,0.621633,0.634293,0.793862,0.736637,0.538523,0.454504,0.550086,0.842747,0.672131,0.553271,0.630665,0.344563,0.364078,-0.025198,0.123814,0.532949,0.627663,0.618165,0.447150,0.588764,0.556302,0.651153,0.577053,0.572578,0.519008,0.343623,0.250189,0.099172,0.196602,0.504463,0.963671,1.000000,0.734439,0.927712,0.954656,0.886493,0.873311,0.803334,0.781556,0.410477,0.688715,0.890929,0.754767,0.753786,0.778848,0.594299,0.402604,0.005496,0.250458,0.716758,0.877818,0.895637,0.555260,0.901301,0.750409,0.640657,0.662471,0.849227,0.822248,0.692187,0.763285,0.776843,0.796697,0.906311
0.490990,0.571608,0.571022,0.814004,0.518173,0.508447,0.671958,0.598359,0.420665,0.340328,0.520890,0.734848,0.540765,0.520875,0.612032,0.262884,0.254094,0.067307,0.128287,0.529388,0.595921,0.573350,0.351315,0.570080,0.449018,0.656267,0.554095,0.491654,0.395831,0.242885,0.184483,0.137858,0.184772,0.414250,0.717411,0.734439,1.000000,0.812060,0.725408,0.667293,0.705301,0.640099,0.581797,0.296545,0.633224,0.777842,0.624561,0.669872,0.700006,0.450179,0.290550,0.065316,0.175672,0.651816,0.648583,0.644079,0.349692,0.649077,0.478347,0.425355,0.460217,0.602004,0.553027,0.447460,0.516836,0.509685,0.543063,0.646191
0.608642,0.698013,0.503561,0.969075,0.653305,0.652431,0.829973,0.755537,0.543617,0.442677,0.597624,0.889461,0.688960,0.602240,0.682360,0.343551,0.353716,0.032266,0.147509,0.576722,0.682752,0.672957,0.470645,0.652555,0.579939,0.729734,0.642355,0.602371,0.528502,0.336506,0.236801,0.116273,0.201907,0.524012,0.932278,0.927712,0.812060,1.000000,0.932078,0.870905,0.882058,0.812969,0.766895,0.382284,0.734604,0.940526,0.779117,0.795263,0.817909,0.576636,0.392738,0.064123,0.270234,0.751656,0.850031,0.865862,0.522731,0.867508,0.687089,0.582291,0.603317,0.791872,0.764515,0.637426,0.709814,0.715209,0.751235,0.871811
0.573195,0.647610,0.434692,0.910654,0.628409,0.653231,0.827792,0.790063,0.555403,0.461111,0.482550,0.874865,0.733665,0.496109,0.565344,0.325075,0.356942,-0.061907,0.110457,0.457424,0.574640,0.577006,0.460371,0.549607,0.562845,0.618536,0.555681,0.577907,0.534548,0.348023,0.224145,0.071104,0.170328,0.508041,0.975475,0.954656,0.725408,0.932078,1.000000,0.948776,0.918467,0.864039,0.853322,0.449659,0.639013,0.901481,0.784121,0.724808,0.737512,0.641081,0.443828,-0.016027,0.291876,0.666590,0.868875,0.905688,0.616266,0.919747,0.783175,0.631304,0.653997,0.873264,0.874461,0.762841,0.830337,0.834781,0.822217,0.959282
0.568396,0.640749,0.413416,0.876067,0.638764,0.702723,0.875668,0.868361,0.613565,0.493502,0.331922,0.891875,0.832115,0.363753,0.434258,0.315782,0.353551,-0.087646,0.108409,0.320200,0.447163,0.458306,0.454911,0.444121,0.552309,0.561004,0.526989,0.574725,0.560594,0.350664,0.194013,0.053105,0.173864,0.516184,0.912950,0.886493,0.667293,0.870905,0.948776,1.000000,0.953686,0.938813,0.943174,0.540163,0.515561,0.876861,0.816070,0.638108,0.631714,0.704165,0.515070,-0.045814,0.326277,0.553515,0.759370,0.818543,0.627836,0.845363,0.739727,0.568049,0.608514,0.826291,0.881494,0.811550,0.873767,0.845973,0.775396,0.941850
0.607531,0.694708,0.454862,0.927649,0.670256,0.759429,0.952000,0.940248,0.663392,0.493682,0.403152,0.968561,0.912901,0.439170,0.545043,0.310644,0.308570,-0.013694,0.072339,0.441532,0.552938,0.556227,0.419268,0.555826,0.547866,0.678603,0.598142,0.603307,0.552820,0.305028,0.184086,0.065248,0.204202,0.518754,0.876862,0.873311,0.705301,0.882058,0.918467,0.953686,1.000000,0.974437,0.934561,0.530570,0.610421,0.940161,0.912693,0.740927,0.721597,0.653741,0.432421,0.027434,0.249137,0.653913,0.754304,0.791984,0.482853,0.785542,0.623752,0.543877,0.602793,0.769726,0.755602,0.666559,0.760060,0.722155,0.707764,0.873607
0.599785,0.677805,0.427693,0.868650,0.675431,0.793089,0.956695,0.975093,0.712981,0.545385,0.294872,0.934718,0.951211,0.340174,0.434207,0.331615,0.335679,-0.046486,0.088407,0.334488,0.453405,0.463877,0.432780,0.468348,0.552861,0.612804,0.570334,0.598547,0.581755,0.339498,0.193169,0.039818,0.200632,0.529057,0.812203,0.803334,0.640099,0.812969,0.864039,0.938813,0.974437,1.000000,0.946280,0.601842,0.499127,0.877245,0.876156,0.641779,0.614410,0.686333,0.470081,-0.002512,0.257270,0.545094,0.673557,0.721706,0.475641,0.721050,0.583746,0.501398,0.565256,0.725635,0.730087,0.667838,0.756820,0.703311,0.663997,0.835934
0.523154,0.596241,0.369685,0.809864,0.596506,0.731071,0.885927,0.916823,0.673535,0.532066,0.278250,0.879387,0.906108,0.330095,0.383669,0.301529,0.309521,-0.087195,0.074846,0.272251,0.386733,0.406849,0.379072,0.407037,0.481022,0.512544,0.482649,0.525988,0.520362,0.300935,0.160283,0.039326,0.197154,0.468781,0.814343,0.781556,0.581797,0.766895,0.853322,0.943174,0.934561,0.946280,1.000000,0.653526,0.470102,0.830627,0.856261,0.614855,0.573238,0.740300,0.557719,-0.032539,0.331490,0.493902,0.659893,0.727056,0.562434,0.741558,0.637212,0.534020,0.587154,0.742452,0.789203,0.755270,0.834086,0.775420,0.692074,0.866322
0.531147,0.536884,0.217693,0.419416,0.557138,0.740944,0.590054,0.642488,0.816049,0.868351,0.114107,0.471040,0.607701,0.160637,0.140353,0.647377,0.611330,-0.026936,0.322860,0.100280,0.083875,0.065303,0.366562,0.065821,0.454510,0.269357,0.404590,0.484746,0.560818,0.514056,0.449163,0.082691,0.244866,0.508153,0.441317,0.410477,0.296545,0.382284,0.449659,0.540163,0.530570,0.601842,0.653526,1.000000,0.149567,0.412869,0.434353,0.241693,0.219829,0.775770,0.596903,-0.080332,0.133538,0.171913,0.296319,0.326451,0.321105,0.376686,0.400912,0.367880,0.422868,0.431199,0.473686,0.496495,0.531613,0.482893,0.396218,0.458369
0.425712,0.501637,0.340771,0.747736,0.403032,0.414889,0.572723,0.489998,0.328274,0.220643,0.889946,0.699038,0.445773,0.874726,0.914834,0.225610,0.150447,0.227445,0.061247,0.832725,0.812588,0.788834,0.221965,0.785651,0.341389,0.723552,0.550977,0.406689,0.257390,0.118966,0.197097,0.188577,0.234794,0.305854,0.674918,0.688715,0.633224,0.734604,0.639013,0.515561,0.610421,0.499127,0.470102,0.149567,1.000000,0.792306,0.689435,0.966320,0.936213,0.305779,0.177516,0.231279,0.102348,0.895754,0.708242,0.682792,0.196509,0.620482,0.380525,0.484214,0.510326,0.546123,0.399144,0.268523,0.379313,0.388580,0.504682,0.566019
0.604857,0.699329,0.482784,0.971557,0.643528,0.694254,0.898082,0.845851,0.585500,0.425205,0.592577,0.969767,0.809898,0.611269,0.718965,0.297139,0.275043,0.071591,0.082978,0.612210,0.704691,0.696693,0.402055,0.694189,0.533805,0.775903,0.651605,0.595695,0.500438,0.266616,0.190958,0.118047,0.224683,0.499236,0.885620,0.890929,0.777842,0.940526,0.901481,0.876861,0.940161,0.877245,0.830627,0.412869,0.792306,1.000000,0.917398,0.882605,0.866940,0.580973,0.382816,0.106308,0.231252,0.800453,0.804499,0.821099,0.424572,0.797472,0.584017,0.556794,0.605863,0.748145,0.691050,0.577804,0.679438,0.658598,0.695097,0.836474
0.496039,0.587715,0.403829,0.858256,0.544528,0.666012,0.875770,0.878075,0.569107,0.351526,0.436373,0.937199,0.890114,0.479834,0.601432,0.180072,0.137179,0.049010,-0.028498,0.501111,0.612575,0.623345,0.262303,0.636809,0.394404,0.690547,0.542221,0.486911,0.400925,0.146563,0.079007,0.069279,0.225804,0.388626,0.748443,0.754767,0.624561,0.779117,0.784121,0.816070,0.912693,0.876156,0.856261,0.434353,0.689435,0.917398,1.000000,0.832267,0.763681,0.538183,0.340544,0.111919,0.186507,0.701990,0.681613,0.708516,0.320511,0.664964,0.455982,0.465647,0.526885,0.640759,0.580822,0.490130,0.610915,0.561264,0.582821,0.740911
0.461525,0.549082,0.377364,0.829841,0.459777,0.510873,0.697659,0.636484,0.414361,0.263959,0.796931,0.816548,0.605473,0.801220,0.885773,0.213598,0.134393,0.189650,0.009521,0.797316,0.814863,0.799198,0.225980,0.798738,0.363224,0.765767,0.574882,0.441825,0.298119,0.108794,0.162856,0.163681,0.258616,0.330964,0.740672,0.753786,0.669872,0.795263,0.724808,0.638108,0.740927,0.641779,0.614855,0.241693,0.966320,0.882605,0.832267,1.000000,0.955658,0.384239,0.216621,0.210210,0.105931,0.911907,0.750557,0.734052,0.227715,0.671574,0.422576,0.505838,0.545466,0.608858,0.473788,0.340200,0.462210,0.458077,0.554389,0.650190
0.460937,0.551253,0.387113,0.831089,0.456231,0.501115,0.673827,0.598460,0.407024,0.274560,0.805454,0.784350,0.544622,0.796603,0.936390,0.238223,0.150579,0.209603,0.002178,0.877420,0.872055,0.842437,0.207282,0.813536,0.357383,0.778484,0.577014,0.436451,0.286334,0.101874,0.182336,0.181848,0.254442,0.322425,0.766078,0.778848,0.700006,0.817909,0.737512,0.631714,0.721597,0.614410,0.573238,0.219829,0.936213,0.866940,0.763681,0.955658,1.000000,0.357046,0.149848,0.198280,0.009913,0.979610,0.817276,0.768678,0.193745,0.702851,0.454844,0.567897,0.591745,0.633294,0.480876,0.312482,0.432296,0.449290,0.577442,0.645327
0.575713,0.596302,0.283078,0.580426,0.612896,0.717921,0.663597,0.672702,0.724685,0.721812,0.217722,0.598218,0.638655,0.247991,0.219923,0.536306,0.587633,-0.015144,0.396308,0.127745,0.198100,0.205910,0.495470,0.204336,0.539310,0.372215,0.467810,0.562124,0.626419,0.546963,0.381446,0.139721,0.205483,0.593715,0.628171,0.594299,0.450179,0.576636,0.641081,0.704165,0.653741,0.686333,0.740300,0.775770,0.305779,0.580973,0.538183,0.384239,0.357046,1.000000,0.843387,-0.011428,0.415759,0.278815,0.463305,0.526418,0.539151,0.578183,0.545577,0.451394,0.486391,0.577447,0.662866,0.706924,0.749788,0.680980,0.585593,0.673176
0.431217,0.433837,0.172392,0.383053,0.464212,0.498860,0.438093,0.444081,0.508642,0.542015,0.128546,0.394470,0.433096,0.154024,0.041527,0.408589,0.517423,-0.012529,0.456540,-0.068471,0.011457,0.034040,0.481898,0.056364,0.446673,0.171042,0.306508,0.433734,0.530015,0.505055,0.287422,0.141163,0.115517,0.499492,0.436911,0.402604,0.290550,0.392738,0.443828,0.515070,0.432421,0.470081,0.557719,0.596903,0.177516,0.382816,0.340544,0.216621,0.149848,0.843387,1.000000,0.040026,0.608021,0.053784,0.242670,0.335908,0.573967,0.402710,0.418141,0.334189,0.353381,0.400531,0.539827,0.661420,0.677764,0.595087,0.458263,0.519758
0.018088,0.039633,-0.002077,0.081663,-0.019599,-0.024244,0.034037,0.001620,-0.028799,-0.061033,0.246362,0.089228,0.018014,0.258504,0.273042,-0.014995,-0.074418,0.814271,0.253514,0.285587,0.251158,0.262458,-0.007460,0.271710,-0.012910,0.149206,0.057223,0.017599,-0.060515,-0.075851,0.028509,0.362715,0.136075,-0.007694,-0.023343,0.005496,0.065316,0.064123,-0.016027,-0.045814,0.027434,-0.002512,-0.032539,-0.080332,0.231279,0.106308,0.111919,0.210210,0.198280,-0.011428,0.040026,1.000000,0.314930,0.217149,0.015824,-0.003362,-0.140126,-0.065362,-0.135113,-0.071091,-0.056710,-0.086028,-0.136167,-0.161634,-0.128368,-0.149235,-0.083135,-0.063642
0.207059,0.224259,0.113040,0.245334,0.259626,0.165408,0.236723,0.215946,0.109518,0.117773,0.060241,0.228534,0.230159,0.079377,-0.093650,0.042128,0.221818,0.087512,0.415713,-0.233874,-0.064798,-0.002013,0.422062,0.039592,0.297403,0.030836,0.141277,0.254464,0.299268,0.307724,0.058297,0.092404,-0.032019,0.313614,0.283388,0.250458,0.175672,0.270234,0.291876,0.326277,0.249137,0.257270,0.331490,0.133538,0.102348,0.231252,0.186507,0.105931,0.009913,0.415759,0.608021,0.314930,1.000000,-0.109843,0.111826,0.247264,0.679412,0.307559,0.362128,0.196305,0.175734,0.255729,0.435052,0.558656,0.518534,0.467421,0.361912,0.391960
0.397271,0.484424,0.348456,0.764975,0.381691,0.439638,0.604101,0.532025,0.355748,0.226394,0.775226,0.717027,0.473760,0.760444,0.943396,0.207643,0.089812,0.248571,-0.056948,0.920025,0.883264,0.844695,0.116246,0.807161,0.281339,0.751298,0.518757,0.366082,0.209796,0.029011,0.160523,0.191898,0.267074,0.243792,0.695765,0.716758,0.651816,0.751656,0.666590,0.553515,0.653913,0.545094,0.493902,0.171913,0.895754,0.800453,0.701990,0.911907,0.979610,0.278815,0.053784,0.217149,-0.109843,1.000000,0.786208,0.711691,0.068202,0.628000,0.375972,0.516552,0.542731,0.568661,0.389227,0.201971,0.327007,0.349025,0.496710,0.557617
0.467539,0.548113,0.376325,0.813790,0.511439,0.531575,0.678657,0.625968,0.438511,0.356377,0.600213,0.737474,0.553447,0.594331,0.697815,0.256960,0.250361,-0.045819,-0.005443,0.631736,0.761160,0.765403,0.323337,0.699299,0.440229,0.618316,0.492612,0.465519,0.393378,0.225791,0.191086,0.056208,0.165199,0.380247,0.904736,0.877818,0.648583,0.850031,0.868875,0.759370,0.754304,0.673557,0.659893,0.296319,0.708242,0.804499,0.681613,0.750557,0.817276,0.463305,0.242670,0.015824,0.111826,0.786208,1.000000,0.973257,0.450227,0.921708,0.722324,0.724039,0.706191,0.815269,0.727260,0.551873,0.646429,0.691387,0.785342,0.830413
0.486117,0.564473,0.374631,0.829735,0.541511,0.549978,0.711700,0.664693,0.451327,0.365676,0.562972,0.765232,0.603697,0.565511,0.624714,0.243742,0.273348,-0.095118,0.032699,0.529705,0.683858,0.702553,0.381868,0.648770,0.474581,0.589683,0.498586,0.493748,0.438422,0.268053,0.173918,0.034255,0.144680,0.420580,0.935036,0.895637,0.644079,0.865862,0.905688,0.818543,0.791984,0.721706,0.727056,0.326451,0.682792,0.821099,0.708516,0.734052,0.768678,0.526418,0.335908,-0.003362,0.247264,0.711691,0.973257,1.000000,0.575707,0.959982,0.780831,0.724140,0.709432,0.853478,0.806567,0.662419,0.744388,0.780702,0.830277,0.898432
0.395619,0.416124,0.222152,0.461998,0.476104,0.362842,0.422014,0.405329,0.289395,0.323443,0.152923,0.406113,0.374268,0.168492,0.034798,0.231199,0.412118,-0.241897,0.267311,-0.112415,0.051659,0.095589,0.543065,0.098908,0.481918,0.129389,0.268604,0.425183,0.488518,0.465962,0.199644,-0.020531,-0.016931,0.469829,0.631279,0.555260,0.349692,0.522731,0.616266,0.627836,0.482853,0.475641,0.562434,0.321105,0.196509,0.424572,0.320511,0.227715,0.193745,0.539151,0.573967,-0.140126,0.679412,0.068202,0.450227,0.575707,1.000000,0.682885,0.800133,0.495072,0.456325,0.611133,0.824312,0.863887,0.819594,0.832765,0.698077,0.721210
0.511510,0.583637,0.371792,0.817977,0.576717,0.565086,0.704768,0.656990,0.469298,0.416055,0.510794,0.742134,0.586747,0.513100,0.542835,0.296547,0.349643,-0.131074,0.098078,0.434268,0.585547,0.599390,0.443768,0.553223,0.516952,0.544119,0.499189,0.520336,0.485746,0.342308,0.210274,0.040783,0.139538,0.466107,0.949099,0.901301,0.649077,0.867508,0.919747,0.845363,0.785542,0.721050,0.741558,0.376686,0.620482,0.797472,0.664964,0.671574,0.702851,0.578183,0.402710,-0.065362,0.307559,0.628000,0.921708,0.959982,0.682885,1.000000,0.861705,0.716918,0.696999,0.882806,0.883252,0.760147,0.815853,0.854327,0.864526,0.925411
0.442912,0.485978,0.280481,0.619391,0.522989,0.475470,0.539749,0.516057,0.398706,0.418025,0.314715,0.538416,0.447218,0.315702,0.298084,0.315536,0.415461,-0.180666,0.158188,0.199627,0.320346,0.334432,0.444921,0.291329,0.479254,0.312229,0.364944,0.451292,0.471312,0.409637,0.268409,-0.000438,0.069599,0.444646,0.816496,0.750409,0.478347,0.687089,0.783175,0.739727,0.623752,0.583746,0.637212,0.400912,0.380525,0.584017,0.455982,0.422576,0.454844,0.545577,0.418141,-0.135113,0.362128,0.375972,0.722324,0.780831,0.800133,0.861705,1.000000,0.679757,0.647425,0.811773,0.913052,0.822338,0.813961,0.861368,0.801956,0.817834
0.447762,0.490772,0.263307,0.567302,0.497221,0.481806,0.508381,0.489921,0.425526,0.408658,0.423729,0.513307,0.427658,0.421586,0.437703,0.290975,0.331512,-0.123513,0.100386,0.374692,0.452985,0.462085,0.366118,0.415748,0.429185,0.376687,0.386653,0.441656,0.416550,0.320298,0.246168,0.037118,0.084036,0.413158,0.699090,0.640657,0.425355,0.582291,0.631304,0.568049,0.543877,0.501398,0.534020,0.367880,0.484214,0.556794,0.465647,0.505838,0.567897,0.451394,0.334189,-0.071091,0.196305,0.516552,0.724039,0.724140,0.495072,0.716918,0.679757,1.000000,0.963860,0.763616,0.623933,0.556644,0.621992,0.646562,0.703296,0.630621
0.484086,0.529318,0.301118,0.608871,0.529126,0.532935,0.571151,0.558610,0.478484,0.443522,0.428696,0.575900,0.499646,0.434595,0.465424,0.312185,0.335428,-0.096421,0.095618,0.403128,0.464589,0.465288,0.366030,0.429135,0.448064,0.421639,0.417037,0.473650,0.438694,0.318828,0.257861,0.060959,0.104343,0.436742,0.711006,0.662471,0.460217,0.603317,0.653997,0.608514,0.602793,0.565256,0.587154,0.422868,0.510326,0.605863,0.526885,0.545466,0.591745,0.486391,0.353381,-0.056710,0.175734,0.542731,0.706191,0.709432,0.456325,0.696999,0.647425,0.963860,1.000000,0.803156,0.620046,0.557592,0.633742,0.645332,0.692722,0.640865
0.485096,0.547281,0.362888,0.761560,0.548022,0.563411,0.690360,0.666731,0.488170,0.443134,0.421210,0.714462,0.603654,0.430798,0.469807,0.301913,0.339087,-0.122818,0.082761,0.375502,0.480205,0.481904,0.407222,0.442386,0.487783,0.487245,0.456510,0.491926,0.460147,0.319765,0.227094,0.056420,0.145423,0.446858,0.892202,0.849227,0.602004,0.791872,0.873264,0.826291,0.769726,0.725635,0.742452,0.431199,0.546123,0.748145,0.640759,0.608858,0.633294,0.577447,0.400531,-0.086028,0.255729,0.568661,0.815269,0.853478,0.611133,0.882806,0.811773,0.763616,0.803156,1.000000,0.839264,0.741189,0.799901,0.821298,0.797592,0.882978
0.482133,0.533599,0.331826,0.716064,0.564668,0.553185,0.662484,0.648180,0.471060,0.449279,0.283745,0.668905,0.594120,0.299018,0.290655,0.311191,0.405813,-0.185575,0.152400,0.168315,0.316125,0.335172,0.467747,0.306275,0.516208,0.364212,0.404948,0.493450,0.523455,0.411044,0.234008,0.014429,0.101362,0.482157,0.879539,0.822248,0.553027,0.764515,0.874461,0.881494,0.755602,0.730087,0.789203,0.473686,0.399144,0.691050,0.580822,0.473788,0.480876,0.662866,0.539827,-0.136167,0.435052,0.389227,0.727260,0.806567,0.824312,0.883252,0.913052,0.623933,0.620046,0.839264,1.000000,0.936379,0.929783,0.948622,0.837541,0.918159
0.432318,0.468734,0.256589,0.596565,0.518802,0.508760,0.585414,0.591419,0.447040,0.447828,0.159196,0.574827,0.554073,0.183244,0.116544,0.297897,0.417051,-0.226466,0.202127,-0.019963,0.119485,0.149189,0.473277,0.136336,0.483002,0.222807,0.316331,0.449008,0.509104,0.427450,0.214560,-0.003718,0.061536,0.470519,0.761463,0.692187,0.447460,0.637426,0.762841,0.811550,0.666559,0.667838,0.755270,0.496495,0.268523,0.577804,0.490130,0.340200,0.312482,0.706924,0.661420,-0.161634,0.558656,0.201971,0.551873,0.662419,0.863887,0.760147,0.822338,0.556644,0.557592,0.741189,0.936379,1.000000,0.958880,0.945860,0.767036,0.840641
0.479650,0.522750,0.293775,0.685956,0.556419,0.572555,0.674253,0.685400,0.506729,0.472497,0.245906,0.678750,0.650002,0.273888,0.235176,0.302677,0.401965,-0.199136,0.177417,0.099525,0.237406,0.266329,0.481663,0.254670,0.509062,0.319087,0.373008,0.493379,0.529569,0.410681,0.216366,0.023000,0.099454,0.495008,0.828988,0.763285,0.516836,0.709814,0.830337,0.873767,0.760060,0.756820,0.834086,0.531613,0.379313,0.679438,0.610915,0.462210,0.432296,0.749788,0.677764,-0.128368,0.518534,0.327007,0.646429,0.744388,0.819594,0.815853,0.813961,0.621992,0.633742,0.799901,0.929783,0.958880,1.000000,0.954396,0.814509,0.895530
