1.000000,0.161960,0.025812,0.012239,0.337063,0.157898,0.026161,-0.013875,-0.021703,-0.001662,-0.000860,0.069404,-0.031957,0.005830,0.044737,0.087019,0.096084,0.056007,0.059294,0.020047,0.028961,-0.000172,0.071707,0.124113,0.099972,0.047995,0.087054,0.213968,0.101830,-0.004990,0.007216,0.197862,0.042811,0.530388,0.085557,0.108257,-0.005096,0.011897,0.112824,0.014781,0.044082,-0.022716,-0.034854,-0.008844,0.008715,0.034016,-0.018853,0.010944,0.046329,0.088429,0.096613,0.041203,0.122022,0.035719,-0.033284,-0.007769,0.037763,0.056268,0.093764,0.044664,0.063727,0.064134,0.075525,0.068787,-0.002657,-0.045059,-0.052472,0.104454
0.161960,1.000000,0.014889,-0.030114,0.158992,0.066509,0.141048,-0.058872,-0.007376,0.022043,0.029118,0.054712,-0.065984,-0.002923,-0.001845,0.027402,0.133647,0.007420,0.166775,-0.009310,-0.001597,0.015527,0.028250,0.185746,0.060977,0.021429,0.049984,0.099683,0.100623,0.155216,0.109886,0.170874,0.095467,0.241471,0.100564,0.112247,-0.016870,-0.035324,0.048375,0.016088,0.126295,-0.069763,-0.001053,0.012756,0.029745,0.051975,-0.071136,-0.010412,-0.002964,0.046139,0.045240,-0.001948,0.034393,-0.004049,-0.003738,0.012466,0.017106,0.125888,0.102635,0.128049,0.126503,0.123550,0.043035,-0.016802,0.020684,0.063301,-0.096775,0.049792
0.025812,0.014889,1.000000,0.554081,0.005710,0.097261,0.226406,0.289042,0.316419,0.211494,0.144686,0.001383,0.183401,0.141872,-0.093823,-0.028985,-0.019830,-0.086201,0.017281,-0.088527,-0.081643,-0.077597,-0.026938,-0.024463,-0.007627,0.023413,0.015394,0.018414,-0.001150,0.033591,0.005826,0.025402,-0.013915,0.021521,0.110816,0.156392,0.713463,0.532309,0.046973,0.182840,0.343495,0.271142,0.309250,0.219782,0.155257,-0.003471,0.122495,0.139411,-0.093815,-0.024474,0.028825,-0.080459,-0.064435,-0.089920,-0.065491,-0.068992,-0.066116,-0.013332,0.003625,-0.004973,0.023857,0.019506,-0.027220,0.033968,0.017666,0.020510,-0.016091,0.079108
0.012239,-0.030114,0.554081,1.000000,-0.008381,0.058577,0.242878,0.598987,0.463182,0.290425,0.141408,0.002871,0.398012,0.135822,-0.081832,-0.015628,-0.032321,-0.076944,-0.023473,-0.074481,-0.076018,-0.087793,-0.051529,-0.076131,-0.010257,0.022044,0.036319,0.049001,-0.002537,-0.006832,0.003347,-0.043595,-0.006700,-0.021242,0.070201,0.074785,0.752171,0.972515,0.055055,0.152587,0.389649,0.575640,0.432924,0.308048,0.159110,-0.015430,0.275230,0.138309,-0.081165,0.010306,-0.019883,-0.072557,-0.064788,-0.068798,-0.077859,-0.077617,-0.061653,-0.075847,-0.023979,-0.064266,-0.029263,-0.030025,-0.012021,0.003198,-0.007316,0.004089,0.002749,0.057033
0.337063,0.158992,0.005710,-0.008381,1.000000,0.312822,0.050661,0.005399,0.041315,0.033727,0.021716,-0.021429,-0.034638,-0.016554,0.056909,0.034824,0.113137,-0.002950,0.073940,-0.035115,-0.034945,-0.030453,-0.001083,0.108329,0.105360,0.008992,0.005053,0.088581,0.127188,0.090676,0.064320,0.250287,0.006090,0.645378,0.069556,-0.039444,-0.021833,-0.007204,0.149336,0.074170,0.092016,-0.009661,0.033066,0.032692,0.013533,-0.046669,-0.047922,-0.021800,0.056473,0.023861,0.063258,-0.027835,0.061395,-0.015607,-0.089030,-0.045415,0.004680,0.076004,0.099273,0.024028,0.126393,0.106106,0.059692,0.070744,0.064810,0.036672,0.006938,0.092883
0.157898,0.066509,0.097261,0.058577,0.312822,1.000000,0.197473,0.126967,0.183628,0.077533,0.081309,0.023050,0.044996,0.055364,0.043836,0.112660,0.156630,0.075348,0.063557,0.049730,0.040936,0.060901,0.040848,0.071757,0.059926,-0.068964,-0.042370,0.022222,0.027229,0.054550,0.072172,0.191637,0.038611,0.284353,0.189854,0.163538,0.068894,0.050010,0.271262,0.268007,0.246032,0.095469,0.155154,0.078822,0.063209,-0.007686,0.038969,0.047867,0.044442,0.104343,0.096542,0.072034,0.092192,0.056433,0.021093,0.041563,0.071767,0.138309,0.083870,0.013712,0.056357,0.097447,-0.016497,0.107651,0.090688,0.113314,0.050620,0.194680
0.026161,0.141048,0.226406,0.242878,0.050661,0.197473,1.000000,0.392880,0.368070,0.222218,0.153528,0.138576,0.239916,0.121827,-0.072791,0.005524,0.018278,-0.043781,0.022454,-0.050431,-0.021337,-0.025216,0.024408,0.046364,0.017742,-0.006231,0.020150,0.012469,0.002042,-0.012034,-0.010994,0.017101,0.015690,0.039333,0.011672,0.077363,0.235719,0.243341,0.154069,0.242477,0.850788,0.357651,0.381827,0.229858,0.148752,0.125758,0.190936,0.114047,-0.076087,0.043831,0.006282,-0.060758,-0.051259,-0.043941,-0.059029,-0.013647,-0.011310,0.014876,-0.011091,0.026660,0.016469,0.008594,-0.088940,-0.022694,-0.036022,0.052069,-0.008416,0.090290
-0.013875,-0.058872,0.289042,0.598987,0.005399,0.126967,0.392880,1.000000,0.792972,0.562716,0.339472,0.110870,0.824140,0.360998,-0.147667,-0.028047,-0.089888,-0.126303,-0.062226,-0.105955,-0.084595,-0.070332,-0.071200,-0.072458,0.007535,0.017799,0.029061,0.047988,-0.020149,-0.031773,-0.019027,-0.085818,-0.017833,-0.030208,-0.014649,-0.001528,0.448140,0.602706,0.044259,0.244527,0.440540,0.985225,0.764089,0.599286,0.375039,0.085986,0.695200,0.369300,-0.145919,-0.029113,-0.081155,-0.105895,-0.127868,-0.113428,-0.044302,-0.059400,-0.093827,-0.062914,-0.021599,-0.055279,-0.034499,-0.028447,-0.006033,-0.004385,-0.023920,-0.013008,0.003577,0.059442
-0.021703,-0.007376,0.316419,0.463182,0.041315,0.183628,0.368070,0.792972,1.000000,0.620931,0.416777,0.095291,0.714057,0.401373,-0.191982,-0.022731,-0.041862,-0.170469,-0.043988,-0.154397,-0.115532,-0.096710,-0.068548,-0.050146,0.026718,0.029250,0.027467,0.045434,-0.001998,-0.007213,0.004993,-0.026556,-0.000996,0.023531,-0.017349,-0.019523,0.414409,0.449925,0.047790,0.280103,0.404749,0.795249,0.896184,0.646956,0.438817,0.074043,0.622105,0.397718,-0.191556,-0.037635,-0.054128,-0.149996,-0.152705,-0.166172,-0.058914,-0.084451,-0.120028,-0.053465,0.015809,-0.031663,-0.011265,0.000841,0.004412,0.024386,0.022316,-0.006427,-0.001428,0.079538
-0.001662,0.022043,0.211494,0.290425,0.033727,0.077533,0.222218,0.562716,0.620931,1.000000,0.867709,0.063479,0.580323,0.797500,-0.395425,-0.038348,-0.051433,-0.395799,0.002530,-0.377659,-0.262589,-0.242012,-0.142289,-0.092879,0.074376,0.087914,0.040619,0.024233,0.030390,0.017116,0.041914,-0.021232,0.026668,0.041147,0.001294,-0.022986,0.277089,0.282817,0.003024,0.200371,0.239373,0.564124,0.653800,0.984758,0.885898,0.048147,0.566063,0.754588,-0.396961,-0.029784,-0.102021,-0.359692,-0.315224,-0.391827,-0.162899,-0.230871,-0.287118,-0.098062,0.011017,-0.004586,0.018007,0.039921,-0.003068,0.002617,0.002071,0.001775,0.013831,0.091586
-0.000860,0.029118,0.144686,0.141408,0.021716,0.081309,0.153528,0.339472,0.416777,0.867709,1.000000,0.012630,0.399239,0.919072,-0.416718,0.078011,-0.024340,-0.376783,0.019331,-0.341719,-0.205435,-0.161225,-0.104679,-0.093424,0.076196,0.056351,0.020220,0.006895,0.041322,0.027910,0.059994,-0.028674,0.010049,0.028464,0.047850,0.010596,0.159953,0.133612,0.020613,0.158502,0.179705,0.341867,0.486060,0.858072,0.975165,-0.002804,0.418384,0.871930,-0.415418,0.079402,-0.099860,-0.313827,-0.315180,-0.372365,-0.090828,-0.149657,-0.256310,-0.090464,-0.007042,0.012505,0.004381,0.031958,-0.033452,-0.025689,-0.004464,-0.000237,0.016659,0.056862
0.069404,0.054712,0.001383,0.002871,-0.021429,0.023050,0.138576,0.110870,0.095291,0.063479,0.012630,1.000000,0.220900,0.044290,0.043847,0.057571,0.040003,0.061165,-0.003684,0.049599,0.063078,0.037173,0.060441,0.035532,0.041492,-0.049687,-0.029595,0.022279,-0.002365,-0.022073,-0.046223,0.031174,0.057942,0.036570,-0.001966,0.000787,0.020840,0.007026,0.050048,0.070302,0.080718,0.121690,0.101241,0.060903,0.030220,0.920470,0.272778,0.047961,0.044717,0.078536,0.078478,0.052110,0.064130,0.065644,0.041116,0.031861,0.075490,-0.005066,0.018980,0.054079,0.036174,0.020982,0.000185,0.021590,-0.026203,0.051297,-0.024136,0.028665
-0.031957,-0.065984,0.183401,0.398012,-0.034638,0.044996,0.239916,0.824140,0.714057,0.580323,0.399239,0.220900,1.000000,0.475587,-0.221826,-0.020679,-0.121272,-0.162664,-0.081267,-0.127348,-0.090553,-0.067395,-0.080471,-0.079206,0.021028,0.032637,0.052879,0.036760,-0.018686,-0.051553,-0.038241,-0.109958,-0.001213,-0.053282,-0.034885,-0.028256,0.329084,0.404982,-0.018059,0.232533,0.239959,0.867538,0.701374,0.621038,0.449122,0.181496,0.945239,0.506166,-0.216655,-0.035498,-0.137895,-0.122552,-0.185180,-0.142264,-0.031062,-0.049762,-0.124923,-0.080785,-0.018026,-0.077708,-0.050970,-0.042930,0.001599,-0.039616,-0.044897,-0.042451,-0.029280,0.047111
0.005830,-0.002923,0.141872,0.135822,-0.016554,0.055364,0.121827,0.360998,0.401373,0.797500,0.919072,0.044290,0.475587,1.000000,-0.413013,0.043576,-0.094599,-0.351904,-0.041849,-0.294307,-0.175702,-0.131167,-0.120386,-0.122529,0.033566,0.041193,0.020907,0.003204,0.016259,0.000943,0.038782,-0.074532,-0.005669,0.001539,0.046077,0.011218,0.162823,0.133226,-0.010848,0.183013,0.145911,0.378835,0.486603,0.806169,0.949101,0.024308,0.503392,0.982755,-0.407035,0.000146,-0.133088,-0.270533,-0.325515,-0.326517,-0.067575,-0.113778,-0.239972,-0.113008,-0.015681,-0.021698,-0.021872,0.003404,-0.038695,-0.027545,-0.034643,-0.017232,0.002556,0.058586
0.044737,-0.001845,-0.093823,-0.081832,0.056909,0.043836,-0.072791,-0.147667,-0.191982,-0.395425,-0.416718,0.043847,-0.221826,-0.413013,1.000000,0.238416,0.158080,0.764524,0.078972,0.720887,0.569445,0.474422,0.400498,0.224210,0.026911,-0.066176,-0.105144,-0.081165,-0.021863,-0.010004,0.036300,0.093436,0.058692,0.051001,-0.013625,0.025768,-0.121256,-0.077142,0.034758,-0.065647,-0.083223,-0.158948,-0.245003,-0.404849,-0.422188,0.041505,-0.231636,-0.401684,0.998415,0.177341,0.395823,0.668042,0.728967,0.815515,0.300643,0.436184,0.648478,0.244780,0.065558,0.037768,-0.007191,-0.003074,0.067813,0.127782,0.225325,0.170804,0.056347,0.047001
0.087019,0.027402,-0.028985,-0.015628,0.034824,0.112660,0.005524,-0.028047,-0.022731,-0.038348,0.078011,0.057571,-0.020679,0.043576,0.238416,1.000000,0.415154,0.548516,0.209939,0.521280,0.468470,0.443234,0.486789,0.157013,0.055877,-0.082762,-0.066081,-0.015455,0.000802,-0.037919,-0.044470,0.101383,0.109596,0.111753,0.002858,0.017596,-0.004212,-0.006906,0.022295,-0.003074,-0.004935,-0.024500,-0.048413,-0.057830,0.064191,0.035619,-0.014603,0.045914,0.244032,0.811914,0.267865,0.584685,0.454703,0.499460,0.296759,0.432302,0.511224,0.190752,0.074021,0.032524,0.043324,0.039130,0.043688,0.022248,0.024817,0.080509,-0.008978,0.077293
0.096084,0.133647,-0.019830,-0.032321,0.113137,0.156630,0.018278,-0.089888,-0.041862,-0.051433,-0.024340,0.040003,-0.121272,-0.094599,0.158080,0.415154,1.000000,0.319226,0.449705,0.255062,0.244943,0.229038,0.373854,0.158188,0.137633,-0.018852,0.014185,0.037947,0.089572,0.161317,0.144968,0.249192,0.160718,0.249963,0.014430,-0.015470,-0.023719,-0.037797,0.043587,-0.012121,0.025408,-0.099824,-0.071860,-0.071119,-0.045417,0.058859,-0.110212,-0.109333,0.156419,0.301269,0.242801,0.293754,0.323354,0.262181,0.142205,0.216903,0.308956,0.159640,0.071636,0.085443,0.028338,0.053448,0.009936,0.058099,0.059093,0.034314,-0.064339,0.056133
0.056007,0.007420,-0.086201,-0.076944,-0.002950,0.075348,-0.043781,-0.126303,-0.170469,-0.395799,-0.376783,0.061165,-0.162664,-0.351904,0.764524,0.548516,0.319226,1.000000,0.201571,0.963202,0.869439,0.802764,0.726132,0.278226,0.025220,-0.145292,-0.115449,-0.076692,-0.063194,-0.048889,-0.056006,0.103384,0.154525,0.033289,-0.034280,0.023142,-0.090348,-0.069467,-0.021550,-0.064487,-0.064122,-0.128501,-0.224826,-0.400457,-0.387789,0.052106,-0.166337,-0.331944,0.766813,0.410717,0.425665,0.970466,0.854316,0.971121,0.579881,0.781338,0.923480,0.294584,0.092377,0.025083,-0.011804,-0.025264,0.047758,0.079255,0.191061,0.139826,0.037081,0.039023
0.059294,0.166775,0.017281,-0.023473,0.073940,0.063557,0.022454,-0.062226,-0.043988,0.002530,0.019331,-0.003684,-0.081267,-0.041849,0.078972,0.209939,0.449705,0.201571,1.000000,0.119354,0.134891,0.150189,0.384441,0.160705,0.245419,-0.045957,-0.008246,0.018791,0.227981,0.504713,0.236109,0.275360,0.101448,0.138051,-0.020434,0.017002,-0.025072,-0.031615,0.009150,-0.033750,0.052386,-0.071958,-0.069335,-0.008441,0.003435,-0.007974,-0.068001,-0.056183,0.080697,0.114303,0.119593,0.170146,0.166178,0.131123,0.107395,0.130243,0.207270,0.160518,0.080443,0.061511,0.026337,0.062841,0.074125,0.052255,0.148054,-0.004096,-0.039938,-0.018036
0.020047,-0.009310,-0.088527,-0.074481,-0.035115,0.049730,-0.050431,-0.105955,-0.154397,-0.377659,-0.341719,0.049599,-0.127348,-0.294307,0.720887,0.521280,0.255062,0.963202,0.119354,1.000000,0.880347,0.822898,0.686775,0.246420,-0.024052,-0.160894,-0.119967,-0.096753,-0.097728,-0.070708,-0.072952,0.035191,0.122183,-0.018219,-0.027837,0.041347,-0.086184,-0.064699,-0.029676,-0.071570,-0.075868,-0.104553,-0.198612,-0.376128,-0.350470,0.045719,-0.128680,-0.266639,0.721462,0.374530,0.380432,0.968225,0.803687,0.968463,0.635661,0.806049,0.915413,0.268718,0.087580,0.016560,-0.024565,-0.040429,0.040970,0.057653,0.174745,0.133412,0.035487,0.029331
0.028961,-0.001597,-0.081643,-0.076018,-0.034945,0.040936,-0.021337,-0.084595,-0.115532,-0.262589,-0.205435,0.063078,-0.090553,-0.175702,0.569445,0.468470,0.244943,0.869439,0.134891,0.880347,1.000000,0.928335,0.699141,0.238853,-0.020760,-0.151816,-0.115563,-0.082534,-0.090031,-0.053955,-0.072787,0.043165,0.127188,0.005392,-0.039589,0.017361,-0.072998,-0.070435,-0.061417,-0.053466,-0.041194,-0.084362,-0.149193,-0.263771,-0.227432,0.062965,-0.082265,-0.163145,0.570426,0.349383,0.344169,0.880849,0.719177,0.843581,0.719815,0.916481,0.907154,0.265469,0.066836,0.012690,-0.018178,-0.038283,-0.015445,0.016317,0.186530,0.086736,0.030364,-0.019701
-0.000172,0.015527,-0.077597,-0.087793,-0.030453,0.060901,-0.025216,-0.070332,-0.096710,-0.242012,-0.161225,0.037173,-0.067395,-0.131167,0.474422,0.443234,0.229038,0.802764,0.150189,0.822898,0.928335,1.000000,0.689208,0.277705,-0.016036,-0.177180,-0.124185,-0.087758,-0.090584,-0.029300,-0.041746,0.038590,0.106877,-0.008689,-0.031356,0.026882,-0.074223,-0.081691,-0.034746,-0.045867,-0.042986,-0.066959,-0.124618,-0.239646,-0.185584,0.029997,-0.060155,-0.116160,0.477392,0.307747,0.286782,0.831201,0.632896,0.771836,0.728094,0.969566,0.860638,0.312496,0.048943,0.032976,-0.004899,-0.020227,-0.042048,-0.021126,0.170350,0.050533,0.002906,-0.037641
0.071707,0.028250,-0.026938,-0.051529,-0.001083,0.040848,0.024408,-0.071200,-0.068548,-0.142289,-0.104679,0.060441,-0.080471,-0.120386,0.400498,0.486789,0.373854,0.726132,0.384441,0.686775,0.699141,0.689208,1.000000,0.295973,0.229733,-0.123771,-0.083510,-0.020131,0.030785,0.041162,-0.009831,0.151188,0.204386,0.096453,-0.027360,0.038037,-0.020917,-0.047668,-0.017526,-0.047714,0.003124,-0.072316,-0.103984,-0.153534,-0.123313,0.039008,-0.071293,-0.125178,0.401608,0.351157,0.337620,0.725373,0.613983,0.658179,0.515640,0.693494,0.801666,0.284546,0.081295,0.105131,0.017549,0.009404,0.001322,0.031324,0.192825,0.085776,-0.018641,0.025609
0.124113,0.185746,-0.024463,-0.076131,0.108329,0.071757,0.046364,-0.072458,-0.050146,-0.092879,-0.093424,0.035532,-0.079206,-0.122529,0.224210,0.157013,0.158188,0.278226,0.160705,0.246420,0.238853,0.277705,0.295973,1.000000,0.346748,0.177038,0.098253,0.115201,0.159573,0.063731,-0.028849,0.190177,0.105675,0.178314,0.002024,-0.003924,-0.051748,-0.078656,-0.013528,0.017772,0.026598,-0.077418,-0.067977,-0.098114,-0.105613,0.027449,-0.071213,-0.130817,0.221573,0.088423,0.157122,0.244923,0.271595,0.259712,0.011482,0.257575,0.264953,0.684504,0.093549,0.177896,0.086825,0.118237,0.013889,0.046193,0.074269,0.002755,0.022221,0.006927
0.099972,0.060977,-0.007627,-0.010257,0.105360,0.059926,0.017742,0.007535,0.026718,0.074376,0.076196,0.041492,0.021028,0.033566,0.026911,0.055877,0.137633,0.025220,0.245419,-0.024052,-0.020760,-0.016036,0.229733,0.346748,1.000000,0.365931,0.348874,0.292779,0.572861,0.177244,0.025128,0.274490,0.034645,0.240368,0.002385,-0.038713,-0.007828,-0.017021,0.008991,-0.039050,0.037377,-0.000992,0.029453,0.066120,0.061169,0.028191,0.026607,0.021678,0.027301,0.011143,-0.012101,-0.007562,0.033540,0.008667,-0.056654,-0.023265,0.011167,0.125674,-0.039148,0.068364,0.047720,0.055934,-0.004427,0.038364,-0.007048,0.009352,-0.043296,0.010845
0.047995,0.021429,0.023413,0.022044,0.008992,-0.068964,-0.006231,0.017799,0.029250,0.087914,0.056351,-0.049687,0.032637,0.041193,-0.066176,-0.082762,-0.018852,-0.145292,-0.045957,-0.160894,-0.151816,-0.177180,-0.123771,0.177038,0.365931,1.000000,0.702674,0.409382,0.237915,-0.017100,0.015171,0.074402,-0.076208,0.092259,-0.068532,-0.067873,0.014089,0.021497,-0.027959,-0.011914,0.015931,0.017198,0.040315,0.090746,0.055584,-0.038654,0.034384,0.039453,-0.069202,-0.054414,-0.041618,-0.164091,-0.094439,-0.138006,-0.187873,-0.185385,-0.176746,0.019597,0.002627,0.025697,0.056871,0.080157,0.052101,0.010705,-0.076151,-0.081739,-0.046156,-0.056241
0.087054,0.049984,0.015394,0.036319,0.005053,-0.042370,0.020150,0.029061,0.027467,0.040619,0.020220,-0.029595,0.052879,0.020907,-0.105144,-0.066081,0.014185,-0.115449,-0.008246,-0.119967,-0.115563,-0.124185,-0.083510,0.098253,0.348874,0.702674,1.000000,0.719485,0.240552,0.014924,0.089044,0.114390,-0.089494,0.157696,-0.004674,-0.014705,0.017578,0.030110,0.013879,0.036598,0.040170,0.025404,0.053079,0.051684,0.021181,-0.031193,0.055548,0.029927,-0.104384,-0.051809,-0.068923,-0.120874,-0.107129,-0.115325,-0.092179,-0.125257,-0.140650,-0.025518,-0.032118,-0.003240,0.032024,0.049597,0.017872,-0.004077,-0.118557,-0.054355,-0.005878,-0.037688
0.213968,0.099683,0.018414,0.049001,0.088581,0.022222,0.012469,0.047988,0.045434,0.024233,0.006895,0.022279,0.036760,0.003204,-0.081165,-0.015455,0.037947,-0.076692,0.018791,-0.096753,-0.082534,-0.087758,-0.020131,0.115201,0.292779,0.409382,0.719485,1.000000,0.261028,0.081668,0.100222,0.130457,-0.057128,0.289593,0.006735,-0.012421,0.022094,0.045445,0.049012,0.082733,0.023589,0.042122,0.055807,0.033069,0.012736,0.011204,0.032024,0.015619,-0.080889,0.009432,-0.041332,-0.095700,-0.081712,-0.084144,-0.120156,-0.086294,-0.079219,0.057594,0.018800,-0.025241,-0.037606,-0.004875,-0.007106,0.028458,-0.050729,-0.060999,-0.077000,0.007081
0.101830,0.100623,-0.001150,-0.002537,0.127188,0.027229,0.002042,-0.020149,-0.001998,0.030390,0.041322,-0.002365,-0.018686,0.016259,-0.021863,0.000802,0.089572,-0.063194,0.227981,-0.097728,-0.090031,-0.090584,0.030785,0.159573,0.572861,0.237915,0.240552,0.261028,1.000000,0.412840,0.053008,0.279132,0.022028,0.216613,-0.000601,-0.018291,-0.003807,-0.011888,0.013561,0.021652,0.021237,-0.032269,-0.002263,0.021544,0.042704,-0.022180,-0.012841,0.017198,-0.021091,-0.012165,-0.029528,-0.091968,-0.045657,-0.061792,-0.099280,-0.099492,-0.076197,0.027290,-0.035703,0.018120,0.015511,0.003768,-0.033370,0.041402,0.036506,0.006501,-0.025584,0.011266
-0.004990,0.155216,0.033591,-0.006832,0.090676,0.054550,-0.012034,-0.031773,-0.007213,0.017116,0.027910,-0.022073,-0.051553,0.000943,-0.010004,-0.037919,0.161317,-0.048889,0.504713,-0.070708,-0.053955,-0.029300,0.041162,0.063731,0.177244,-0.017100,0.014924,0.081668,0.412840,1.000000,0.305422,0.319249,0.040839,0.095256,-0.024663,-0.039877,0.008381,-0.012831,0.059858,0.048807,0.017506,-0.040246,-0.018864,0.019590,0.028876,-0.046967,-0.030400,0.005390,-0.007446,-0.065073,0.008721,-0.065548,-0.050911,-0.051522,-0.037587,-0.035212,-0.038477,0.095977,0.012332,0.051187,-0.001441,0.028065,-0.014770,0.019763,0.062665,0.012091,-0.022056,0.005686
0.007216,0.109886,0.005826,0.003347,0.064320,0.072172,-0.010994,-0.019027,0.004993,0.041914,0.059994,-0.046223,-0.038241,0.038782,0.036300,-0.044470,0.144968,-0.056006,0.236109,-0.072952,-0.072787,-0.041746,-0.009831,-0.028849,0.025128,0.015171,0.089044,0.100222,0.053008,0.305422,1.000000,0.207761,0.088961,0.147533,0.001571,-0.000194,-0.015179,-0.011303,0.085264,0.024881,0.026892,-0.025841,-0.013969,0.039634,0.055258,-0.054581,-0.030401,0.039222,0.039650,-0.028551,0.003196,-0.089948,-0.066146,-0.054554,-0.005588,-0.055898,-0.034848,0.020968,-0.013517,-0.022535,-0.004437,0.023257,0.003069,0.020134,0.078342,0.022158,-0.035709,0.026637
0.197862,0.170874,0.025402,-0.043595,0.250287,0.191637,0.017101,-0.085818,-0.026556,-0.021232,-0.028674,0.031174,-0.109958,-0.074532,0.093436,0.101383,0.249192,0.103384,0.275360,0.035191,0.043165,0.038590,0.151188,0.190177,0.274490,0.074402,0.114390,0.130457,0.279132,0.319249,0.207761,1.000000,0.111739,0.422879,0.078486,-0.005315,-0.035534,-0.059220,0.093953,0.036767,0.034891,-0.094606,-0.051391,-0.032511,-0.039589,0.008931,-0.109495,-0.087550,0.095572,0.050191,0.073042,0.048863,0.112991,0.074450,-0.009827,0.013706,0.062929,0.133615,0.055523,0.058332,0.069040,0.087084,0.013345,0.059274,0.033984,0.055448,-0.003939,0.122473
0.042811,0.095467,-0.013915,-0.006700,0.006090,0.038611,0.015690,-0.017833,-0.000996,0.026668,0.010049,0.057942,-0.001213,-0.005669,0.058692,0.109596,0.160718,0.154525,0.101448,0.122183,0.127188,0.106877,0.204386,0.105675,0.034645,-0.076208,-0.089494,-0.057128,0.022028,0.040839,0.088961,0.111739,1.000000,0.068952,-0.022332,-0.081751,0.016249,-0.005359,-0.051595,-0.030461,-0.026455,-0.015774,0.004194,0.012865,0.013636,0.055386,0.011804,-0.012397,0.057258,0.034196,0.107102,0.132615,0.120788,0.121590,0.104865,0.124851,0.149168,0.069050,-0.032467,0.050280,0.056953,0.019944,0.025667,-0.027295,0.044445,0.065657,0.021203,0.003482
0.530388,0.241471,0.021521,-0.021242,0.645378,0.284353,0.039333,-0.030208,0.023531,0.041147,0.028464,0.036570,-0.053282,0.001539,0.051001,0.111753,0.249963,0.033289,0.138051,-0.018219,0.005392,-0.008689,0.096453,0.178314,0.240368,0.092259,0.157696,0.289593,0.216613,0.095256,0.147533,0.422879,0.068952,1.000000,0.049456,0.000938,-0.021058,-0.029288,0.092500,0.090644,0.083026,-0.045359,0.015236,0.026920,0.029512,0.009170,-0.053395,-0.004995,0.053634,0.072012,0.088116,0.002786,0.096444,0.008054,-0.046234,-0.021752,0.034398,0.104540,0.058713,0.066224,0.093909,0.106970,0.051254,0.108783,0.090643,0.001772,-0.025113,0.101485
0.085557,0.100564,0.110816,0.070201,0.069556,0.189854,0.011672,-0.014649,-0.017349,0.001294,0.047850,-0.001966,-0.034885,0.046077,-0.013625,0.002858,0.014430,-0.034280,-0.020434,-0.027837,-0.039589,-0.031356,-0.027360,0.002024,0.002385,-0.068532,-0.004674,0.006735,-0.000601,-0.024663,0.001571,0.078486,-0.022332,0.049456,1.000000,0.592159,0.030008,0.042250,0.395031,0.155010,0.098394,-0.029785,-0.022444,-0.011201,0.038002,-0.019370,-0.028880,0.029488,-0.012969,0.067746,0.038272,-0.033538,-0.009911,-0.022950,-0.025895,-0.045994,-0.037395,0.041713,0.136521,0.054091,0.140234,0.150631,0.094820,0.082083,-0.030475,0.115049,-0.018509,0.525329
0.108257,0.112247,0.156392,0.074785,-0.039444,0.163538,0.077363,-0.001528,-0.019523,-0.022986,0.010596,0.000787,-0.028256,0.011218,0.025768,0.017596,-0.015470,0.023142,0.017002,0.041347,0.017361,0.026882,0.038037,-0.003924,-0.038713,-0.067873,-0.014705,-0.012421,-0.018291,-0.039877,-0.000194,-0.005315,-0.081751,0.000938,0.592159,1.000000,0.058536,0.057177,0.363962,0.102805,0.136869,-0.013311,-0.032482,-0.031496,0.003294,-0.009313,-0.010413,0.005171,0.025891,0.063564,0.075983,0.020698,0.018780,0.039845,0.043221,0.014591,0.027146,0.028226,0.087824,0.041815,0.079772,0.121337,0.034563,0.023057,-0.014292,0.021133,-0.051968,0.302233
-0.005096,-0.016870,0.713463,0.752171,-0.021833,0.068894,0.235719,0.448140,0.414409,0.277089,0.159953,0.020840,0.329084,0.162823,-0.121256,-0.004212,-0.023719,-0.090348,-0.025072,-0.086184,-0.072998,-0.074223,-0.020917,-0.051748,-0.007828,0.014089,0.017578,0.022094,-0.003807,0.008381,-0.015179,-0.035534,0.016249,-0.021058,0.030008,0.058536,1.000000,0.730391,0.028840,0.173878,0.339477,0.437138,0.394177,0.288729,0.182077,0.001092,0.237798,0.161514,-0.121337,-0.005076,-0.022611,-0.077605,-0.087987,-0.092339,-0.063103,-0.058035,-0.058257,-0.055832,-0.040498,-0.047090,-0.030202,-0.038814,-0.032484,-0.009943,0.000690,-0.004502,-0.020765,0.038132
0.011897,-0.035324,0.532309,0.972515,-0.007204,0.050010,0.243341,0.602706,0.449925,0.282817,0.133612,0.007026,0.404982,0.133226,-0.077142,-0.006906,-0.037797,-0.069467,-0.031615,-0.064699,-0.070435,-0.081691,-0.047668,-0.078656,-0.017021,0.021497,0.030110,0.045445,-0.011888,-0.012831,-0.011303,-0.059220,-0.005359,-0.029288,0.042250,0.057177,0.730391,1.000000,0.041460,0.146610,0.375899,0.578851,0.422746,0.300775,0.153348,-0.010998,0.282901,0.137985,-0.076204,0.017546,-0.020114,-0.063114,-0.058039,-0.060401,-0.071673,-0.069707,-0.055164,-0.072276,-0.023349,-0.059807,-0.031245,-0.033820,-0.011026,0.000809,-0.003685,0.010200,0.010972,0.049400
0.112824,0.048375,0.046973,0.055055,0.149336,0.271262,0.154069,0.044259,0.047790,0.003024,0.020613,0.050048,-0.018059,-0.010848,0.034758,0.022295,0.043587,-0.021550,0.009150,-0.029676,-0.061417,-0.034746,-0.017526,-0.013528,0.008991,-0.027959,0.013879,0.049012,0.013561,0.059858,0.085264,0.093953,-0.051595,0.092500,0.395031,0.363962,0.028840,0.041460,1.000000,0.209936,0.188520,0.023588,0.028352,-0.005685,0.007753,0.029203,-0.008576,-0.013499,0.037396,0.099389,0.038404,-0.034623,0.035758,-0.018205,-0.025924,-0.053579,-0.030542,0.038029,0.117044,0.050709,0.135227,0.166802,0.080107,0.140087,0.005862,0.115344,0.010415,0.499588
0.014781,0.016088,0.182840,0.152587,0.074170,0.268007,0.242477,0.244527,0.280103,0.200371,0.158502,0.070302,0.232533,0.183013,-0.065647,-0.003074,-0.012121,-0.064487,-0.033750,-0.071570,-0.053466,-0.045867,-0.047714,0.017772,-0.039050,-0.011914,0.036598,0.082733,0.021652,0.048807,0.024881,0.036767,-0.030461,0.090644,0.155010,0.102805,0.173878,0.146610,0.209936,1.000000,0.226578,0.241037,0.313632,0.211525,0.169157,0.046920,0.215383,0.184475,-0.064423,0.037273,0.035761,-0.063403,-0.034992,-0.066731,-0.047387,-0.044959,-0.064416,0.037369,0.044254,-0.067639,0.020147,-0.007984,0.075231,0.158627,0.013453,0.106996,-0.010971,0.224437
0.044082,0.126295,0.343495,0.389649,0.092016,0.246032,0.850788,0.440540,0.404749,0.239373,0.179705,0.080718,0.239959,0.145911,-0.083223,-0.004935,0.025408,-0.064122,0.052386,-0.075868,-0.041194,-0.042986,0.003124,0.026598,0.037377,0.015931,0.040170,0.023589,0.021237,0.017506,0.026892,0.034891,-0.026455,0.083026,0.098394,0.136869,0.339477,0.375899,0.188520,0.226578,1.000000,0.383045,0.413870,0.246777,0.176723,0.063749,0.168387,0.138913,-0.084869,0.019153,-0.021434,-0.079439,-0.060644,-0.069937,-0.046379,-0.035189,-0.027153,0.010119,0.007924,0.037127,0.014289,0.023293,-0.047614,-0.007047,-0.012180,0.062688,0.008515,0.111842
-0.022716,-0.069763,0.271142,0.575640,-0.009661,0.095469,0.357651,0.985225,0.795249,0.564124,0.341867,0.121690,0.867538,0.378835,-0.158948,-0.024500,-0.099824,-0.128501,-0.071958,-0.104553,-0.084362,-0.066959,-0.072316,-0.077418,-0.000992,0.017198,0.025404,0.042122,-0.032269,-0.040246,-0.025841,-0.094606,-0.015774,-0.045359,-0.029785,-0.013311,0.437138,0.578851,0.023588,0.241037,0.383045,1.000000,0.758243,0.603025,0.382336,0.096065,0.744343,0.392782,-0.156030,-0.030238,-0.092857,-0.102347,-0.139398,-0.113185,-0.044427,-0.054166,-0.097185,-0.071112,-0.024884,-0.068857,-0.037230,-0.031755,-0.005639,-0.016786,-0.036295,-0.031071,-0.001558,0.047577
-0.034854,-0.001053,0.309250,0.432924,0.033066,0.155154,0.381827,0.764089,0.896184,0.653800,0.486060,0.101241,0.701374,0.486603,-0.245003,-0.048413,-0.071860,-0.224826,-0.069335,-0.198612,-0.149193,-0.124618,-0.103984,-0.067977,0.029453,0.040315,0.053079,0.055807,-0.002263,-0.018864,-0.013969,-0.051391,0.004194,0.015236,-0.022444,-0.032482,0.394177,0.422746,0.028352,0.313632,0.413870,0.758243,1.000000,0.687055,0.506886,0.078451,0.621041,0.482430,-0.243603,-0.064084,-0.089286,-0.194044,-0.198497,-0.213970,-0.080542,-0.105293,-0.165474,-0.070942,0.010726,-0.021359,-0.010805,-0.008498,0.001089,0.027451,-0.009566,0.010464,-0.023866,0.071334
-0.008844,0.012756,0.219782,0.308048,0.032692,0.078822,0.229858,0.599286,0.646956,0.984758,0.858072,0.060903,0.621038,0.806169,-0.404849,-0.057830,-0.071119,-0.400457,-0.008441,-0.376128,-0.263771,-0.239646,-0.153534,-0.098114,0.066120,0.090746,0.051684,0.033069,0.021544,0.019590,0.039634,-0.032511,0.012865,0.026920,-0.011201,-0.031496,0.288729,0.300775,-0.005685,0.211525,0.246777,0.603025,0.687055,1.000000,0.873830,0.044339,0.598801,0.770849,-0.405801,-0.053160,-0.115143,-0.359172,-0.328621,-0.391425,-0.163947,-0.226062,-0.293676,-0.107098,0.000863,-0.015663,0.007339,0.028931,-0.008572,-0.005145,-0.004831,-0.008426,0.001275,0.082059
0.008715,0.029745,0.155257,0.159110,0.013533,0.063209,0.148752,0.375039,0.438817,0.885898,0.975165,0.030220,0.449122,0.949101,-0.422188,0.064191,-0.045417,-0.387789,0.003435,-0.350470,-0.227432,-0.185584,-0.123313,-0.105613,0.061169,0.055584,0.021181,0.012736,0.042704,0.028876,0.055258,-0.039589,0.013636,0.029512,0.038002,0.003294,0.182077,0.153348,0.007753,0.169157,0.176723,0.382336,0.506886,0.873830,1.000000,0.017138,0.467995,0.910576,-0.419466,0.044097,-0.116396,-0.323521,-0.329306,-0.377034,-0.112024,-0.171818,-0.272100,-0.101118,-0.010374,0.005784,0.003269,0.023172,-0.029686,-0.024229,-0.018157,-0.011170,0.013423,0.057728
0.034016,0.051975,-0.003471,-0.015430,-0.046669,-0.007686,0.125758,0.085986,0.074043,0.048147,-0.002804,0.920470,0.181496,0.024308,0.041505,0.035619,0.058859,0.052106,-0.007974,0.045719,0.062965,0.029997,0.039008,0.027449,0.028191,-0.038654,-0.031193,0.011204,-0.022180,-0.046967,-0.054581,0.008931,0.055386,0.009170,-0.019370,-0.009313,0.001092,-0.010998,0.029203,0.046920,0.063749,0.096065,0.078451,0.044339,0.017138,1.000000,0.236358,0.025871,0.040285,0.055467,0.044572,0.042187,0.049312,0.057963,0.026334,0.024250,0.062307,-0.010489,0.022273,0.064406,0.019156,0.016234,0.003247,-0.000054,-0.037894,0.038523,-0.042527,0.027833
-0.018853,-0.071136,0.122495,0.275230,-0.047922,0.038969,0.190936,0.695200,0.622105,0.566063,0.418384,0.272778,0.945239,0.503392,-0.231636,-0.014603,-0.110212,-0.166337,-0.068001,-0.128680,-0.082265,-0.060155,-0.071293,-0.071213,0.026607,0.034384,0.055548,0.032024,-0.012841,-0.030400,-0.030401,-0.109495,0.011804,-0.053395,-0.028880,-0.010413,0.237798,0.282901,-0.008576,0.215383,0.168387,0.744343,0.621041,0.598801,0.467995,0.236358,1.000000,0.536198,-0.226178,-0.026834,-0.136145,-0.123543,-0.194188,-0.145114,-0.027308,-0.045178,-0.123925,-0.080359,-0.005353,-0.077400,-0.054601,-0.043521,0.006089,-0.043205,-0.042334,-0.038403,-0.029227,0.063513
0.010944,-0.010412,0.139411,0.138309,-0.021800,0.047867,0.114047,0.369300,0.397718,0.754588,0.871930,0.047961,0.506166,0.982755,-0.401684,0.045914,-0.109333,-0.331944,-0.056183,-0.266639,-0.163145,-0.116160,-0.125178,-0.130817,0.021678,0.039453,0.029927,0.015619,0.017198,0.005390,0.039222,-0.087550,-0.012397,-0.004995,0.029488,0.005171,0.161514,0.137985,-0.013499,0.184475,0.138913,0.392782,0.482430,0.770849,0.910576,0.025871,0.536198,1.000000,-0.394147,-0.006484,-0.152740,-0.246127,-0.324298,-0.297124,-0.055596,-0.098815,-0.229125,-0.120204,-0.031362,-0.028813,-0.036494,-0.012303,-0.046515,-0.041745,-0.041380,-0.029339,-0.003134,0.050026
0.046329,-0.002964,-0.093815,-0.081165,0.056473,0.044442,-0.076087,-0.145919,-0.191556,-0.396961,-0.415418,0.044717,-0.216655,-0.407035,0.998415,0.244032,0.156419,0.766813,0.080697,0.721462,0.570426,0.477392,0.401608,0.221573,0.027301,-0.069202,-0.104384,-0.080889,-0.021091,-0.007446,0.039650,0.095572,0.057258,0.053634,-0.012969,0.025891,-0.121337,-0.076204,0.037396,-0.064423,-0.084869,-0.156030,-0.243603,-0.405801,-0.419466,0.040285,-0.226178,-0.394147,1.000000,0.181935,0.396440,0.670642,0.728667,0.817323,0.300708,0.439776,0.649865,0.243745,0.064437,0.037137,-0.006278,-0.003529,0.069204,0.128108,0.221791,0.173105,0.057234,0.050523
0.088429,0.046139,-0.024474,0.010306,0.023861,0.104343,0.043831,-0.029113,-0.037635,-0.029784,0.079402,0.078536,-0.035498,0.000146,0.177341,0.811914,0.301269,0.410717,0.114303,0.374530,0.349383,0.307747,0.351157,0.088423,0.011143,-0.054414,-0.051809,0.009432,-0.012165,-0.065073,-0.028551,0.050191,0.034196,0.072012,0.067746,0.063564,-0.005076,0.017546,0.099389,0.037273,0.019153,-0.030238,-0.064084,-0.053160,0.044097,0.055467,-0.026834,-0.006484,0.181935,1.000000,0.293178,0.417813,0.353661,0.364736,0.214780,0.292851,0.386576,0.144756,0.110757,-0.042188,0.049421,0.057844,0.047240,0.041378,-0.019823,0.112707,0.036205,0.152231
0.096613,0.045240,0.028825,-0.019883,0.063258,0.096542,0.006282,-0.081155,-0.054128,-0.102021,-0.099860,0.078478,-0.137895,-0.133088,0.395823,0.267865,0.242801,0.425665,0.119593,0.380432,0.344169,0.286782,0.337620,0.157122,-0.012101,-0.041618,-0.068923,-0.041332,-0.029528,0.008721,0.003196,0.073042,0.107102,0.088116,0.038272,0.075983,-0.022611,-0.020114,0.038404,0.035761,-0.021434,-0.092857,-0.089286,-0.115143,-0.116396,0.044572,-0.136145,-0.152740,0.396440,0.293178,1.000000,0.407665,0.486141,0.388175,0.189263,0.265764,0.423811,0.149041,0.138063,0.060331,0.100858,0.124195,0.170764,0.254386,0.329462,0.210026,0.028342,0.122920
0.041203,-0.001948,-0.080459,-0.072557,-0.027835,0.072034,-0.060758,-0.105895,-0.149996,-0.359692,-0.313827,0.052110,-0.122552,-0.270533,0.668042,0.584685,0.293754,0.970466,0.170146,0.968225,0.880849,0.831201,0.725373,0.244923,-0.007562,-0.164091,-0.120874,-0.095700,-0.091968,-0.065548,-0.089948,0.048863,0.132615,0.002786,-0.033538,0.020698,-0.077605,-0.063114,-0.034623,-0.063403,-0.079439,-0.102347,-0.194044,-0.359172,-0.323521,0.042187,-0.123543,-0.246127,0.670642,0.417813,0.407665,1.000000,0.822313,0.937477,0.617879,0.819755,0.911605,0.270053,0.090785,0.028032,-0.020797,-0.029336,0.040735,0.055570,0.168167,0.117505,0.036921,0.021479
0.122022,0.034393,-0.064435,-0.064788,0.061395,0.092192,-0.051259,-0.127868,-0.152705,-0.315224,-0.315180,0.064130,-0.185180,-0.325515,0.728967,0.454703,0.323354,0.854316,0.166178,0.803687,0.719177,0.632896,0.613983,0.271595,0.033540,-0.094439,-0.107129,-0.081712,-0.045657,-0.050911,-0.066146,0.112991,0.120788,0.096444,-0.009911,0.018780,-0.087987,-0.058039,0.035758,-0.034992,-0.060644,-0.139398,-0.198497,-0.328621,-0.329306,0.049312,-0.194188,-0.324298,0.728667,0.353661,0.486141,0.822313,1.000000,0.821838,0.436740,0.620756,0.800228,0.286310,0.181559,0.067893,0.015559,0.018311,0.149987,0.229118,0.249305,0.197743,0.056287,0.097957
0.035719,-0.004049,-0.089920,-0.068798,-0.015607,0.056433,-0.043941,-0.113428,-0.166172,-0.391827,-0.372365,0.065644,-0.142264,-0.326517,0.815515,0.499460,0.262181,0.971121,0.131123,0.968463,0.843581,0.771836,0.658179,0.259712,0.008667,-0.138006,-0.115325,-0.084144,-0.061792,-0.051522,-0.054554,0.074450,0.121590,0.008054,-0.022950,0.039845,-0.092339,-0.060401,-0.018205,-0.066731,-0.069937,-0.113185,-0.213970,-0.391425,-0.377034,0.057963,-0.145114,-0.297124,0.817323,0.364736,0.388175,0.937477,0.821838,1.000000,0.559080,0.748666,0.893555,0.278954,0.074126,0.012685,-0.025951,-0.040413,0.038420,0.070984,0.175462,0.147662,0.042301,0.050150
-0.033284,-0.003738,-0.065491,-0.077859,-0.089030,0.021093,-0.059029,-0.044302,-0.058914,-0.162899,-0.090828,0.041116,-0.031062,-0.067575,0.300643,0.296759,0.142205,0.579881,0.107395,0.635661,0.719815,0.728094,0.515640,0.011482,-0.056654,-0.187873,-0.092179,-0.120156,-0.099280,-0.037587,-0.005588,-0.009827,0.104865,-0.046234,-0.025895,0.043221,-0.063103,-0.071673,-0.025924,-0.047387,-0.046379,-0.044427,-0.080542,-0.163947,-0.112024,0.026334,-0.027308,-0.055596,0.300708,0.214780,0.189263,0.617879,0.436740,0.559080,1.000000,0.736604,0.639055,0.034650,-0.039353,-0.040278,-0.029579,-0.062461,-0.050084,-0.059231,0.148010,0.031877,0.030992,-0.051799
-0.007769,0.012466,-0.068992,-0.077617,-0.045415,0.041563,-0.013647,-0.059400,-0.084451,-0.230871,-0.149657,0.031861,-0.049762,-0.113778,0.436184,0.432302,0.216903,0.781338,0.130243,0.806049,0.916481,0.969566,0.693494,0.257575,-0.023265,-0.185385,-0.125257,-0.086294,-0.099492,-0.035212,-0.055898,0.013706,0.124851,-0.021752,-0.045994,0.014591,-0.058035,-0.069707,-0.053579,-0.044959,-0.035189,-0.054166,-0.105293,-0.226062,-0.171818,0.024250,-0.045178,-0.098815,0.439776,0.292851,0.265764,0.819755,0.620756,0.748666,0.736604,1.000000,0.849440,0.287688,0.047647,0.017923,-0.018961,-0.032977,-0.035833,-0.030789,0.153351,0.060549,-0.001309,-0.052633
0.037763,0.017106,-0.066116,-0.061653,0.004680,0.071767,-0.011310,-0.093827,-0.120028,-0.287118,-0.256310,0.075490,-0.124923,-0.239972,0.648478,0.511224,0.308956,0.923480,0.207270,0.915413,0.907154,0.860638,0.801666,0.264953,0.011167,-0.176746,-0.140650,-0.079219,-0.076197,-0.038477,-0.034848,0.062929,0.149168,0.034398,-0.037395,0.027146,-0.058257,-0.055164,-0.030542,-0.064416,-0.027153,-0.097185,-0.165474,-0.293676,-0.272100,0.062307,-0.123925,-0.229125,0.649865,0.386576,0.423811,0.911605,0.800228,0.893555,0.639055,0.849440,1.000000,0.291522,0.114602,0.032142,-0.013717,-0.039005,0.057715,0.096645,0.229259,0.175535,0.016964,0.034775
0.056268,0.125888,-0.013332,-0.075847,0.076004,0.138309,0.014876,-0.062914,-0.053465,-0.098062,-0.090464,-0.005066,-0.080785,-0.113008,0.244780,0.190752,0.159640,0.294584,0.160518,0.268718,0.265469,0.312496,0.284546,0.684504,0.125674,0.019597,-0.025518,0.057594,0.027290,0.095977,0.020968,0.133615,0.069050,0.104540,0.041713,0.028226,-0.055832,-0.072276,0.038029,0.037369,0.010119,-0.071112,-0.070942,-0.107098,-0.101118,-0.010489,-0.080359,-0.120204,0.243745,0.144756,0.149041,0.270053,0.286310,0.278954,0.034650,0.287688,0.291522,1.000000,0.205970,0.241821,0.092522,0.145991,0.060505,0.108396,0.098859,0.072643,0.005063,0.045317
0.093764,0.102635,0.003625,-0.023979,0.099273,0.083870,-0.011091,-0.021599,0.015809,0.011017,-0.007042,0.018980,-0.018026,-0.015681,0.065558,0.074021,0.071636,0.092377,0.080443,0.087580,0.066836,0.048943,0.081295,0.093549,-0.039148,0.002627,-0.032118,0.018800,-0.035703,0.012332,-0.013517,0.055523,-0.032467,0.058713,0.136521,0.087824,-0.040498,-0.023349,0.117044,0.044254,0.007924,-0.024884,0.010726,0.000863,-0.010374,0.022273,-0.005353,-0.031362,0.064437,0.110757,0.138063,0.090785,0.181559,0.074126,-0.039353,0.047647,0.114602,0.205970,1.000000,0.173702,0.254908,0.310164,0.529050,0.342061,0.030657,0.196942,-0.040706,0.254699
0.044664,0.128049,-0.004973,-0.064266,0.024028,0.013712,0.026660,-0.055279,-0.031663,-0.004586,0.012505,0.054079,-0.077708,-0.021698,0.037768,0.032524,0.085443,0.025083,0.061511,0.016560,0.012690,0.032976,0.105131,0.177896,0.068364,0.025697,-0.003240,-0.025241,0.018120,0.051187,-0.022535,0.058332,0.050280,0.066224,0.054091,0.041815,-0.047090,-0.059807,0.050709,-0.067639,0.037127,-0.068857,-0.021359,-0.015663,0.005784,0.064406,-0.077400,-0.028813,0.037137,-0.042188,0.060331,0.028032,0.067893,0.012685,-0.040278,0.017923,0.032142,0.241821,0.173702,1.000000,0.358434,0.330265,0.009328,0.029944,0.040817,-0.028458,-0.049160,0.012446
0.063727,0.126503,0.023857,-0.029263,0.126393,0.056357,0.016469,-0.034499,-0.011265,0.018007,0.004381,0.036174,-0.050970,-0.021872,-0.007191,0.043324,0.028338,-0.011804,0.026337,-0.024565,-0.018178,-0.004899,0.017549,0.086825,0.047720,0.056871,0.032024,-0.037606,0.015511,-0.001441,-0.004437,0.069040,0.056953,0.093909,0.140234,0.079772,-0.030202,-0.031245,0.135227,0.020147,0.014289,-0.037230,-0.010805,0.007339,0.003269,0.019156,-0.054601,-0.036494,-0.006278,0.049421,0.100858,-0.020797,0.015559,-0.025951,-0.029579,-0.018961,-0.013717,0.092522,0.254908,0.358434,1.000000,0.860999,0.160753,0.114464,-0.038343,0.059900,0.009890,0.177710
0.064134,0.123550,0.019506,-0.030025,0.106106,0.097447,0.008594,-0.028447,0.000841,0.039921,0.031958,0.020982,-0.042930,0.003404,-0.003074,0.039130,0.053448,-0.025264,0.062841,-0.040429,-0.038283,-0.020227,0.009404,0.118237,0.055934,0.080157,0.049597,-0.004875,0.003768,0.028065,0.023257,0.087084,0.019944,0.106970,0.150631,0.121337,-0.038814,-0.033820,0.166802,-0.007984,0.023293,-0.031755,-0.008498,0.028931,0.023172,0.016234,-0.043521,-0.012303,-0.003529,0.057844,0.124195,-0.029336,0.018311,-0.040413,-0.062461,-0.032977,-0.039005,0.145991,0.310164,0.330265,0.860999,1.000000,0.167107,0.096661,-0.021121,0.053381,0.016873,0.213476
