1.000000,0.172078,0.060919,0.044250,0.110830,-0.019825,0.059011,0.037696,0.004468,-0.028752,-0.004760,0.001723,0.026426,-0.010387,-0.026939,-0.008579,0.087505,0.013929,-0.028110,-0.017284,-0.041663,-0.009228,0.083444,-0.068705,0.111228,-0.082864,0.026691,0.044148,-0.038440,-0.009131,0.029625,0.112975,-0.070087,0.257413,0.055151,-0.052818,-0.039418,0.006567,0.023335,-0.008383,0.041096,0.029390,0.010617,-0.046439,0.036017,0.011971,-0.035230,0.019163,-0.026537,0.023809,0.008096,0.122557,0.127481,-0.033468,0.022413,0.049753,0.121508,0.048088,0.080427,0.060555,0.006298,0.067442,-0.001787,-0.048284,-0.026671,0.040368,0.055554,0.051123
0.172078,1.000000,0.035657,0.000962,0.055111,-0.014684,0.169770,0.067439,0.065512,-0.031379,-0.008867,-0.005543,0.043313,-0.004290,-0.066291,-0.014282,-0.004721,0.055850,0.075613,-0.006448,0.001115,0.030825,0.008209,-0.013042,0.023358,-0.057670,0.010886,-0.127396,0.080533,0.130535,0.036161,0.039631,-0.019206,0.063116,0.019324,-0.001636,0.098406,-0.018605,0.026086,0.053340,-0.009487,0.085115,0.053147,-0.022896,0.014107,0.018449,0.080662,0.058707,0.007499,-0.011667,0.050066,0.024768,0.019695,0.022789,0.034888,-0.003949,0.145153,0.072992,0.017806,0.010008,-0.101668,-0.017005,-0.001569,0.019006,0.028983,-0.026030,0.070088,0.010286
0.060919,0.035657,1.000000,-0.011148,0.002199,0.022610,0.007752,0.004409,-0.025117,-0.067201,0.014445,-0.053722,0.039892,0.020840,0.053422,0.100804,0.114541,0.008992,0.035675,0.070348,0.026368,0.037236,-0.087515,0.020345,0.031667,-0.023879,0.075743,0.075006,-0.041873,-0.009260,-0.043863,0.086544,0.013140,0.053214,-0.003632,-0.004497,-0.053768,-0.007359,0.023193,-0.003162,-0.017718,-0.046066,-0.023845,-0.033697,-0.058448,-0.072549,-0.047824,-0.073866,-0.060232,0.018415,0.010772,-0.032579,-0.011721,-0.074262,0.043741,0.071910,0.009890,0.040068,0.046806,-0.057049,-0.036057,0.005615,-0.012922,-0.024040,-0.003235,-0.012432,0.054959,0.029338
0.044250,0.000962,-0.011148,1.000000,0.075774,-0.016576,0.018669,0.064997,0.023749,0.013031,0.063036,0.075781,0.057550,0.058588,-0.027962,0.046336,0.026906,-0.007401,0.012399,-0.031148,-0.010164,0.013461,-0.001251,0.046019,-0.019773,-0.001115,0.010351,-0.037908,0.022147,-0.020937,0.019245,0.027763,-0.044611,0.042804,0.059638,0.013046,0.174351,0.466674,0.022138,0.059445,0.083539,0.174520,0.032054,0.071603,0.099909,0.141303,0.249682,0.117146,0.196523,0.079970,0.091468,0.103973,0.041496,0.145659,0.016566,-0.019220,-0.002920,-0.007841,-0.007494,-0.000127,0.012843,0.007357,0.024898,0.070229,0.056890,0.017996,0.011510,0.091661
0.110830,0.055111,0.002199,0.075774,1.000000,0.139180,0.042336,0.198116,0.101786,0.072101,0.023061,0.142315,0.142008,0.040847,0.089021,-0.057285,0.003585,-0.047231,-0.045119,0.033238,0.056258,0.086096,-0.020879,0.037451,-0.072281,-0.069031,0.016957,-0.020517,-0.074796,-0.030333,0.015615,0.052073,-0.057094,0.182822,0.009190,0.034619,0.043460,0.013615,-0.039824,0.068866,0.096681,0.189080,0.108421,0.056021,0.050402,-0.002373,0.024233,0.095287,0.048656,0.068460,0.054618,0.056233,0.104507,0.047717,0.035150,0.056078,-0.018584,0.014253,0.002222,0.017178,0.016769,0.047303,-0.000258,0.079351,0.058639,0.090544,-0.077100,0.064033
-0.019825,-0.014684,0.022610,-0.016576,0.139180,1.000000,0.385836,0.646928,0.678165,0.464784,0.231196,0.250728,0.470676,0.290089,0.274470,0.082490,0.030949,0.169855,0.143680,0.304267,0.103462,0.079890,-0.101991,0.055072,0.014025,0.053843,-0.065101,-0.092956,0.023009,0.077675,0.031903,-0.023752,-0.013516,0.037274,0.060459,0.006253,-0.022956,-0.012839,0.052033,0.183127,0.084005,0.524631,0.282928,0.215204,-0.022505,-0.067674,0.024804,0.063562,0.069553,0.019683,0.025077,-0.037135,0.020754,0.083870,0.022069,0.047607,0.051480,0.019564,-0.024556,0.019575,0.033325,-0.001446,-0.025929,-0.008035,0.026229,0.006916,-0.124129,0.072524
0.059011,0.169770,0.007752,0.018669,0.042336,0.385836,1.000000,0.319389,0.543126,0.367396,0.155580,0.000288,0.169467,0.155639,0.040261,0.192649,-0.004272,0.261299,0.195441,0.079570,0.097046,0.028074,0.044731,-0.000218,0.040787,0.014402,-0.013821,0.005615,0.132556,0.155232,0.044579,0.015879,-0.004725,-0.042550,0.067472,0.016346,0.075390,0.055502,0.095665,0.170739,0.081249,0.302687,0.272518,0.171065,0.008210,0.024806,0.132226,0.099180,0.121542,0.098635,0.017976,-0.035989,0.049186,0.121659,0.048433,0.024460,0.035378,0.058332,-0.055513,0.019902,-0.019791,0.019229,-0.030963,0.046181,-0.033012,0.037337,-0.075554,0.081630
0.037696,0.067439,0.004409,0.064997,0.198116,0.646928,0.319389,1.000000,0.471082,0.435518,0.283645,0.460564,0.853207,0.430692,0.415473,0.084042,-0.012858,0.168784,0.123132,0.367325,0.076415,0.103880,-0.087604,0.083262,-0.016387,-0.058212,-0.034885,-0.120466,0.012769,0.022664,0.008820,-0.029271,-0.054525,0.014074,-0.027805,-0.059668,0.005621,0.055160,0.072305,0.187104,0.140655,0.836936,0.299476,0.214553,0.002944,-0.031933,0.146268,0.137217,0.123302,0.038818,0.002572,0.007664,0.069575,0.142740,0.058141,0.045520,0.043606,0.002381,0.027569,-0.075360,0.044855,0.021624,-0.009641,0.052605,0.052433,0.017629,-0.067649,0.038233
0.004468,0.065512,-0.025117,0.023749,0.101786,0.678165,0.543126,0.471082,1.000000,0.535353,0.294158,0.079032,0.311196,0.300929,0.182576,0.173715,0.085766,0.223947,0.267684,0.219480,0.139402,0.067263,-0.037719,0.012887,-0.002344,0.001343,-0.068522,-0.078385,0.068107,0.154009,0.070452,0.026627,0.012188,0.032105,0.101291,0.062272,-0.001986,0.045646,0.088752,0.204700,0.092045,0.407619,0.368728,0.285892,0.080620,-0.021826,0.102218,0.173575,0.135179,0.053271,0.015021,-0.059560,0.034357,0.176712,-0.013025,0.023774,0.076884,0.025334,-0.002243,-0.018428,0.008626,-0.038653,-0.011819,0.024039,0.046652,0.027359,-0.140739,0.118501
-0.028752,-0.031379,-0.067201,0.013031,0.072101,0.464784,0.367396,0.435518,0.535353,1.000000,0.455827,0.094514,0.275909,0.447299,0.143382,0.236407,0.138788,0.272130,0.182177,0.212686,0.123549,0.146569,0.082980,0.068222,0.026643,0.053195,-0.040094,-0.077096,0.000775,-0.033557,-0.044764,-0.012042,-0.001546,0.056438,0.000840,-0.010478,0.018754,0.101290,0.086906,0.316406,0.226379,0.467232,0.400496,0.537919,0.200820,0.096668,0.151883,0.280598,0.084114,0.071276,-0.080386,0.031085,-0.010272,0.130968,0.004367,0.067594,0.033219,0.027760,0.038703,-0.051872,0.062921,0.015123,0.011884,-0.017588,-0.032110,-0.035810,-0.093896,0.067691
-0.004760,-0.008867,0.014445,0.063036,0.023061,0.231196,0.155580,0.283645,0.294158,0.455827,1.000000,0.008277,0.168765,0.904790,0.187453,0.117277,0.098690,0.163785,0.134831,0.294489,0.155029,0.157630,0.014538,0.077269,0.057459,0.001817,-0.026413,-0.027512,-0.045642,0.037393,-0.021210,0.044323,0.014029,-0.003572,0.053366,0.003911,-0.062370,0.042771,0.110270,0.245831,0.206130,0.290165,0.268328,0.478792,0.340422,0.035601,0.101369,0.359196,0.039077,0.050037,-0.000268,-0.023010,-0.006576,0.115076,-0.072316,-0.026456,0.018920,-0.047716,0.012896,-0.035389,0.026692,0.039038,0.005517,0.042357,-0.022302,0.007031,-0.045350,0.120765
0.001723,-0.005543,-0.053722,0.075781,0.142315,0.250728,0.000288,0.460564,0.079032,0.094514,0.008277,1.000000,0.594686,0.104698,0.274809,-0.030587,0.020986,-0.021757,0.035435,0.185798,-0.003444,0.021276,-0.042421,0.018009,-0.059512,0.026315,-0.037025,-0.056539,-0.067016,-0.067345,0.044046,-0.062775,-0.052465,0.001069,-0.038068,0.016116,0.006792,0.035188,-0.002434,0.057471,0.084091,0.407442,0.080535,-0.006329,-0.053557,0.023065,0.109917,0.001506,0.057377,0.006955,0.066818,0.021646,0.056196,0.034319,-0.069429,0.012592,-0.001943,0.088732,0.011788,-0.033810,0.027767,0.034213,0.020581,0.093798,0.028034,-0.010482,0.004124,0.045493
0.026426,0.043313,0.039892,0.057550,0.142008,0.470676,0.169467,0.853207,0.311196,0.275909,0.168765,0.594686,1.000000,0.332494,0.437839,0.045187,0.004362,0.092928,0.090938,0.348385,0.026528,0.088681,-0.072676,0.071540,-0.038897,-0.066124,0.001566,-0.104995,-0.034044,-0.015916,0.022636,-0.025397,-0.068726,-0.006439,-0.058744,-0.039006,-0.047634,0.026726,0.023782,0.100646,0.052995,0.729333,0.178900,0.079928,-0.045606,-0.057201,0.150682,0.062645,0.117035,0.029794,-0.007638,0.020836,0.034377,0.105668,0.022004,0.043714,0.031098,0.035990,0.015715,-0.086666,0.032089,0.005512,-0.004893,0.017047,0.005817,-0.016103,-0.000824,0.012793
-0.010387,-0.004290,0.020840,0.058588,0.040847,0.290089,0.155639,0.430692,0.300929,0.447299,0.904790,0.104698,0.332494,1.000000,0.361114,0.087527,0.076023,0.194276,0.138265,0.434361,0.154416,0.157148,-0.013442,0.089173,0.042808,-0.032998,-0.029699,-0.026222,-0.036765,0.042049,-0.033119,0.021573,0.001111,-0.002760,0.021182,-0.012557,-0.065197,0.050970,0.101963,0.214442,0.174086,0.416588,0.240084,0.392059,0.272472,0.019890,0.138099,0.321569,0.075938,0.046708,-0.011545,-0.041546,-0.007240,0.126105,-0.048481,-0.018210,-0.002512,-0.041182,0.016861,-0.049408,0.032060,0.013894,-0.016602,0.053913,-0.002629,0.019587,-0.032614,0.096936
-0.026939,-0.066291,0.053422,-0.027962,0.089021,0.274470,0.040261,0.415473,0.182576,0.143382,0.187453,0.274809,0.437839,0.361114,1.000000,-0.013291,0.080560,0.257850,0.035143,0.755425,0.145379,0.160200,-0.065697,0.106634,-0.017820,-0.037851,0.021951,0.011750,-0.082066,-0.010491,0.020685,0.053307,-0.025707,0.014642,-0.055313,-0.052473,-0.078952,-0.016573,0.057259,-0.054270,-0.037639,0.300709,0.001320,-0.046949,-0.127009,-0.122596,0.010220,-0.047646,0.100469,0.037833,-0.005547,-0.112427,-0.040385,0.016182,0.016385,0.055183,0.054528,0.074970,0.048853,-0.007727,0.034973,-0.022998,-0.061440,-0.022964,0.001136,-0.043294,-0.016860,0.020148
-0.008579,-0.014282,0.100804,0.046336,-0.057285,0.082490,0.192649,0.084042,0.173715,0.236407,0.117277,-0.030587,0.045187,0.087527,-0.013291,1.000000,0.274804,0.015297,0.013851,-0.069336,0.064433,0.039123,0.025197,-0.022607,0.125848,-0.065808,-0.013661,-0.007018,-0.071477,0.010318,-0.061768,0.026730,-0.008859,0.076668,0.074287,0.039588,0.003434,0.079749,0.085785,0.185160,0.080821,0.107246,0.166247,0.208520,0.109293,0.007060,-0.002615,0.081729,-0.065920,0.078830,-0.005747,-0.022184,0.017739,0.013146,0.036380,0.040743,0.055290,0.034489,-0.019419,-0.125325,0.039897,0.061893,-0.018490,-0.011111,-0.113458,0.036671,-0.009329,0.175481
0.087505,-0.004721,0.114541,0.026906,0.003585,0.030949,-0.004272,-0.012858,0.085766,0.138788,0.098690,0.020986,0.004362,0.076023,0.080560,0.274804,1.000000,0.060195,0.051903,0.062388,0.027009,-0.037155,-0.008165,-0.016909,0.019464,-0.055604,0.029612,0.014054,-0.082426,0.053682,0.040712,0.023132,0.033878,0.153722,0.025615,0.048789,-0.028454,-0.003567,0.078815,0.092786,0.016274,-0.010866,0.124283,0.164888,0.072603,-0.032249,-0.074262,0.008978,-0.081242,0.031668,0.030956,0.012386,0.014578,-0.056913,-0.034070,-0.017900,0.082194,0.018065,0.031495,-0.038948,-0.029210,-0.003802,-0.018439,-0.018459,-0.090814,-0.093748,0.029797,0.150885
0.013929,0.055850,0.008992,-0.007401,-0.047231,0.169855,0.261299,0.168784,0.223947,0.272130,0.163785,-0.021757,0.092928,0.194276,0.257850,0.015297,0.060195,1.000000,0.381835,0.385581,0.271900,0.210827,0.180022,0.101086,0.063774,0.079052,-0.012323,-0.017376,0.058282,0.120910,0.043157,0.084779,0.063601,-0.062775,-0.059485,-0.051723,-0.011658,0.044745,0.145013,0.065340,0.078076,0.156430,0.052803,0.113659,0.082009,0.096517,0.144706,0.123684,0.137991,0.021955,-0.039365,0.049609,-0.017973,0.156326,0.038614,0.035611,0.091272,0.018949,0.021400,0.002512,0.039354,-0.077763,-0.040256,-0.088947,-0.046308,-0.081017,0.068230,0.024193
-0.028110,0.075613,0.035675,0.012399,-0.045119,0.143680,0.195441,0.123132,0.267684,0.182177,0.134831,0.035435,0.090938,0.138265,0.035143,0.013851,0.051903,0.381835,1.000000,0.146511,0.079146,0.064898,0.125033,0.050901,-0.011083,0.012471,-0.039559,0.028276,0.062908,0.307110,0.135215,0.045867,0.037130,-0.056148,-0.016337,0.097491,-0.055266,0.055724,0.011574,0.109889,0.085697,0.121901,0.158695,0.145105,0.072646,0.084831,0.108170,0.110931,0.097740,0.072557,0.005659,0.068712,0.028946,0.114803,-0.013410,0.034560,0.086578,0.054305,0.035282,0.113040,0.035971,-0.067182,0.038326,0.008847,0.063435,0.020360,0.038077,0.121422
-0.017284,-0.006448,0.070348,-0.031148,0.033238,0.304267,0.079570,0.367325,0.219480,0.212686,0.294489,0.185798,0.348385,0.434361,0.755425,-0.069336,0.062388,0.385581,0.146511,1.000000,0.211019,0.205660,-0.038088,0.099077,-0.004674,0.009573,0.004316,-0.023115,-0.050930,0.031534,0.033375,0.050411,-0.007476,0.012400,-0.062356,-0.049480,-0.047354,-0.024244,0.051043,0.040381,0.025273,0.298043,0.082720,0.021668,-0.056463,-0.092006,0.023712,0.023018,0.119788,0.039791,-0.003466,-0.007444,-0.015771,0.087449,0.025814,0.054165,0.095180,0.075997,0.082889,0.023864,0.027749,-0.047108,-0.059257,-0.023622,0.045195,-0.005727,0.034856,-0.015955
-0.041663,0.001115,0.026368,-0.010164,0.056258,0.103462,0.097046,0.076415,0.139402,0.123549,0.155029,-0.003444,0.026528,0.154416,0.145379,0.064433,0.027009,0.271900,0.079146,0.211019,1.000000,0.569306,0.092723,0.306804,0.033746,0.040685,-0.043398,-0.042943,0.040132,-0.009037,0.030746,-0.034341,0.001485,0.041166,-0.037395,0.026455,-0.018251,-0.095550,0.127464,0.078357,0.046673,0.093115,0.070025,0.099115,-0.013375,-0.070172,-0.029723,0.001899,0.003847,0.028188,0.028750,0.035067,0.046856,-0.031940,0.015844,0.044349,-0.019935,0.012386,0.041747,-0.022962,-0.013419,-0.041666,0.102864,0.089239,0.012661,-0.006468,-0.046844,0.050759
-0.009228,0.030825,0.037236,0.013461,0.086096,0.079890,0.028074,0.103880,0.067263,0.146569,0.157630,0.021276,0.088681,0.157148,0.160200,0.039123,-0.037155,0.210827,0.064898,0.205660,0.569306,1.000000,0.192181,0.616923,0.073266,0.038042,0.015273,-0.035201,0.054287,0.045889,0.003787,0.036803,0.020411,0.066594,0.042498,0.009409,-0.056738,-0.039906,0.056611,0.093248,0.045440,0.118921,0.053608,0.091735,0.014261,-0.005221,0.014191,0.053100,-0.049443,-0.030611,0.050499,0.068560,0.074629,-0.013380,0.071247,0.125263,0.076097,0.100782,0.060531,0.016229,0.033425,0.070103,0.048592,0.022011,0.023397,-0.037338,-0.011028,0.083628
0.083444,0.008209,-0.087515,-0.001251,-0.020879,-0.101991,0.044731,-0.087604,-0.037719,0.082980,0.014538,-0.042421,-0.072676,-0.013442,-0.065697,0.025197,-0.008165,0.180022,0.125033,-0.038088,0.092723,0.192181,1.000000,0.168054,0.145001,0.066523,0.027662,-0.030201,0.096472,0.014318,0.009197,0.077028,0.051081,0.032888,0.052319,0.009610,-0.012054,0.048293,0.097106,-0.027105,-0.001844,-0.045095,-0.038404,0.026291,0.047717,0.035408,0.022936,0.054014,-0.039894,-0.050588,-0.074450,0.071078,0.044054,-0.002093,-0.070277,0.074079,-0.051005,0.110237,0.046801,0.048007,0.042209,0.099215,0.048618,-0.038076,-0.051643,-0.011524,0.010344,0.043830
-0.068705,-0.013042,0.020345,0.046019,0.037451,0.055072,-0.000218,0.083262,0.012887,0.068222,0.077269,0.018009,0.071540,0.089173,0.106634,-0.022607,-0.016909,0.101086,0.050901,0.099077,0.306804,0.616923,0.168054,1.000000,0.029421,0.044425,0.037345,-0.019544,0.086252,0.042125,0.006141,0.022747,0.003497,0.052411,0.098981,0.054273,-0.042887,-0.020785,0.066346,0.054134,0.027836,0.107498,0.029540,0.046665,0.048698,-0.010290,0.002963,0.055659,-0.001987,0.070918,0.062384,-0.004059,0.026259,0.015527,0.025114,0.025832,0.022232,0.057386,0.002517,0.065438,0.033020,0.104203,-0.012622,0.034624,-0.032989,-0.057786,-0.038663,0.105839
0.111228,0.023358,0.031667,-0.019773,-0.072281,0.014025,0.040787,-0.016387,-0.002344,0.026643,0.057459,-0.059512,-0.038897,0.042808,-0.017820,0.125848,0.019464,0.063774,-0.011083,-0.004674,0.033746,0.073266,0.145001,0.029421,1.000000,0.048400,-0.006089,0.035650,-0.003973,0.046864,0.053109,0.092156,0.045893,0.014520,-0.005309,-0.098489,0.003766,-0.036781,0.136528,-0.027313,-0.023248,-0.021426,-0.046052,0.016260,0.066733,-0.004932,0.046951,0.061457,0.012339,-0.026208,-0.069213,-0.078150,-0.021680,-0.076896,0.060984,0.024969,0.008242,0.049815,-0.021618,-0.033720,0.014393,-0.027516,-0.050820,-0.107727,-0.053237,-0.041747,0.023779,0.036658
-0.082864,-0.057670,-0.023879,-0.001115,-0.069031,0.053843,0.014402,-0.058212,0.001343,0.053195,0.001817,0.026315,-0.066124,-0.032998,-0.037851,-0.065808,-0.055604,0.079052,0.012471,0.009573,0.040685,0.038042,0.066523,0.044425,0.048400,1.000000,0.141736,-0.021273,-0.013678,-0.004207,0.059092,0.003843,-0.025794,-0.043604,-0.074112,-0.048319,0.012868,0.028817,0.039264,0.016530,0.046737,-0.005037,-0.038810,0.022967,-0.035943,-0.008570,-0.014791,-0.022214,-0.063689,-0.012738,-0.004222,-0.055558,0.034856,-0.092423,-0.011546,0.008174,0.016089,-0.033826,0.021752,0.026423,-0.049300,-0.049336,0.046847,0.061292,0.004186,-0.051569,-0.061629,0.001650
0.026691,0.010886,0.075743,0.010351,0.016957,-0.065101,-0.013821,-0.034885,-0.068522,-0.040094,-0.026413,-0.037025,0.001566,-0.029699,0.021951,-0.013661,0.029612,-0.012323,-0.039559,0.004316,-0.043398,0.015273,0.027662,0.037345,-0.006089,0.141736,1.000000,0.194820,-0.050660,-0.018131,-0.040142,-0.005293,-0.066540,-0.000580,-0.043337,0.005748,0.016838,-0.031272,0.064555,0.006360,-0.025484,-0.041437,-0.008386,-0.017270,-0.087217,0.010448,-0.022308,-0.080242,-0.088387,0.001717,-0.011677,0.040544,0.053305,-0.126715,-0.029482,-0.026346,-0.042395,0.024334,0.009733,-0.035710,-0.119786,-0.023544,0.067990,0.072268,-0.005565,-0.004201,-0.008447,0.027575
0.044148,-0.127396,0.075006,-0.037908,-0.020517,-0.092956,0.005615,-0.120466,-0.078385,-0.077096,-0.027512,-0.056539,-0.104995,-0.026222,0.011750,-0.007018,0.014054,-0.017376,0.028276,-0.023115,-0.042943,-0.035201,-0.030201,-0.019544,0.035650,-0.021273,0.194820,1.000000,0.045318,0.061923,-0.022705,0.013953,-0.005911,0.046620,-0.052781,-0.004277,-0.074704,-0.044802,-0.019288,-0.023487,0.032348,-0.102052,-0.012603,-0.042352,0.019306,-0.057948,-0.043717,-0.004896,0.025838,-0.017226,-0.077861,-0.047275,-0.020481,-0.017314,-0.066398,-0.076127,-0.097916,0.027622,-0.035994,-0.088982,-0.067554,0.035733,0.011236,0.012853,-0.018261,0.016462,-0.102654,0.037505
-0.038440,0.080533,-0.041873,0.022147,-0.074796,0.023009,0.132556,0.012769,0.068107,0.000775,-0.045642,-0.067016,-0.034044,-0.036765,-0.082066,-0.071477,-0.082426,0.058282,0.062908,-0.050930,0.040132,0.054287,0.096472,0.086252,-0.003973,-0.013678,-0.050660,0.045318,1.000000,0.289666,0.018647,-0.027790,0.066751,-0.084395,0.002914,-0.062947,-0.049416,-0.002531,-0.034278,-0.027981,-0.092883,0.006252,-0.061821,-0.072549,0.010553,0.026809,0.057346,0.033866,0.048401,0.049675,-0.013864,-0.033654,-0.033750,0.027698,-0.003846,-0.009036,0.037232,0.000445,-0.006104,0.024607,-0.004163,0.050630,0.011810,-0.030014,-0.007931,-0.081451,0.021103,-0.034572
-0.009131,0.130535,-0.009260,-0.020937,-0.030333,0.077675,0.155232,0.022664,0.154009,-0.033557,0.037393,-0.067345,-0.015916,0.042049,-0.010491,0.010318,0.053682,0.120910,0.307110,0.031534,-0.009037,0.045889,0.014318,0.042125,0.046864,-0.004207,-0.018131,0.061923,0.289666,1.000000,0.093184,0.111402,0.088098,-0.038429,0.070197,0.029797,-0.056371,-0.037308,0.011332,-0.011295,-0.030323,-0.002936,-0.044131,0.001588,0.019667,-0.014807,0.037361,0.041177,0.091519,0.031321,-0.006612,-0.010038,-0.064479,0.058267,0.083108,-0.016231,0.114081,0.062157,0.003961,0.031928,-0.078993,-0.086527,-0.035597,-0.029394,0.030719,-0.056229,-0.000092,0.007407
0.029625,0.036161,-0.043863,0.019245,0.015615,0.031903,0.044579,0.008820,0.070452,-0.044764,-0.021210,0.044046,0.022636,-0.033119,0.020685,-0.061768,0.040712,0.043157,0.135215,0.033375,0.030746,0.003787,0.009197,0.006141,0.053109,0.059092,-0.040142,-0.022705,0.018647,0.093184,1.000000,-0.002740,0.026323,0.059658,0.085799,0.031091,-0.020380,0.058584,-0.018758,0.009666,-0.019837,0.016292,0.040426,-0.018574,-0.019197,0.003732,0.038338,-0.016268,0.086945,0.018885,0.012942,0.027005,0.018381,0.116669,0.007626,0.059396,0.122645,0.044088,-0.008887,0.034460,-0.062614,-0.041118,0.041118,0.022097,0.035930,-0.026205,0.015062,0.048939
0.112975,0.039631,0.086544,0.027763,0.052073,-0.023752,0.015879,-0.029271,0.026627,-0.012042,0.044323,-0.062775,-0.025397,0.021573,0.053307,0.026730,0.023132,0.084779,0.045867,0.050411,-0.034341,0.036803,0.077028,0.022747,0.092156,0.003843,-0.005293,0.013953,-0.027790,0.111402,-0.002740,1.000000,-0.029199,-0.000830,-0.007862,-0.090024,-0.001684,0.000720,0.029703,-0.010329,-0.008552,-0.017515,-0.037216,-0.007338,0.020619,0.024962,-0.030774,0.016778,-0.031316,-0.020062,-0.025433,0.066594,0.017856,0.026370,0.030635,-0.001232,0.114037,0.048324,-0.013996,0.018052,-0.020793,-0.019471,-0.040464,-0.071925,-0.061206,-0.048262,0.062148,0.051028
-0.070087,-0.019206,0.013140,-0.044611,-0.057094,-0.013516,-0.004725,-0.054525,0.012188,-0.001546,0.014029,-0.052465,-0.068726,0.001111,-0.025707,-0.008859,0.033878,0.063601,0.037130,-0.007476,0.001485,0.020411,0.051081,0.003497,0.045893,-0.025794,-0.066540,-0.005911,0.066751,0.088098,0.026323,-0.029199,1.000000,-0.091247,0.044458,0.024318,-0.027128,-0.086361,0.023994,-0.003957,0.002197,-0.030010,-0.052329,-0.044888,0.064137,-0.062447,-0.039433,0.031288,0.011548,-0.036920,-0.087747,-0.013434,-0.025018,0.056481,0.006154,-0.037535,0.103889,0.042942,0.035181,-0.002097,0.016435,0.059079,-0.050569,-0.126269,-0.109549,-0.023900,0.105635,-0.000879
0.257413,0.063116,0.053214,0.042804,0.182822,0.037274,-0.042550,0.014074,0.032105,0.056438,-0.003572,0.001069,-0.006439,-0.002760,0.014642,0.076668,0.153722,-0.062775,-0.056148,0.012400,0.041166,0.066594,0.032888,0.052411,0.014520,-0.043604,-0.000580,0.046620,-0.084395,-0.038429,0.059658,-0.000830,-0.091247,1.000000,0.074067,0.058369,0.006510,-0.001737,-0.013944,0.093381,0.084758,0.040608,0.059282,0.063885,-0.013269,-0.049819,-0.035093,-0.019910,-0.012710,0.078347,0.018505,0.063621,-0.022528,-0.061813,-0.016026,-0.021581,0.082801,-0.018808,0.040010,0.028635,0.055633,0.001334,-0.032872,-0.030353,0.048217,0.025985,0.013352,0.113232
0.055151,0.019324,-0.003632,0.059638,0.009190,0.060459,0.067472,-0.027805,0.101291,0.000840,0.053366,-0.038068,-0.058744,0.021182,-0.055313,0.074287,0.025615,-0.059485,-0.016337,-0.062356,-0.037395,0.042498,0.052319,0.098981,-0.005309,-0.074112,-0.043337,-0.052781,0.002914,0.070197,0.085799,-0.007862,0.044458,0.074067,1.000000,0.377320,0.043687,0.097111,0.063055,-0.038275,0.107487,-0.011759,-0.054807,0.043674,0.070796,0.035556,0.101402,0.078667,0.050698,0.047098,-0.007066,0.017076,-0.060890,0.088903,0.071180,0.042137,0.041020,0.061884,0.017533,-0.017103,0.011994,0.055822,-0.011613,-0.027547,0.020842,0.065482,-0.027779,0.328829
-0.052818,-0.001636,-0.004497,0.013046,0.034619,0.006253,0.016346,-0.059668,0.062272,-0.010478,0.003911,0.016116,-0.039006,-0.012557,-0.052473,0.039588,0.048789,-0.051723,0.097491,-0.049480,0.026455,0.009409,0.009610,0.054273,-0.098489,-0.048319,0.005748,-0.004277,-0.062947,0.029797,0.031091,-0.090024,0.024318,0.058369,0.377320,1.000000,0.030745,0.070211,0.062990,0.024259,0.091607,-0.023078,0.036007,0.051296,0.010764,0.030039,0.041112,0.009721,0.036371,0.074971,0.062557,0.045377,-0.006018,0.065789,0.060078,0.037473,0.113989,0.101788,0.067346,-0.020986,-0.032107,0.027398,-0.012638,0.074219,0.084951,0.120405,0.008337,0.199676
-0.039418,0.098406,-0.053768,0.174351,0.043460,-0.022956,0.075390,0.005621,-0.001986,0.018754,-0.062370,0.006792,-0.047634,-0.065197,-0.078952,0.003434,-0.028454,-0.011658,-0.055266,-0.047354,-0.018251,-0.056738,-0.012054,-0.042887,0.003766,0.012868,0.016838,-0.074704,-0.049416,-0.056371,-0.020380,-0.001684,-0.027128,0.006510,0.043687,0.030745,1.000000,0.106909,0.086378,0.108978,0.127625,0.066408,0.022573,-0.022492,0.030939,0.040067,0.116861,0.041217,0.023963,-0.080594,0.022062,0.042112,0.041738,0.014688,0.050645,0.038876,-0.061996,0.074731,-0.024903,0.001544,-0.026670,0.057250,-0.018335,0.066599,0.057275,0.095680,0.069111,0.047200
0.006567,-0.018605,-0.007359,0.466674,0.013615,-0.012839,0.055502,0.055160,0.045646,0.101290,0.042771,0.035188,0.026726,0.050970,-0.016573,0.079749,-0.003567,0.044745,0.055724,-0.024244,-0.095550,-0.039906,0.048293,-0.020785,-0.036781,0.028817,-0.031272,-0.044802,-0.002531,-0.037308,0.058584,0.000720,-0.086361,-0.001737,0.097111,0.070211,0.106909,1.000000,-0.035154,0.101325,0.122133,0.113264,0.114236,0.111249,0.075775,0.398104,0.321910,0.139545,0.119090,0.114717,0.069355,0.117882,0.059550,0.092322,-0.006262,-0.020607,0.022015,0.012740,0.013225,-0.003996,-0.006229,-0.032812,0.002244,0.087117,0.091656,0.047808,-0.010208,0.086454
0.023335,0.026086,0.023193,0.022138,-0.039824,0.052033,0.095665,0.072305,0.088752,0.086906,0.110270,-0.002434,0.023782,0.101963,0.057259,0.085785,0.078815,0.145013,0.011574,0.051043,0.127464,0.056611,0.097106,0.066346,0.136528,0.039264,0.064555,-0.019288,-0.034278,0.011332,-0.018758,0.029703,0.023994,-0.013944,0.063055,0.062990,0.086378,-0.035154,1.000000,0.183490,0.216519,0.088310,0.103629,0.194571,0.084848,-0.011353,0.063952,0.106979,0.022275,0.094683,0.121966,0.044623,0.151135,0.042998,0.020296,-0.004533,-0.012134,0.002331,0.015443,0.022646,-0.060590,-0.043431,0.036867,0.089348,0.081332,0.052594,0.058989,0.335449
-0.008383,0.053340,-0.003162,0.059445,0.068866,0.183127,0.170739,0.187104,0.204700,0.316406,0.245831,0.057471,0.100646,0.214442,-0.054270,0.185160,0.092786,0.065340,0.109889,0.040381,0.078357,0.093248,-0.027105,0.054134,-0.027313,0.016530,0.006360,-0.023487,-0.027981,-0.011295,0.009666,-0.010329,-0.003957,0.093381,-0.038275,0.024259,0.108978,0.101325,0.183490,1.000000,0.421237,0.349747,0.602789,0.561244,0.244567,0.041067,0.038734,0.278391,0.142651,0.030415,0.124421,0.158821,0.149430,0.183438,-0.007668,-0.029774,0.065974,0.003843,0.082339,-0.000598,-0.040183,0.046953,0.180273,0.221712,0.095911,0.127092,-0.033507,0.211096
0.041096,-0.009487,-0.017718,0.083539,0.096681,0.084005,0.081249,0.140655,0.092045,0.226379,0.206130,0.084091,0.052995,0.174086,-0.037639,0.080821,0.016274,0.078076,0.085697,0.025273,0.046673,0.045440,-0.001844,0.027836,-0.023248,0.046737,-0.025484,0.032348,-0.092883,-0.030323,-0.019837,-0.008552,0.002197,0.084758,0.107487,0.091607,0.127625,0.122133,0.216519,0.421237,1.000000,0.270392,0.294574,0.340642,0.300188,0.154161,0.219474,0.313028,0.110013,0.092834,0.108025,0.109873,0.072059,0.160224,0.004938,-0.002256,-0.008351,0.012997,0.009620,0.025138,-0.091877,0.036449,0.115498,0.160492,0.070022,0.082786,-0.061697,0.120178
0.029390,0.085115,-0.046066,0.174520,0.189080,0.524631,0.302687,0.836936,0.407619,0.467232,0.290165,0.407442,0.729333,0.416588,0.300709,0.107246,-0.010866,0.156430,0.121901,0.298043,0.093115,0.118921,-0.045095,0.107498,-0.021426,-0.005037,-0.041437,-0.102052,0.006252,-0.002936,0.016292,-0.017515,-0.030010,0.040608,-0.011759,-0.023078,0.066408,0.113264,0.088310,0.349747,0.270392,1.000000,0.384583,0.315269,0.128722,0.002067,0.270935,0.299765,0.203766,0.071777,0.025975,0.110135,0.082881,0.231035,0.077637,0.010902,0.060714,-0.028175,0.019693,-0.025972,0.048928,0.006142,0.009704,0.075184,0.028082,0.040326,-0.041648,0.062272
0.010617,0.053147,-0.023845,0.032054,0.108421,0.282928,0.272518,0.299476,0.368728,0.400496,0.268328,0.080535,0.178900,0.240084,0.001320,0.166247,0.124283,0.052803,0.158695,0.082720,0.070025,0.053608,-0.038404,0.029540,-0.046052,-0.038810,-0.008386,-0.012603,-0.061821,-0.044131,0.040426,-0.037216,-0.052329,0.059282,-0.054807,0.036007,0.022573,0.114236,0.103629,0.602789,0.294574,0.384583,1.000000,0.623582,0.171631,0.053574,0.053198,0.248118,0.147310,0.149838,0.213973,0.118469,0.213331,0.183634,0.006070,0.029050,0.007709,-0.020614,0.070035,-0.041262,-0.015121,0.080136,0.219543,0.257470,0.160341,0.092168,-0.087409,0.186817
-0.046439,-0.022896,-0.033697,0.071603,0.056021,0.215204,0.171065,0.214553,0.285892,0.537919,0.478792,-0.006329,0.079928,0.392059,-0.046949,0.208520,0.164888,0.113659,0.145105,0.021668,0.099115,0.091735,0.026291,0.046665,0.016260,0.022967,-0.017270,-0.042352,-0.072549,0.001588,-0.018574,-0.007338,-0.044888,0.063885,0.043674,0.051296,-0.022492,0.111249,0.194571,0.561244,0.340642,0.315269,0.623582,1.000000,0.345453,0.080327,0.058904,0.357730,0.057031,0.177639,0.181667,0.157929,0.191872,0.112821,0.018130,-0.010043,-0.003200,-0.060700,0.098587,-0.020862,0.024570,0.039169,0.212854,0.200757,0.132217,0.050981,-0.113025,0.234774
0.036017,0.014107,-0.058448,0.099909,0.050402,-0.022505,0.008210,0.002944,0.080620,0.200820,0.340422,-0.053557,-0.045606,0.272472,-0.127009,0.109293,0.072603,0.082009,0.072646,-0.056463,-0.013375,0.014261,0.047717,0.048698,0.066733,-0.035943,-0.087217,0.019306,0.010553,0.019667,-0.019197,0.020619,0.064137,-0.013269,0.070796,0.010764,0.030939,0.075775,0.084848,0.244567,0.300188,0.128722,0.171631,0.345453,1.000000,0.187298,0.343552,0.824797,0.337471,0.069954,-0.000730,0.065441,0.050734,0.433831,-0.021538,-0.073270,0.025604,0.015400,0.049012,0.023882,0.053604,0.074520,0.076557,0.083552,0.073097,0.016938,-0.028045,0.081291
0.011971,0.018449,-0.072549,0.141303,-0.002373,-0.067674,0.024806,-0.031933,-0.021826,0.096668,0.035601,0.023065,-0.057201,0.019890,-0.122596,0.007060,-0.032249,0.096517,0.084831,-0.092006,-0.070172,-0.005221,0.035408,-0.010290,-0.004932,-0.008570,0.010448,-0.057948,0.026809,-0.014807,0.003732,0.024962,-0.062447,-0.049819,0.035556,0.030039,0.040067,0.398104,-0.011353,0.041067,0.154161,0.002067,0.053574,0.080327,0.187298,1.000000,0.561728,0.178982,0.075934,0.073309,0.076024,0.111024,0.106822,0.080277,0.014271,0.046963,0.004777,0.051640,-0.020380,0.009044,-0.024172,0.055539,0.069976,0.151727,0.183720,0.058590,-0.016341,0.018943
-0.035230,0.080662,-0.047824,0.249682,0.024233,0.024804,0.132226,0.146268,0.102218,0.151883,0.101369,0.109917,0.150682,0.138099,0.010220,-0.002615,-0.074262,0.144706,0.108170,0.023712,-0.029723,0.014191,0.022936,0.002963,0.046951,-0.014791,-0.022308,-0.043717,0.057346,0.037361,0.038338,-0.030774,-0.039433,-0.035093,0.101402,0.041112,0.116861,0.321910,0.063952,0.038734,0.219474,0.270935,0.053198,0.058904,0.343552,0.561728,1.000000,0.444793,0.362025,0.140785,0.034865,-0.002445,0.030798,0.331524,0.092831,0.023396,-0.015671,0.107560,-0.028746,0.013836,0.027473,0.078635,0.069472,0.153423,0.136448,0.097219,0.015284,0.078494
0.019163,0.058707,-0.073866,0.117146,0.095287,0.063562,0.099180,0.137217,0.173575,0.280598,0.359196,0.001506,0.062645,0.321569,-0.047646,0.081729,0.008978,0.123684,0.110931,0.023018,0.001899,0.053100,0.054014,0.055659,0.061457,-0.022214,-0.080242,-0.004896,0.033866,0.041177,-0.016268,0.016778,0.031288,-0.019910,0.078667,0.009721,0.041217,0.139545,0.106979,0.278391,0.313028,0.299765,0.248118,0.357730,0.824797,0.178982,0.444793,1.000000,0.469293,0.126592,0.019940,0.090755,0.101976,0.543847,0.024408,-0.033820,0.040738,0.024654,0.018390,0.083106,0.050206,0.061525,0.085788,0.112606,0.106457,0.030636,-0.034213,0.110444
-0.026537,0.007499,-0.060232,0.196523,0.048656,0.069553,0.121542,0.123302,0.135179,0.084114,0.039077,0.057377,0.117035,0.075938,0.100469,-0.065920,-0.081242,0.137991,0.097740,0.119788,0.003847,-0.049443,-0.039894,-0.001987,0.012339,-0.063689,-0.088387,0.025838,0.048401,0.091519,0.086945,-0.031316,0.011548,-0.012710,0.050698,0.036371,0.023963,0.119090,0.022275,0.142651,0.110013,0.203766,0.147310,0.057031,0.337471,0.075934,0.362025,0.469293,1.000000,0.073604,0.015641,0.088790,0.077207,0.740230,0.072219,-0.071254,0.060165,0.038299,-0.006954,0.044963,0.002781,0.005662,0.120571,0.139363,0.089185,0.015882,0.013858,-0.004794
0.023809,-0.011667,0.018415,0.079970,0.068460,0.019683,0.098635,0.038818,0.053271,0.071276,0.050037,0.006955,0.029794,0.046708,0.037833,0.078830,0.031668,0.021955,0.072557,0.039791,0.028188,-0.030611,-0.050588,0.070918,-0.026208,-0.012738,0.001717,-0.017226,0.049675,0.031321,0.018885,-0.020062,-0.036920,0.078347,0.047098,0.074971,-0.080594,0.114717,0.094683,0.030415,0.092834,0.071777,0.149838,0.177639,0.069954,0.073309,0.140785,0.126592,0.073604,1.000000,0.363730,0.027802,0.129210,0.037259,0.042398,-0.029284,0.029589,0.009769,0.020635,0.094103,-0.013923,0.131893,0.119756,0.143653,0.108589,0.052479,-0.083919,0.230780
0.008096,0.050066,0.010772,0.091468,0.054618,0.025077,0.017976,0.002572,0.015021,-0.080386,-0.000268,0.066818,-0.007638,-0.011545,-0.005547,-0.005747,0.030956,-0.039365,0.005659,-0.003466,0.028750,0.050499,-0.074450,0.062384,-0.069213,-0.004222,-0.011677,-0.077861,-0.013864,-0.006612,0.012942,-0.025433,-0.087747,0.018505,-0.007066,0.062557,0.022062,0.069355,0.121966,0.124421,0.108025,0.025975,0.213973,0.181667,-0.000730,0.076024,0.034865,0.019940,0.015641,0.363730,1.000000,0.148930,0.374318,-0.009879,0.104120,0.009895,-0.038548,0.020230,0.092241,0.046978,-0.019100,0.103657,0.282050,0.412642,0.409841,0.298842,-0.059643,0.250325
0.122557,0.024768,-0.032579,0.103973,0.056233,-0.037135,-0.035989,0.007664,-0.059560,0.031085,-0.023010,0.021646,0.020836,-0.041546,-0.112427,-0.022184,0.012386,0.049609,0.068712,-0.007444,0.035067,0.068560,0.071078,-0.004059,-0.078150,-0.055558,0.040544,-0.047275,-0.033654,-0.010038,0.027005,0.066594,-0.013434,0.063621,0.017076,0.045377,0.042112,0.117882,0.044623,0.158821,0.109873,0.110135,0.118469,0.157929,0.065441,0.111024,-0.002445,0.090755,0.088790,0.027802,0.148930,1.000000,0.315335,0.111849,0.133416,0.105909,0.235706,0.068646,0.174121,0.106138,0.058515,0.016010,0.119035,0.064519,0.126507,0.115839,0.069058,0.044547
0.127481,0.019695,-0.011721,0.041496,0.104507,0.020754,0.049186,0.069575,0.034357,-0.010272,-0.006576,0.056196,0.034377,-0.007240,-0.040385,0.017739,0.014578,-0.017973,0.028946,-0.015771,0.046856,0.074629,0.044054,0.026259,-0.021680,0.034856,0.053305,-0.020481,-0.033750,-0.064479,0.018381,0.017856,-0.025018,-0.022528,-0.060890,-0.006018,0.041738,0.059550,0.151135,0.149430,0.072059,0.082881,0.213331,0.191872,0.050734,0.106822,0.030798,0.101976,0.077207,0.129210,0.374318,0.315335,1.000000,0.085508,0.056595,0.061123,0.081871,-0.048082,0.100764,0.057039,0.006937,0.075951,0.373255,0.494362,0.329988,0.237244,-0.081034,0.134943
-0.033468,0.022789,-0.074262,0.145659,0.047717,0.083870,0.121659,0.142740,0.176712,0.130968,0.115076,0.034319,0.105668,0.126105,0.016182,0.013146,-0.056913,0.156326,0.114803,0.087449,-0.031940,-0.013380,-0.002093,0.015527,-0.076896,-0.092423,-0.126715,-0.017314,0.027698,0.058267,0.116669,0.026370,0.056481,-0.061813,0.088903,0.065789,0.014688,0.092322,0.042998,0.183438,0.160224,0.231035,0.183634,0.112821,0.433831,0.080277,0.331524,0.543847,0.740230,0.037259,-0.009879,0.111849,0.085508,1.000000,0.122857,-0.035978,0.116132,0.044149,0.040138,0.071102,0.005939,0.054765,0.091532,0.100959,0.056911,0.013943,0.050228,0.013315
0.022413,0.034888,0.043741,0.016566,0.035150,0.022069,0.048433,0.058141,-0.013025,0.004367,-0.072316,-0.069429,0.022004,-0.048481,0.016385,0.036380,-0.034070,0.038614,-0.013410,0.025814,0.015844,0.071247,-0.070277,0.025114,0.060984,-0.011546,-0.029482,-0.066398,-0.003846,0.083108,0.007626,0.030635,0.006154,-0.016026,0.071180,0.060078,0.050645,-0.006262,0.020296,-0.007668,0.004938,0.077637,0.006070,0.018130,-0.021538,0.014271,0.092831,0.024408,0.072219,0.042398,0.104120,0.133416,0.056595,0.122857,1.000000,0.384682,0.034474,0.153782,0.016140,0.051409,0.054212,0.043945,-0.006578,-0.003391,0.082765,0.045724,0.097032,0.055052
0.049753,-0.003949,0.071910,-0.019220,0.056078,0.047607,0.024460,0.045520,0.023774,0.067594,-0.026456,0.012592,0.043714,-0.018210,0.055183,0.040743,-0.017900,0.035611,0.034560,0.054165,0.044349,0.125263,0.074079,0.025832,0.024969,0.008174,-0.026346,-0.076127,-0.009036,-0.016231,0.059396,-0.001232,-0.037535,-0.021581,0.042137,0.037473,0.038876,-0.020607,-0.004533,-0.029774,-0.002256,0.010902,0.029050,-0.010043,-0.073270,0.046963,0.023396,-0.033820,-0.071254,-0.029284,0.009895,0.105909,0.061123,-0.035978,0.384682,1.000000,0.027739,0.222234,0.018061,0.070603,-0.008988,0.026654,0.022674,0.020599,0.049556,0.047953,0.099597,0.083286
0.121508,0.145153,0.009890,-0.002920,-0.018584,0.051480,0.035378,0.043606,0.076884,0.033219,0.018920,-0.001943,0.031098,-0.002512,0.054528,0.055290,0.082194,0.091272,0.086578,0.095180,-0.019935,0.076097,-0.051005,0.022232,0.008242,0.016089,-0.042395,-0.097916,0.037232,0.114081,0.122645,0.114037,0.103889,0.082801,0.041020,0.113989,-0.061996,0.022015,-0.012134,0.065974,-0.008351,0.060714,0.007709,-0.003200,0.025604,0.004777,-0.015671,0.040738,0.060165,0.029589,-0.038548,0.235706,0.081871,0.116132,0.034474,0.027739,1.000000,0.008397,0.251453,0.108603,0.001178,-0.004946,-0.032116,-0.084284,-0.052039,-0.008593,0.160906,0.023470
0.048088,0.072992,0.040068,-0.007841,0.014253,0.019564,0.058332,0.002381,0.025334,0.027760,-0.047716,0.088732,0.035990,-0.041182,0.074970,0.034489,0.018065,0.018949,0.054305,0.075997,0.012386,0.100782,0.110237,0.057386,0.049815,-0.033826,0.024334,0.027622,0.000445,0.062157,0.044088,0.048324,0.042942,-0.018808,0.061884,0.101788,0.074731,0.012740,0.002331,0.003843,0.012997,-0.028175,-0.020614,-0.060700,0.015400,0.051640,0.107560,0.024654,0.038299,0.009769,0.020230,0.068646,-0.048082,0.044149,0.153782,0.222234,0.008397,1.000000,0.086441,0.049051,0.099118,0.162122,-0.039412,-0.047707,0.053125,0.029542,0.060116,0.103042
0.080427,0.017806,0.046806,-0.007494,0.002222,-0.024556,-0.055513,0.027569,-0.002243,0.038703,0.012896,0.011788,0.015715,0.016861,0.048853,-0.019419,0.031495,0.021400,0.035282,0.082889,0.041747,0.060531,0.046801,0.002517,-0.021618,0.021752,0.009733,-0.035994,-0.006104,0.003961,-0.008887,-0.013996,0.035181,0.040010,0.017533,0.067346,-0.024903,0.013225,0.015443,0.082339,0.009620,0.019693,0.070035,0.098587,0.049012,-0.020380,-0.028746,0.018390,-0.006954,0.020635,0.092241,0.174121,0.100764,0.040138,0.016140,0.018061,0.251453,0.086441,1.000000,-0.016082,0.025615,0.096036,0.231845,0.073793,0.057892,0.091739,0.088958,0.033151
0.060555,0.010008,-0.057049,-0.000127,0.017178,0.019575,0.019902,-0.075360,-0.018428,-0.051872,-0.035389,-0.033810,-0.086666,-0.049408,-0.007727,-0.125325,-0.038948,0.002512,0.113040,0.023864,-0.022962,0.016229,0.048007,0.065438,-0.033720,0.026423,-0.035710,-0.088982,0.024607,0.031928,0.034460,0.018052,-0.002097,0.028635,-0.017103,-0.020986,0.001544,-0.003996,0.022646,-0.000598,0.025138,-0.025972,-0.041262,-0.020862,0.023882,0.009044,0.013836,0.083106,0.044963,0.094103,0.046978,0.106138,0.057039,0.071102,0.051409,0.070603,0.108603,0.049051,-0.016082,1.000000,0.120397,0.019564,0.021428,0.022571,0.149589,0.007342,-0.009651,0.018217
0.006298,-0.101668,-0.036057,0.012843,0.016769,0.033325,-0.019791,0.044855,0.008626,0.062921,0.026692,0.027767,0.032089,0.032060,0.034973,0.039897,-0.029210,0.039354,0.035971,0.027749,-0.013419,0.033425,0.042209,0.033020,0.014393,-0.049300,-0.119786,-0.067554,-0.004163,-0.078993,-0.062614,-0.020793,0.016435,0.055633,0.011994,-0.032107,-0.026670,-0.006229,-0.060590,-0.040183,-0.091877,0.048928,-0.015121,0.024570,0.053604,-0.024172,0.027473,0.050206,0.002781,-0.013923,-0.019100,0.058515,0.006937,0.005939,0.054212,-0.008988,0.001178,0.099118,0.025615,0.120397,1.000000,0.349389,-0.045029,-0.075535,0.012857,0.062702,0.021034,-0.014667
0.067442,-0.017005,0.005615,0.007357,0.047303,-0.001446,0.019229,0.021624,-0.038653,0.015123,0.039038,0.034213,0.005512,0.013894,-0.022998,0.061893,-0.003802,-0.077763,-0.067182,-0.047108,-0.041666,0.070103,0.099215,0.104203,-0.027516,-0.049336,-0.023544,0.035733,0.050630,-0.086527,-0.041118,-0.019471,0.059079,0.001334,0.055822,0.027398,0.057250,-0.032812,-0.043431,0.046953,0.036449,0.006142,0.080136,0.039169,0.074520,0.055539,0.078635,0.061525,0.005662,0.131893,0.103657,0.016010,0.075951,0.054765,0.043945,0.026654,-0.004946,0.162122,0.096036,0.019564,0.349389,1.000000,0.118637,0.129394,0.068231,0.107509,-0.051469,0.104833
-0.001787,-0.001569,-0.012922,0.024898,-0.000258,-0.025929,-0.030963,-0.009641,-0.011819,0.011884,0.005517,0.020581,-0.004893,-0.016602,-0.061440,-0.018490,-0.018439,-0.040256,0.038326,-0.059257,0.102864,0.048592,0.048618,-0.012622,-0.050820,0.046847,0.067990,0.011236,0.011810,-0.035597,0.041118,-0.040464,-0.050569,-0.032872,-0.011613,-0.012638,-0.018335,0.002244,0.036867,0.180273,0.115498,0.009704,0.219543,0.212854,0.076557,0.069976,0.069472,0.085788,0.120571,0.119756,0.282050,0.119035,0.373255,0.091532,-0.006578,0.022674,-0.032116,-0.039412,0.231845,0.021428,-0.045029,0.118637,1.000000,0.531864,0.194432,0.226694,-0.029738,0.115689
