1.000000,0.901867,0.382656,0.354848,0.769861,0.229266,0.498003,0.122057,0.265849,0.187041,0.132991,0.123944,0.049113,0.107656,0.147833,0.506629,0.573389,0.292270,0.488440,0.151565,0.230721,0.221986,0.523352,0.219755,0.591327,0.689409,0.728151,0.576924,0.625174,0.657618,0.607087,0.534283,0.304704,0.876194,0.135053,0.152767,0.313887,0.314735,0.041319,0.124187,0.079644,0.103074,0.150723,0.147594,0.163842,0.204355,0.115725,0.130839,0.177903,0.039962,0.115895,0.185639,0.167392,0.180569,0.217953,0.222241,0.180538,0.213476,0.131867,0.097651,0.093573,0.078438,0.156387,0.157116,0.150204,0.160549,0.003025,0.047604
0.901867,1.000000,0.314569,0.309323,0.858590,0.269622,0.603508,0.153840,0.301082,0.228347,0.126896,0.130586,0.093471,0.106971,0.138677,0.521061,0.544262,0.258569,0.536852,0.142102,0.192788,0.184352,0.495728,0.165855,0.548437,0.673706,0.689349,0.502277,0.604805,0.645706,0.530922,0.415634,0.290711,0.837849,0.085560,0.106019,0.250629,0.270037,-0.029917,0.098952,0.080936,0.130134,0.128783,0.141934,0.187924,0.198029,0.152888,0.152316,0.181573,0.010178,0.107962,0.154785,0.125022,0.179654,0.149687,0.159466,0.123428,0.154738,0.051763,0.039939,0.050627,0.046604,0.082373,0.100680,0.112385,0.129370,-0.011502,-0.024719
0.382656,0.314569,1.000000,0.618587,0.204038,-0.088534,0.059674,-0.158877,-0.049735,-0.058594,-0.130508,0.101273,-0.182940,-0.142359,-0.101677,0.225001,0.297294,0.168714,0.229030,-0.098501,0.027390,0.025275,0.190278,0.044803,0.195830,0.247174,0.286979,0.248254,0.246124,0.317012,0.324543,0.267553,0.092978,0.298319,0.198629,0.226541,0.866163,0.541377,0.127312,-0.008498,-0.069063,-0.149075,0.000244,-0.029420,-0.137802,0.127538,-0.100710,-0.127053,-0.090828,-0.044431,-0.016459,0.019411,0.035918,-0.088513,0.041894,0.033687,0.033563,0.018483,0.039893,0.028393,0.037405,0.023499,0.064758,0.058594,0.055978,0.020514,0.081076,0.139312
0.354848,0.309323,0.618587,1.000000,0.326370,0.222088,0.316454,0.121902,0.269353,0.251560,0.084994,0.605315,0.082288,0.066899,0.099867,0.367480,0.382167,0.235753,0.380840,0.111380,0.145463,0.134577,0.295527,0.125818,0.311418,0.269872,0.261044,0.195231,0.349238,0.386075,0.328963,0.233370,0.066906,0.365000,0.415992,0.346068,0.777503,0.970486,0.321453,0.282950,0.215478,0.141450,0.322947,0.300776,0.090173,0.661426,0.362055,0.072389,0.121748,0.212724,0.292388,0.325292,0.359183,0.127886,0.277305,0.280473,0.331959,0.287097,0.296085,0.286130,0.287265,0.278817,0.349817,0.363536,0.369606,0.317053,0.240447,0.339479
0.769861,0.858590,0.204038,0.326370,1.000000,0.492285,0.778693,0.318494,0.532389,0.445863,0.305077,0.244638,0.241124,0.285103,0.331166,0.698255,0.641609,0.443401,0.707730,0.338957,0.384212,0.380458,0.703466,0.377297,0.727008,0.709343,0.687330,0.549305,0.788661,0.763147,0.490973,0.473166,0.222279,0.904539,0.091494,0.051947,0.221969,0.311331,0.013448,0.233103,0.195993,0.268310,0.294452,0.321879,0.380154,0.305578,0.284401,0.341176,0.375654,0.123035,0.272446,0.342443,0.319090,0.381338,0.323904,0.324636,0.314470,0.310563,0.211492,0.175792,0.175039,0.183079,0.255778,0.289090,0.296693,0.307848,0.070895,0.023493
0.229266,0.269622,-0.088534,0.222088,0.492285,1.000000,0.809226,0.916090,0.988079,0.943892,0.619548,0.511165,0.782297,0.614264,0.630282,0.495585,0.300120,0.477978,0.502997,0.648556,0.542496,0.537270,0.499402,0.496264,0.473975,0.249330,0.220315,0.304584,0.459554,0.348013,0.127381,0.183541,0.024216,0.371844,0.110581,-0.078002,-0.020949,0.231136,0.225963,0.744627,0.724059,0.855491,0.811711,0.850240,0.760169,0.502107,0.681614,0.691224,0.705239,0.477464,0.681012,0.774453,0.746243,0.720121,0.626687,0.619673,0.671806,0.592136,0.529335,0.474809,0.444741,0.493383,0.629207,0.703891,0.704318,0.670603,0.266881,0.180005
0.498003,0.603508,0.059674,0.316454,0.778693,0.809226,1.000000,0.688773,0.840398,0.749443,0.408149,0.430520,0.551792,0.396338,0.434488,0.577264,0.453219,0.396464,0.634184,0.446484,0.419961,0.416612,0.612290,0.385363,0.608801,0.453090,0.414143,0.374939,0.651133,0.561281,0.282956,0.262079,0.138426,0.632969,0.132103,0.010219,0.118714,0.316450,0.146847,0.558843,0.548689,0.641038,0.621105,0.653914,0.539803,0.454341,0.537783,0.477147,0.506281,0.336844,0.529658,0.595007,0.573655,0.516686,0.506972,0.513682,0.530369,0.496295,0.401841,0.362048,0.348378,0.377356,0.478024,0.538138,0.543437,0.530170,0.207502,0.130911
0.122057,0.153840,-0.158877,0.121902,0.318494,0.916090,0.688773,1.000000,0.875791,0.852920,0.584152,0.530263,0.918401,0.595186,0.570602,0.320284,0.162615,0.346155,0.314557,0.583069,0.401495,0.401331,0.329128,0.375893,0.307185,0.114717,0.092552,0.206520,0.280397,0.178441,0.042583,0.062670,-0.010557,0.221223,0.026493,-0.164229,-0.131334,0.123484,0.200789,0.789632,0.784559,0.973516,0.818699,0.840440,0.739687,0.459726,0.750397,0.684561,0.651833,0.472099,0.652481,0.716871,0.689531,0.664131,0.536446,0.530049,0.591988,0.515317,0.477113,0.438590,0.406315,0.462416,0.586846,0.657563,0.646727,0.607906,0.248196,0.137928
0.265849,0.301082,-0.049735,0.269353,0.532389,0.988079,0.840398,0.875791,1.000000,0.954566,0.596764,0.506562,0.718670,0.585629,0.617115,0.538105,0.342407,0.490118,0.558885,0.636336,0.559440,0.554380,0.552675,0.510532,0.529412,0.293086,0.261241,0.326011,0.521360,0.402613,0.161739,0.211844,0.051421,0.410254,0.158458,-0.028499,0.033067,0.281712,0.258953,0.747680,0.718829,0.821793,0.818632,0.859019,0.731669,0.523099,0.654819,0.655809,0.688974,0.501836,0.697611,0.790957,0.765112,0.704339,0.656404,0.652459,0.698932,0.624127,0.558666,0.501561,0.469401,0.510228,0.654023,0.723380,0.728324,0.690831,0.286157,0.218775
0.187041,0.228347,-0.058594,0.251560,0.445863,0.943892,0.749443,0.852920,0.954566,1.000000,0.580779,0.461076,0.667217,0.566083,0.591080,0.491640,0.264700,0.465007,0.513577,0.616603,0.530245,0.526488,0.459438,0.461801,0.436866,0.228531,0.193655,0.235216,0.411327,0.305643,0.097898,0.127806,0.066375,0.296155,0.188447,-0.013777,0.026247,0.265313,0.285166,0.759643,0.700070,0.815069,0.825493,0.886661,0.708737,0.511932,0.627501,0.607531,0.646531,0.523953,0.693966,0.794171,0.754517,0.659865,0.626120,0.630464,0.671163,0.604573,0.549712,0.500559,0.465947,0.502994,0.651456,0.708739,0.719236,0.657805,0.271602,0.247082
0.132991,0.126896,-0.130508,0.084994,0.305077,0.619548,0.408149,0.584152,0.596764,0.580779,1.000000,0.419173,0.568024,0.993967,0.960306,0.332208,0.187363,0.373939,0.246813,0.946297,0.734648,0.724538,0.408394,0.697335,0.411859,0.332200,0.271454,0.332939,0.324615,0.209053,0.066573,0.140013,-0.032592,0.245876,0.032208,-0.091562,-0.088348,0.087490,0.096351,0.418387,0.416705,0.522396,0.498232,0.538252,0.920886,0.374602,0.558389,0.907657,0.917861,0.294060,0.439888,0.619864,0.557174,0.909636,0.570310,0.546081,0.538955,0.491551,0.387659,0.317867,0.276123,0.291899,0.455542,0.511044,0.503113,0.505987,0.170599,0.062877
0.123944,0.130586,0.101273,0.605315,0.244638,0.511165,0.430520,0.530263,0.506562,0.461076,0.419173,1.000000,0.601604,0.429466,0.422777,0.304173,0.234762,0.251803,0.259677,0.422692,0.280196,0.275011,0.262565,0.274129,0.239334,0.141759,0.098478,0.116377,0.220071,0.197305,0.134352,0.088839,-0.101328,0.217388,0.179735,0.053231,0.256961,0.618305,0.183802,0.424132,0.460108,0.513258,0.489928,0.479948,0.459099,0.853998,0.823208,0.479118,0.463444,0.268659,0.425964,0.486643,0.501468,0.468041,0.391736,0.380649,0.455113,0.371259,0.351902,0.314286,0.310837,0.338086,0.422826,0.480591,0.481477,0.460849,0.258197,0.174729
0.049113,0.093471,-0.182940,0.082288,0.241124,0.782297,0.551792,0.918401,0.718670,0.667217,0.568024,0.601604,1.000000,0.596278,0.555704,0.264617,0.137033,0.338285,0.220490,0.563130,0.349013,0.351135,0.252293,0.345316,0.216441,0.068335,0.041230,0.174045,0.178510,0.110759,0.014464,0.042128,-0.091378,0.167148,-0.090240,-0.245709,-0.162141,0.073793,0.092735,0.630905,0.673360,0.891131,0.652742,0.659850,0.702137,0.435013,0.800176,0.700193,0.633845,0.334468,0.525294,0.588363,0.565379,0.645004,0.432070,0.413596,0.480619,0.389566,0.368854,0.342136,0.324571,0.384494,0.461543,0.539651,0.521024,0.512762,0.222305,0.034810
0.107656,0.106971,-0.142359,0.066899,0.285103,0.614264,0.396338,0.595186,0.585629,0.566083,0.993967,0.429466,0.596278,1.000000,0.959465,0.313503,0.167528,0.358664,0.225077,0.940351,0.717550,0.708201,0.383095,0.683347,0.381619,0.309729,0.248327,0.316614,0.296168,0.184707,0.047873,0.122081,-0.041522,0.222845,-0.001774,-0.121323,-0.105676,0.066851,0.076726,0.403746,0.416505,0.530009,0.484638,0.522735,0.918443,0.363954,0.571710,0.922699,0.919074,0.269886,0.423156,0.599838,0.540215,0.909269,0.550623,0.523479,0.518445,0.466413,0.365812,0.301598,0.263259,0.282012,0.433144,0.493276,0.485776,0.492873,0.169821,0.040351
0.147833,0.138677,-0.101677,0.099867,0.331166,0.630282,0.434488,0.570602,0.617115,0.591080,0.960306,0.422777,0.555704,0.959465,1.000000,0.355825,0.202595,0.434282,0.283134,0.989941,0.801544,0.793681,0.465153,0.759050,0.457045,0.363374,0.292827,0.352645,0.360015,0.232770,0.062968,0.174999,-0.043146,0.270173,0.051614,-0.073535,-0.048075,0.101490,0.135455,0.420723,0.434454,0.503168,0.505965,0.542299,0.917751,0.374864,0.548180,0.916857,0.959452,0.309299,0.463330,0.665397,0.600790,0.954076,0.645437,0.615563,0.595964,0.536181,0.438273,0.359128,0.319869,0.331004,0.497125,0.553016,0.543519,0.547473,0.210390,0.101502
0.506629,0.521061,0.225001,0.367480,0.698255,0.495585,0.577264,0.320284,0.538105,0.491640,0.332208,0.304173,0.264617,0.313503,0.355825,1.000000,0.911691,0.695016,0.878065,0.379231,0.436281,0.432063,0.587280,0.429923,0.584302,0.572692,0.555136,0.459083,0.657009,0.824508,0.715779,0.606732,0.219280,0.657116,0.171538,0.111703,0.287083,0.371996,0.126839,0.277460,0.246057,0.291767,0.327615,0.361718,0.385841,0.349097,0.307178,0.345069,0.384126,0.199018,0.323229,0.392073,0.372806,0.399076,0.345641,0.338392,0.362608,0.320765,0.271088,0.231225,0.208969,0.210930,0.317591,0.353710,0.361371,0.362681,0.171426,0.125166
0.573389,0.544262,0.297294,0.382167,0.641609,0.300120,0.453219,0.162615,0.342407,0.264700,0.187363,0.234762,0.137033,0.167528,0.202595,0.911691,1.000000,0.610725,0.817558,0.222991,0.281961,0.275168,0.505363,0.285435,0.520620,0.562333,0.575772,0.477002,0.622499,0.864659,0.866366,0.708024,0.264236,0.693820,0.159597,0.139083,0.351295,0.386034,0.076088,0.156184,0.112316,0.151787,0.198444,0.202169,0.212399,0.279615,0.196557,0.191306,0.230251,0.084565,0.192022,0.243412,0.243162,0.242182,0.231620,0.224759,0.243513,0.225429,0.189094,0.163958,0.145224,0.138031,0.222514,0.243463,0.238953,0.249060,0.109167,0.084348
0.292270,0.258569,0.168714,0.235753,0.443401,0.477978,0.396464,0.346155,0.490118,0.465007,0.373939,0.251803,0.338285,0.358664,0.434282,0.695016,0.610725,1.000000,0.636208,0.488786,0.543583,0.547904,0.542826,0.548440,0.485998,0.371232,0.374447,0.430971,0.439904,0.514867,0.396052,0.601667,0.070575,0.443437,0.078383,-0.037538,0.233784,0.225208,0.157514,0.314287,0.268568,0.311252,0.373538,0.378283,0.425020,0.232915,0.261292,0.391459,0.447577,0.193893,0.342099,0.467246,0.445485,0.485887,0.421475,0.389995,0.427769,0.343195,0.348552,0.284400,0.258918,0.272843,0.407773,0.445908,0.425001,0.406621,0.223256,0.152464
0.488440,0.536852,0.229030,0.380840,0.707730,0.502997,0.634184,0.314557,0.558885,0.513577,0.246813,0.259677,0.220490,0.225077,0.283134,0.878065,0.817558,0.636208,1.000000,0.304359,0.362792,0.356270,0.642328,0.338430,0.628127,0.519163,0.503219,0.420184,0.740978,0.877244,0.655576,0.564056,0.258733,0.626889,0.213834,0.152562,0.301450,0.388776,0.144355,0.316867,0.279610,0.301547,0.352260,0.389587,0.330433,0.345314,0.290713,0.278918,0.332721,0.233048,0.344151,0.393500,0.376020,0.341765,0.333361,0.336124,0.358536,0.322944,0.260987,0.220917,0.200701,0.203530,0.315535,0.354092,0.368047,0.360855,0.178120,0.144359
0.151565,0.142102,-0.098501,0.111380,0.338957,0.648556,0.446484,0.583069,0.636336,0.616603,0.946297,0.422692,0.563130,0.940351,0.989941,0.379231,0.222991,0.488786,0.304359,1.000000,0.822026,0.813045,0.477345,0.770112,0.467262,0.354230,0.288664,0.354361,0.364631,0.244320,0.074638,0.191753,-0.039364,0.279567,0.069239,-0.066194,-0.037646,0.115797,0.156801,0.447981,0.447948,0.521466,0.531876,0.566578,0.910505,0.381726,0.548057,0.894535,0.949033,0.323384,0.479918,0.693643,0.625878,0.952593,0.668982,0.639291,0.619615,0.558560,0.467502,0.387604,0.345561,0.356604,0.529467,0.581074,0.566592,0.565251,0.226069,0.126720
0.230721,0.192788,0.027390,0.145463,0.384212,0.542496,0.419961,0.401495,0.559440,0.530245,0.734648,0.280196,0.349013,0.717550,0.801544,0.436281,0.281961,0.543583,0.362792,0.822026,1.000000,0.994405,0.598387,0.951478,0.592931,0.433257,0.387697,0.486361,0.468488,0.309454,0.129846,0.303692,-0.014314,0.356051,0.108775,0.008951,0.099023,0.150257,0.200327,0.341135,0.339416,0.343130,0.424880,0.459750,0.686503,0.291754,0.350365,0.674110,0.754197,0.296603,0.416281,0.591926,0.551259,0.766105,0.657818,0.628403,0.576716,0.530368,0.469314,0.360756,0.328830,0.335255,0.502466,0.527034,0.510789,0.512710,0.188752,0.185592
0.221986,0.184352,0.025275,0.134577,0.380458,0.537270,0.416612,0.401331,0.554380,0.526488,0.724538,0.275011,0.351135,0.708201,0.793681,0.432063,0.275168,0.547904,0.356270,0.813045,0.994405,1.000000,0.602440,0.963689,0.592140,0.428446,0.384559,0.493125,0.467519,0.302667,0.116954,0.302151,-0.014502,0.353134,0.104114,0.002105,0.095311,0.139611,0.201456,0.337927,0.335978,0.342271,0.421153,0.455578,0.679826,0.283460,0.345929,0.667846,0.745295,0.293101,0.409487,0.585816,0.546392,0.757446,0.651887,0.622677,0.572123,0.521126,0.471829,0.363549,0.332062,0.337466,0.503592,0.524760,0.506110,0.507199,0.188091,0.187360
0.523352,0.495728,0.190278,0.295527,0.703466,0.499402,0.612290,0.329128,0.552675,0.459438,0.408394,0.262565,0.252293,0.383095,0.465153,0.587280,0.505363,0.542826,0.642328,0.477345,0.598387,0.602440,1.000000,0.644173,0.958889,0.647133,0.646194,0.690294,0.902589,0.672982,0.322580,0.480920,0.076569,0.690065,0.159327,0.080012,0.255511,0.295592,0.179496,0.316712,0.298422,0.284839,0.383877,0.397616,0.439027,0.305277,0.278017,0.412273,0.480173,0.244171,0.368849,0.473374,0.474301,0.501871,0.520573,0.498911,0.509277,0.450164,0.409381,0.322342,0.286514,0.283903,0.451975,0.469016,0.453024,0.461754,0.219616,0.182017
0.219755,0.165855,0.044803,0.125818,0.377297,0.496264,0.385363,0.375893,0.510532,0.461801,0.697335,0.274129,0.345316,0.683347,0.759050,0.429923,0.285435,0.548440,0.338430,0.770112,0.951478,0.963689,0.644173,1.000000,0.630473,0.462119,0.423876,0.552804,0.508486,0.325524,0.121706,0.337867,-0.044117,0.368460,0.069897,-0.031712,0.095762,0.127549,0.180340,0.306694,0.313023,0.314629,0.384249,0.407069,0.651533,0.261339,0.326721,0.650717,0.708318,0.272153,0.382087,0.532367,0.508939,0.721988,0.596923,0.558159,0.537049,0.463629,0.447407,0.334797,0.304141,0.314202,0.477308,0.496105,0.477790,0.481315,0.182045,0.166241
0.591327,0.548437,0.195830,0.311418,0.727008,0.473975,0.608801,0.307185,0.529412,0.436866,0.411859,0.239334,0.216441,0.381619,0.457045,0.584302,0.520620,0.485998,0.628127,0.467262,0.592931,0.592140,0.958889,0.630473,1.000000,0.705290,0.713834,0.744606,0.925910,0.696078,0.387174,0.491510,0.121435,0.720627,0.164965,0.090655,0.258174,0.309777,0.160763,0.315278,0.289787,0.271261,0.378594,0.389593,0.432821,0.299064,0.257957,0.398189,0.466070,0.261330,0.373149,0.462658,0.462193,0.483941,0.498037,0.482055,0.494486,0.444956,0.394030,0.306125,0.274507,0.268372,0.441197,0.457087,0.444757,0.452323,0.196545,0.165165
0.689409,0.673706,0.247174,0.269872,0.709343,0.249330,0.453090,0.114717,0.293086,0.228531,0.332200,0.141759,0.068335,0.309729,0.363374,0.572692,0.562333,0.371232,0.519163,0.354230,0.433257,0.428446,0.647133,0.462119,0.705290,1.000000,0.952089,0.673549,0.679564,0.652985,0.504177,0.513447,0.210231,0.696884,0.101963,0.093946,0.236546,0.252463,0.055432,0.089272,0.085478,0.074520,0.136264,0.153064,0.302381,0.199592,0.145780,0.292821,0.339525,0.078384,0.157077,0.228937,0.211456,0.338310,0.285121,0.274126,0.244688,0.242994,0.185153,0.133684,0.126984,0.116728,0.199425,0.201621,0.203619,0.223357,0.047623,0.059664
0.728151,0.689349,0.286979,0.261044,0.687330,0.220315,0.414143,0.092552,0.261241,0.193655,0.271454,0.098478,0.041230,0.248327,0.292827,0.555136,0.575772,0.374447,0.503219,0.288664,0.387697,0.384559,0.646194,0.423876,0.713834,0.952089,1.000000,0.809954,0.691370,0.668631,0.561593,0.566255,0.240985,0.704888,0.076535,0.074922,0.257497,0.232613,0.026191,0.080140,0.065308,0.056372,0.124339,0.130285,0.242845,0.141963,0.085871,0.231586,0.277943,0.054566,0.133230,0.194152,0.185407,0.277620,0.233488,0.222741,0.208715,0.201904,0.161743,0.113325,0.111371,0.105602,0.181405,0.182497,0.182196,0.194282,0.016246,0.028969
0.576924,0.502277,0.248254,0.195231,0.549305,0.304584,0.374939,0.206520,0.326011,0.235216,0.332939,0.116377,0.174045,0.316614,0.352645,0.459083,0.477002,0.430971,0.420184,0.354361,0.486361,0.493125,0.690294,0.552804,0.744606,0.673549,0.809954,1.000000,0.686403,0.572545,0.448379,0.545044,0.144174,0.605349,-0.003993,-0.040136,0.218735,0.155406,0.014315,0.170820,0.148153,0.167327,0.213900,0.205489,0.314871,0.092639,0.113206,0.311641,0.343308,0.087186,0.191099,0.252018,0.256712,0.350583,0.256937,0.234085,0.259484,0.208494,0.203822,0.142954,0.134542,0.147825,0.251412,0.267221,0.250454,0.253819,0.007714,0.010034
0.625174,0.604805,0.246124,0.349238,0.788661,0.459554,0.651133,0.280397,0.521360,0.411327,0.324615,0.220071,0.178510,0.296168,0.360015,0.657009,0.622499,0.439904,0.740978,0.364631,0.468488,0.467519,0.902589,0.508486,0.925910,0.679564,0.691370,0.686403,1.000000,0.840037,0.498158,0.539148,0.185490,0.775918,0.169569,0.110017,0.293870,0.347946,0.130767,0.295281,0.256379,0.250207,0.347899,0.358164,0.365375,0.291340,0.231854,0.332942,0.389762,0.227089,0.335175,0.401026,0.406780,0.400892,0.419708,0.412562,0.428935,0.392835,0.332840,0.264849,0.234862,0.230914,0.383793,0.401983,0.396243,0.400089,0.161849,0.139521
0.657618,0.645706,0.317012,0.386075,0.763147,0.348013,0.561281,0.178441,0.402613,0.305643,0.209053,0.197305,0.110759,0.184707,0.232770,0.824508,0.864659,0.514867,0.877244,0.244320,0.309454,0.302667,0.672982,0.325524,0.696078,0.652985,0.668631,0.572545,0.840037,1.000000,0.796264,0.690005,0.284406,0.779889,0.162925,0.144702,0.345349,0.381395,0.063428,0.191476,0.146344,0.161437,0.230933,0.237008,0.246568,0.265146,0.182584,0.218741,0.266768,0.125200,0.222479,0.274699,0.274738,0.272652,0.270450,0.268429,0.283518,0.268104,0.208650,0.173655,0.153690,0.148284,0.247728,0.269677,0.268983,0.277840,0.107856,0.069765
0.607087,0.530922,0.324543,0.328963,0.490973,0.127381,0.282956,0.042583,0.161739,0.097898,0.066573,0.134352,0.014464,0.047873,0.062968,0.715779,0.866366,0.396052,0.655576,0.074638,0.129846,0.116954,0.322580,0.121706,0.387174,0.504177,0.561593,0.448379,0.498158,0.796264,1.000000,0.684031,0.344700,0.590371,0.121456,0.146451,0.322243,0.320263,-0.004135,0.058269,0.003146,0.050026,0.076041,0.069646,0.074717,0.178733,0.089632,0.056022,0.084806,0.014004,0.054250,0.091860,0.095248,0.086343,0.094626,0.098909,0.098955,0.119316,0.071569,0.054860,0.043487,0.029676,0.094072,0.100907,0.089391,0.098736,0.032346,-0.001091
0.534283,0.415634,0.267553,0.233370,0.473166,0.183541,0.262079,0.062670,0.211844,0.127806,0.140013,0.088839,0.042128,0.122081,0.174999,0.606732,0.708024,0.601667,0.564056,0.191753,0.303692,0.302151,0.480920,0.337867,0.491510,0.513447,0.566255,0.545044,0.539148,0.690005,0.684031,1.000000,0.316123,0.611360,0.039443,0.031914,0.264791,0.219514,0.003953,0.066371,0.024881,0.035644,0.115957,0.098489,0.140485,0.104604,0.042146,0.142889,0.190418,0.020733,0.098409,0.155765,0.173552,0.200639,0.222750,0.204262,0.199882,0.195899,0.172061,0.126067,0.115199,0.116205,0.186268,0.194890,0.167732,0.179135,0.095787,0.013128
0.304704,0.290711,0.092978,0.066906,0.222279,0.024216,0.138426,-0.010557,0.051421,0.066375,-0.032592,-0.101328,-0.091378,-0.041522,-0.043146,0.219280,0.264236,0.070575,0.258733,-0.039364,-0.014314,-0.014502,0.076569,-0.044117,0.121435,0.210231,0.240985,0.144174,0.185490,0.284406,0.344700,0.316123,1.000000,0.241356,0.016809,0.042846,0.085512,0.069142,-0.044689,0.003716,-0.032142,-0.002360,0.006861,0.021876,-0.012614,-0.001691,-0.049580,-0.041330,-0.031856,-0.003385,-0.030748,-0.019699,-0.030584,-0.039544,-0.041125,-0.022210,-0.049311,-0.013577,-0.059779,-0.058853,-0.058520,-0.067542,-0.053289,-0.044457,-0.026931,-0.055187,-0.024218,-0.040510
0.876194,0.837849,0.298319,0.365000,0.904539,0.371844,0.632969,0.221223,0.410254,0.296155,0.245876,0.217388,0.167148,0.222845,0.270173,0.657116,0.693820,0.443437,0.626889,0.279567,0.356051,0.353134,0.690065,0.368460,0.720627,0.696884,0.704888,0.605349,0.775918,0.779889,0.590371,0.611360,0.241356,1.000000,0.107236,0.088357,0.301552,0.343072,0.039191,0.178412,0.127517,0.177247,0.237991,0.234173,0.289551,0.269885,0.209091,0.267392,0.310925,0.079631,0.208063,0.287398,0.282511,0.320804,0.324378,0.315986,0.299436,0.304307,0.227728,0.185620,0.178524,0.176743,0.256274,0.274711,0.263964,0.281315,0.052635,0.053765
0.135053,0.085560,0.198629,0.415992,0.091494,0.110581,0.132103,0.026493,0.158458,0.188447,0.032208,0.179735,-0.090240,-0.001774,0.051614,0.171538,0.159597,0.078383,0.213834,0.069239,0.108775,0.104114,0.159327,0.069897,0.164965,0.101963,0.076535,-0.003993,0.169569,0.162925,0.121456,0.039443,0.016809,0.107236,1.000000,0.929826,0.319975,0.503539,0.839148,0.307938,0.279960,0.054243,0.270955,0.263565,0.031302,0.410973,0.160648,-0.023580,0.044373,0.453818,0.265506,0.293730,0.308550,0.065793,0.340630,0.353369,0.349946,0.323075,0.465478,0.416477,0.370201,0.270150,0.401617,0.322027,0.307467,0.253685,0.324314,0.841356
0.152767,0.106019,0.226541,0.346068,0.051947,-0.078002,0.010219,-0.164229,-0.028499,-0.013777,-0.091562,0.053231,-0.245709,-0.121323,-0.073535,0.111703,0.139083,-0.037538,0.152562,-0.066194,0.008951,0.002105,0.080012,-0.031712,0.090655,0.093946,0.074922,-0.040136,0.110017,0.144702,0.146451,0.031914,0.042846,0.088357,0.929826,1.000000,0.316793,0.422219,0.720917,0.098327,0.122752,-0.138962,0.041621,0.043019,-0.120154,0.275440,0.007605,-0.150767,-0.091215,0.330696,0.096773,0.088722,0.090931,-0.077362,0.204736,0.221361,0.171672,0.175374,0.281072,0.230754,0.195000,0.084771,0.170674,0.094086,0.093880,0.086569,0.239725,0.714238
0.313887,0.250629,0.866163,0.777503,0.221969,-0.020949,0.118714,-0.131334,0.033067,0.026247,-0.088348,0.256961,-0.162141,-0.105676,-0.048075,0.287083,0.351295,0.233784,0.301450,-0.037646,0.099023,0.095311,0.255511,0.095762,0.258174,0.236546,0.257497,0.218735,0.293870,0.345349,0.322243,0.264791,0.085512,0.301552,0.319975,0.316793,1.000000,0.730872,0.225741,0.044032,-0.026195,-0.120561,0.081988,0.054506,-0.104018,0.305583,0.007142,-0.100320,-0.037148,0.027114,0.064889,0.125179,0.147413,-0.031399,0.151340,0.147767,0.153660,0.131876,0.159786,0.141041,0.145707,0.123978,0.176413,0.163653,0.165480,0.122939,0.156884,0.249691
0.314735,0.270037,0.541377,0.970486,0.311331,0.231136,0.316450,0.123484,0.281712,0.265313,0.087490,0.618305,0.073793,0.066851,0.101490,0.371996,0.386034,0.225208,0.388776,0.115797,0.150257,0.139611,0.295592,0.127549,0.309777,0.252463,0.232613,0.155406,0.347946,0.381395,0.320263,0.219514,0.069142,0.343072,0.503539,0.422219,0.730872,1.000000,0.378234,0.285865,0.220743,0.140678,0.329512,0.311530,0.093530,0.736730,0.402514,0.072323,0.123028,0.228395,0.290665,0.342216,0.376205,0.132336,0.294698,0.299752,0.354439,0.302942,0.332929,0.324345,0.317811,0.296552,0.380108,0.380963,0.380517,0.324883,0.249370,0.402694
0.041319,-0.029917,0.127312,0.321453,0.013448,0.225963,0.146847,0.200789,0.258953,0.285166,0.096351,0.183802,0.092735,0.076726,0.135455,0.126839,0.076088,0.157514,0.144355,0.156801,0.200327,0.201456,0.179496,0.180340,0.160763,0.055432,0.026191,0.014315,0.130767,0.063428,-0.004135,0.003953,-0.044689,0.039191,0.839148,0.720917,0.225741,0.378234,1.000000,0.531165,0.520031,0.244143,0.466928,0.440597,0.124699,0.339733,0.206266,0.087871,0.146921,0.604041,0.446332,0.427059,0.472808,0.177471,0.462989,0.456187,0.482687,0.422375,0.627753,0.550567,0.492188,0.422893,0.589022,0.510632,0.478585,0.392587,0.408000,0.963711
0.124187,0.098952,-0.008498,0.282950,0.233103,0.744627,0.558843,0.789632,0.747680,0.759643,0.418387,0.424132,0.630905,0.403746,0.420723,0.277460,0.156184,0.314287,0.316867,0.447981,0.341135,0.337927,0.316712,0.306694,0.315278,0.089272,0.080140,0.170820,0.295281,0.191476,0.058269,0.066371,0.003716,0.178412,0.307938,0.098327,0.044032,0.285865,0.531165,1.000000,0.891641,0.851418,0.950952,0.922941,0.541934,0.443062,0.559044,0.448252,0.480992,0.739382,0.836236,0.788192,0.808946,0.501937,0.617976,0.619549,0.716150,0.634023,0.677173,0.611154,0.574905,0.615629,0.778549,0.811337,0.812712,0.728277,0.376460,0.467561
0.079644,0.080936,-0.069063,0.215478,0.195993,0.724059,0.548689,0.784559,0.718829,0.700070,0.416705,0.460108,0.673360,0.416505,0.434454,0.246057,0.112316,0.268568,0.279610,0.447948,0.339416,0.335978,0.298422,0.313023,0.289787,0.085478,0.065308,0.148153,0.256379,0.146344,0.003146,0.024881,-0.032142,0.127517,0.279960,0.122752,-0.026195,0.220743,0.520031,0.891641,1.000000,0.822476,0.854191,0.838306,0.554160,0.428135,0.588041,0.500573,0.505998,0.719305,0.795961,0.717020,0.733435,0.521773,0.588994,0.585811,0.665092,0.575154,0.622591,0.542470,0.518275,0.555571,0.686847,0.728683,0.739114,0.697843,0.386864,0.424387
0.103074,0.130134,-0.149075,0.141450,0.268310,0.855491,0.641038,0.973516,0.821793,0.815069,0.522396,0.513258,0.891131,0.530009,0.503168,0.291767,0.151787,0.311252,0.301547,0.521466,0.343130,0.342271,0.284839,0.314629,0.271261,0.074520,0.056372,0.167327,0.250207,0.161437,0.050026,0.035644,-0.002360,0.177247,0.054243,-0.138962,-0.120561,0.140678,0.244143,0.851418,0.822476,1.000000,0.843906,0.852237,0.679094,0.453296,0.740529,0.610767,0.582861,0.522023,0.675494,0.708275,0.684339,0.596366,0.513892,0.513568,0.580983,0.511761,0.486919,0.458097,0.425173,0.480707,0.600963,0.661172,0.652465,0.604288,0.259927,0.181269
0.150723,0.128783,0.000244,0.322947,0.294452,0.811711,0.621105,0.818699,0.818632,0.825493,0.498232,0.489928,0.652742,0.484638,0.505965,0.327615,0.198444,0.373538,0.352260,0.531876,0.424880,0.421153,0.383877,0.384249,0.378594,0.136264,0.124339,0.213900,0.347899,0.230933,0.076041,0.115957,0.006861,0.237991,0.270955,0.041621,0.081988,0.329512,0.466928,0.950952,0.854191,0.843906,1.000000,0.974062,0.612996,0.503978,0.602152,0.528259,0.570411,0.703929,0.856426,0.860420,0.886006,0.588938,0.682556,0.681514,0.788129,0.694253,0.721658,0.658367,0.621055,0.665343,0.836690,0.882972,0.885512,0.793997,0.396666,0.413916
0.147594,0.141934,-0.029420,0.300776,0.321879,0.850240,0.653914,0.840440,0.859019,0.886661,0.538252,0.479948,0.659850,0.522735,0.542299,0.361718,0.202169,0.378283,0.389587,0.566578,0.459750,0.455578,0.397616,0.407069,0.389593,0.153064,0.130285,0.205489,0.358164,0.237008,0.069646,0.098489,0.021876,0.234173,0.263565,0.043019,0.054506,0.311530,0.440597,0.922941,0.838306,0.852237,0.974062,1.000000,0.654877,0.509572,0.611935,0.561366,0.605066,0.718156,0.863737,0.876060,0.881257,0.621275,0.699808,0.703355,0.789883,0.706162,0.700340,0.627788,0.583674,0.624363,0.810336,0.862690,0.870061,0.790702,0.382443,0.390470
0.163842,0.187924,-0.137802,0.090173,0.380154,0.760169,0.539803,0.739687,0.731669,0.708737,0.920886,0.459099,0.702137,0.918443,0.917751,0.385841,0.212399,0.425020,0.330433,0.910505,0.686503,0.679826,0.439027,0.651533,0.432821,0.302381,0.242845,0.314871,0.365375,0.246568,0.074717,0.140485,-0.012614,0.289551,0.031302,-0.120154,-0.104018,0.093530,0.124699,0.541934,0.554160,0.679094,0.612996,0.654877,1.000000,0.413429,0.637569,0.968558,0.956659,0.367932,0.531456,0.699984,0.635427,0.953765,0.597303,0.575710,0.595261,0.525344,0.434886,0.358370,0.313746,0.343168,0.519123,0.584617,0.573882,0.568620,0.222703,0.073913
0.204355,0.198029,0.127538,0.661426,0.305578,0.502107,0.454341,0.459726,0.523099,0.511932,0.374602,0.853998,0.435013,0.363954,0.374864,0.349097,0.279615,0.232915,0.345314,0.381726,0.291754,0.283460,0.305277,0.261339,0.299064,0.199592,0.141963,0.092639,0.291340,0.265146,0.178733,0.104604,-0.001691,0.269885,0.410973,0.275440,0.305583,0.736730,0.339733,0.443062,0.428135,0.453296,0.503978,0.509572,0.413429,1.000000,0.823773,0.391909,0.408381,0.320960,0.428435,0.505336,0.516065,0.415026,0.416513,0.415885,0.472643,0.408396,0.401766,0.384994,0.370480,0.368251,0.466039,0.496205,0.500323,0.450682,0.229011,0.348468
0.115725,0.152888,-0.100710,0.362055,0.284401,0.681614,0.537783,0.750397,0.654819,0.627501,0.558389,0.823208,0.800176,0.571710,0.548180,0.307178,0.196557,0.261292,0.290713,0.548057,0.350365,0.345929,0.278017,0.326721,0.257957,0.145780,0.085871,0.113206,0.231854,0.182584,0.089632,0.042146,-0.049580,0.209091,0.160648,0.007605,0.007142,0.402514,0.206266,0.559044,0.588041,0.740529,0.602152,0.611935,0.637569,0.823773,1.000000,0.632109,0.596700,0.336226,0.490340,0.573394,0.556642,0.597521,0.442215,0.434600,0.489973,0.417256,0.385727,0.378601,0.369354,0.398634,0.467272,0.527215,0.524302,0.500342,0.214068,0.181694
0.130839,0.152316,-0.127053,0.072389,0.341176,0.691224,0.477147,0.684561,0.655809,0.607531,0.907657,0.479118,0.700193,0.922699,0.916857,0.345069,0.191306,0.391459,0.278918,0.894535,0.674110,0.667846,0.412273,0.650717,0.398189,0.292821,0.231586,0.311641,0.332942,0.218741,0.056022,0.142889,-0.041330,0.267392,-0.023580,-0.150767,-0.100320,0.072323,0.087871,0.448252,0.500573,0.610767,0.528259,0.561366,0.968558,0.391909,0.632109,1.000000,0.965263,0.294383,0.466902,0.634876,0.582158,0.957811,0.567635,0.536313,0.555784,0.477225,0.391515,0.311546,0.271982,0.300602,0.464091,0.534962,0.521030,0.534479,0.217202,0.036078
0.177903,0.181573,-0.090828,0.121748,0.375654,0.705239,0.506281,0.651833,0.688974,0.646531,0.917861,0.463444,0.633845,0.919074,0.959452,0.384126,0.230251,0.447577,0.332721,0.949033,0.754197,0.745295,0.480173,0.708318,0.466070,0.339525,0.277943,0.343308,0.389762,0.266768,0.084806,0.190418,-0.031856,0.310925,0.044373,-0.091215,-0.037148,0.123028,0.146921,0.480992,0.505998,0.582861,0.570411,0.605066,0.956659,0.408381,0.596700,0.965263,1.000000,0.349083,0.525071,0.722355,0.659519,0.993766,0.679626,0.651304,0.648111,0.584807,0.479513,0.394868,0.348195,0.369328,0.543163,0.610253,0.599431,0.607440,0.254424,0.102937
0.039962,0.010178,-0.044431,0.212724,0.123035,0.477464,0.336844,0.472099,0.501836,0.523953,0.294060,0.268659,0.334468,0.269886,0.309299,0.199018,0.084565,0.193893,0.233048,0.323384,0.296603,0.293101,0.244171,0.272153,0.261330,0.078384,0.054566,0.087186,0.227089,0.125200,0.014004,0.020733,-0.003385,0.079631,0.453818,0.330696,0.027114,0.228395,0.604041,0.739382,0.719305,0.522023,0.703929,0.718156,0.367932,0.320960,0.336226,0.294383,0.349083,1.000000,0.853577,0.649272,0.676402,0.364011,0.559331,0.562529,0.647068,0.558510,0.617543,0.504022,0.468786,0.464155,0.638731,0.666723,0.713498,0.663438,0.424829,0.549117
0.115895,0.107962,-0.016459,0.292388,0.272446,0.681012,0.529658,0.652481,0.697611,0.693966,0.439888,0.425964,0.525294,0.423156,0.463330,0.323229,0.192022,0.342099,0.344151,0.479918,0.416281,0.409487,0.368849,0.382087,0.373149,0.157077,0.133230,0.191099,0.335175,0.222479,0.054250,0.098409,-0.030748,0.208063,0.265506,0.096773,0.064889,0.290665,0.446332,0.836236,0.795961,0.675494,0.856426,0.863737,0.531456,0.428435,0.490340,0.466902,0.525071,0.853577,1.000000,0.833760,0.860993,0.540285,0.678767,0.679061,0.795291,0.689027,0.671441,0.577170,0.545067,0.586913,0.745010,0.839896,0.898967,0.864561,0.454054,0.397342
0.185639,0.154785,0.019411,0.325292,0.342443,0.774453,0.595007,0.716871,0.790957,0.794171,0.619864,0.486643,0.588363,0.599838,0.665397,0.392073,0.243412,0.467246,0.393500,0.693643,0.591926,0.585816,0.473374,0.532367,0.462658,0.228937,0.194152,0.252018,0.401026,0.274699,0.091860,0.155765,-0.019699,0.287398,0.293730,0.088722,0.125179,0.342216,0.427059,0.788192,0.717020,0.708275,0.860420,0.876060,0.699984,0.505336,0.573394,0.634876,0.722355,0.649272,0.833760,1.000000,0.970109,0.744394,0.880361,0.882881,0.945889,0.848188,0.791173,0.672841,0.600282,0.616323,0.863502,0.934695,0.932993,0.916525,0.456050,0.392226
0.167392,0.125022,0.035918,0.359183,0.319090,0.746243,0.573655,0.689531,0.765112,0.754517,0.557174,0.501468,0.565379,0.540215,0.600790,0.372806,0.243162,0.445485,0.376020,0.625878,0.551259,0.546392,0.474301,0.508939,0.462193,0.211456,0.185407,0.256712,0.406780,0.274738,0.095248,0.173552,-0.030584,0.282511,0.308550,0.090931,0.147413,0.376205,0.472808,0.808946,0.733435,0.684339,0.886006,0.881257,0.635427,0.516065,0.556642,0.582158,0.659519,0.676402,0.860993,0.970109,1.000000,0.684169,0.854999,0.852164,0.958781,0.840866,0.836030,0.715907,0.652134,0.672850,0.914521,0.981466,0.975536,0.936671,0.496174,0.439504
0.180569,0.179654,-0.088513,0.127886,0.381338,0.720121,0.516686,0.664131,0.704339,0.659865,0.909636,0.468041,0.645004,0.909269,0.954076,0.399076,0.242182,0.485887,0.341765,0.952593,0.766105,0.757446,0.501871,0.721988,0.483941,0.338310,0.277620,0.350583,0.400892,0.272652,0.086343,0.200639,-0.039544,0.320804,0.065793,-0.077362,-0.031399,0.132336,0.177471,0.501937,0.521773,0.596366,0.588938,0.621275,0.953765,0.415026,0.597521,0.957811,0.993766,0.364011,0.540285,0.744394,0.684169,1.000000,0.708167,0.676283,0.675108,0.604231,0.508686,0.414861,0.364246,0.383208,0.573081,0.638413,0.622009,0.628472,0.276064,0.135356
0.217953,0.149687,0.041894,0.277305,0.323904,0.626687,0.506972,0.536446,0.656404,0.626120,0.570310,0.391736,0.432070,0.550623,0.645437,0.345641,0.231620,0.421475,0.333361,0.668982,0.657818,0.651887,0.520573,0.596923,0.498037,0.285121,0.233488,0.256937,0.419708,0.270450,0.094626,0.222750,-0.041125,0.324378,0.340630,0.204736,0.151340,0.294698,0.462989,0.617976,0.588994,0.513892,0.682556,0.699808,0.597303,0.416513,0.442215,0.567635,0.679626,0.559331,0.678767,0.880361,0.854999,0.708167,1.000000,0.991399,0.928432,0.922468,0.805771,0.647081,0.563296,0.549540,0.800993,0.832437,0.800422,0.836027,0.461042,0.430092
0.222241,0.159466,0.033687,0.280473,0.324636,0.619673,0.513682,0.530049,0.652459,0.630464,0.546081,0.380649,0.413596,0.523479,0.615563,0.338392,0.224759,0.389995,0.336124,0.639291,0.628403,0.622677,0.498911,0.558159,0.482055,0.274126,0.222741,0.234085,0.412562,0.268429,0.098909,0.204262,-0.022210,0.315986,0.353369,0.221361,0.147767,0.299752,0.456187,0.619549,0.585811,0.513568,0.681514,0.703355,0.575710,0.415885,0.434600,0.536313,0.651304,0.562529,0.679061,0.882881,0.852164,0.676283,0.991399,1.000000,0.928736,0.946654,0.804643,0.648497,0.561857,0.546504,0.797140,0.827888,0.796562,0.840432,0.458495,0.427145
0.180538,0.123428,0.033563,0.331959,0.314470,0.671806,0.530369,0.591988,0.698932,0.671163,0.538955,0.455113,0.480619,0.518445,0.595964,0.362608,0.243513,0.427769,0.358536,0.619615,0.576716,0.572123,0.509277,0.537049,0.494486,0.244688,0.208715,0.259484,0.428935,0.283518,0.098955,0.199882,-0.049311,0.299436,0.349946,0.171672,0.153660,0.354439,0.482687,0.716150,0.665092,0.580983,0.788129,0.789883,0.595261,0.472643,0.489973,0.555784,0.648111,0.647068,0.795291,0.945889,0.958781,0.675108,0.928432,0.928736,1.000000,0.905299,0.869014,0.714601,0.633884,0.636102,0.894443,0.942190,0.919659,0.937286,0.523664,0.456205
0.213476,0.154738,0.018483,0.287097,0.310563,0.592136,0.496295,0.515317,0.624127,0.604573,0.491551,0.371259,0.389566,0.466413,0.536181,0.320765,0.225429,0.343195,0.322944,0.558560,0.530368,0.521126,0.450164,0.463629,0.444956,0.242994,0.201904,0.208494,0.392835,0.268104,0.119316,0.195899,-0.013577,0.304307,0.323075,0.175374,0.131876,0.302942,0.422375,0.634023,0.575154,0.511761,0.694253,0.706162,0.525344,0.408396,0.417256,0.477225,0.584807,0.558510,0.689027,0.848188,0.840866,0.604231,0.922468,0.946654,0.905299,1.000000,0.810049,0.667221,0.583384,0.581566,0.813275,0.833502,0.793473,0.832784,0.465195,0.407056
0.131867,0.051763,0.039893,0.296085,0.211492,0.529335,0.401841,0.477113,0.558666,0.549712,0.387659,0.351902,0.368854,0.365812,0.438273,0.271088,0.189094,0.348552,0.260987,0.467502,0.469314,0.471829,0.409381,0.447407,0.394030,0.185153,0.161743,0.203822,0.332840,0.208650,0.071569,0.172061,-0.059779,0.227728,0.465478,0.281072,0.159786,0.332929,0.627753,0.677173,0.622591,0.486919,0.721658,0.700340,0.434886,0.401766,0.385727,0.391515,0.479513,0.617543,0.671441,0.791173,0.836030,0.508686,0.805771,0.804643,0.869014,0.810049,1.000000,0.892200,0.832186,0.800002,0.930371,0.870777,0.811300,0.778790,0.513605,0.597087
0.097651,0.039939,0.028393,0.286130,0.175792,0.474809,0.362048,0.438590,0.501561,0.500559,0.317867,0.314286,0.342136,0.301598,0.359128,0.231225,0.163958,0.284400,0.220917,0.387604,0.360756,0.363549,0.322342,0.334797,0.306125,0.133684,0.113325,0.142954,0.264849,0.173655,0.054860,0.126067,-0.058853,0.185620,0.416477,0.230754,0.141041,0.324345,0.550567,0.611154,0.542470,0.458097,0.658367,0.627788,0.358370,0.384994,0.378601,0.311546,0.394868,0.504022,0.577170,0.672841,0.715907,0.414861,0.647081,0.648497,0.714601,0.667221,0.892200,1.000000,0.965988,0.921305,0.811623,0.750014,0.709157,0.657091,0.432305,0.530845
0.093573,0.050627,0.037405,0.287265,0.175039,0.444741,0.348378,0.406315,0.469401,0.465947,0.276123,0.310837,0.324571,0.263259,0.319869,0.208969,0.145224,0.258918,0.200701,0.345561,0.328830,0.332062,0.286514,0.304141,0.274507,0.126984,0.111371,0.134542,0.234862,0.153690,0.043487,0.115199,-0.058520,0.178524,0.370201,0.195000,0.145707,0.317811,0.492188,0.574905,0.518275,0.425173,0.621055,0.583674,0.313746,0.370480,0.369354,0.271982,0.348195,0.468786,0.545067,0.600282,0.652134,0.364246,0.563296,0.561857,0.633884,0.583384,0.832186,0.965988,1.000000,0.972609,0.744827,0.685307,0.660006,0.599401,0.402768,0.474174
0.078438,0.046604,0.023499,0.278817,0.183079,0.493383,0.377356,0.462416,0.510228,0.502994,0.291899,0.338086,0.384494,0.282012,0.331004,0.210930,0.138031,0.272843,0.203530,0.356604,0.335255,0.337466,0.283903,0.314202,0.268372,0.116728,0.105602,0.147825,0.230914,0.148284,0.029676,0.116205,-0.067542,0.176743,0.270150,0.084771,0.123978,0.296552,0.422893,0.615629,0.555571,0.480707,0.665343,0.624363,0.343168,0.368251,0.398634,0.300602,0.369328,0.464155,0.586913,0.616323,0.672850,0.383208,0.549540,0.546504,0.636102,0.581566,0.800002,0.921305,0.972609,1.000000,0.738259,0.703641,0.687525,0.628421,0.394332,0.411316
0.156387,0.082373,0.064758,0.349817,0.255778,0.629207,0.478024,0.586846,0.654023,0.651456,0.455542,0.422826,0.461543,0.433144,0.497125,0.317591,0.222514,0.407773,0.315535,0.529467,0.502466,0.503592,0.451975,0.477308,0.441197,0.199425,0.181405,0.251412,0.383793,0.247728,0.094072,0.186268,-0.053289,0.256274,0.401617,0.170674,0.176413,0.380108,0.589022,0.778549,0.686847,0.600963,0.836690,0.810336,0.519123,0.466039,0.467272,0.464091,0.543163,0.638731,0.745010,0.863502,0.914521,0.573081,0.800993,0.797140,0.894443,0.813275,0.930371,0.811623,0.744827,0.738259,1.000000,0.954192,0.887720,0.821889,0.483297,0.567584
0.157116,0.100680,0.058594,0.363536,0.289090,0.703891,0.538138,0.657563,0.723380,0.708739,0.511044,0.480591,0.539651,0.493276,0.553016,0.353710,0.243463,0.445908,0.354092,0.581074,0.527034,0.524760,0.469016,0.496105,0.457087,0.201621,0.182497,0.267221,0.401983,0.269677,0.100907,0.194890,-0.044457,0.274711,0.322027,0.094086,0.163653,0.380963,0.510632,0.811337,0.728683,0.661172,0.882972,0.862690,0.584617,0.496205,0.527215,0.534962,0.610253,0.666723,0.839896,0.934695,0.981466,0.638413,0.832437,0.827888,0.942190,0.833502,0.870777,0.750014,0.685307,0.703641,0.954192,1.000000,0.966800,0.915121,0.504971,0.483681
0.150204,0.112385,0.055978,0.369606,0.296693,0.704318,0.543437,0.646727,0.728324,0.719236,0.503113,0.481477,0.521024,0.485776,0.543519,0.361371,0.238953,0.425001,0.368047,0.566592,0.510789,0.506110,0.453024,0.477790,0.444757,0.203619,0.182196,0.250454,0.396243,0.268983,0.089391,0.167732,-0.026931,0.263964,0.307467,0.093880,0.165480,0.380517,0.478585,0.812712,0.739114,0.652465,0.885512,0.870061,0.573882,0.500323,0.524302,0.521030,0.599431,0.713498,0.898967,0.932993,0.975536,0.622009,0.800422,0.796562,0.919659,0.793473,0.811300,0.709157,0.660006,0.687525,0.887720,0.966800,1.000000,0.936883,0.506169,0.441270
