1.000000,0.006984,0.001870,0.064879,-0.044369,0.055487,-0.028932,0.023349,0.068178,0.102095,-0.082872,-0.167983,0.098446,-0.023053,0.107382,-0.054998,-0.030141,0.039649,-0.040331,-0.051060,-0.008575,0.042323,0.059160,0.022709,-0.009030,-0.081324,0.052150,-0.041625,-0.045446,-0.040975,-0.082985,0.014085,-0.054142,0.034797,-0.019969,0.046936,-0.094209,-0.044404,0.016167,0.052166,0.162039,0.052360,0.013250,0.074799,0.012411,0.093622,-0.048111,-0.037179,0.095308,-0.016085,0.087557,-0.075701,-0.039783,-0.029299,-0.061218,0.042411,-0.045846,-0.056480,-0.058942,-0.027867,-0.044574,-0.034578,0.000195,-0.025155,0.097478,-0.066535,-0.094942,-0.041201
0.006984,1.000000,-0.055885,0.005504,0.028945,0.021930,0.042772,0.036129,-0.001414,0.104709,-0.019742,0.086770,0.027023,0.001959,0.044435,0.014733,0.052362,0.061596,0.030567,-0.112523,0.085520,0.022620,-0.037817,-0.040931,0.069220,-0.030244,-0.056515,-0.006467,-0.005517,-0.038876,-0.008555,0.050766,0.038133,-0.085867,0.003109,0.014745,-0.067844,-0.074614,0.094643,0.015675,-0.074113,-0.068137,0.018256,0.078850,0.009398,-0.033724,0.052613,-0.015643,0.017507,-0.037906,-0.043531,0.068498,-0.010932,-0.046700,-0.017822,0.031089,0.012164,-0.056217,-0.012514,0.045350,0.060929,0.026346,0.023043,-0.050118,0.089309,-0.057157,-0.007182,-0.095176
0.001870,-0.055885,1.000000,-0.063135,-0.011470,-0.048916,0.066620,-0.000132,0.073549,0.048736,-0.021305,0.008081,0.016482,-0.003156,-0.051811,-0.071997,0.019688,0.097096,-0.036892,0.086807,0.046379,0.012238,0.016316,-0.022625,-0.096157,-0.082753,-0.016140,0.057849,-0.080833,0.025017,0.054588,-0.028939,0.074361,0.034499,0.076511,0.053582,0.029646,-0.049642,-0.076554,-0.091768,0.019950,-0.081871,0.043661,-0.019355,-0.014230,0.106644,0.019860,-0.039991,-0.051982,-0.021492,-0.015376,-0.012926,-0.035774,0.033091,0.062352,-0.070314,-0.068420,-0.029862,0.065355,0.011521,-0.070615,-0.093555,-0.040282,-0.055503,-0.094946,-0.029447,-0.009939,0.008267
0.064879,0.005504,-0.063135,1.000000,0.113709,0.019030,-0.051220,0.029550,-0.011835,-0.083532,0.079164,0.019738,-0.044612,-0.002918,-0.005170,0.018019,0.007146,0.037524,-0.099602,0.021068,0.085740,-0.017374,0.022615,0.010635,0.066119,0.077114,0.085932,0.013813,0.024727,-0.005321,-0.036076,0.082841,-0.004726,0.023526,-0.057540,0.062292,0.004015,-0.094894,0.053295,-0.019331,-0.010575,-0.027502,0.046282,0.108357,0.048174,-0.008191,-0.099318,0.043599,-0.036395,-0.081547,-0.109837,-0.008500,-0.046376,0.005862,0.027550,-0.013281,-0.030482,-0.047613,-0.015462,0.016657,0.021843,-0.008285,0.074392,-0.065613,0.015992,0.101736,0.103369,0.086516
-0.044369,0.028945,-0.011470,0.113709,1.000000,0.050080,-0.047710,-0.009307,-0.009366,-0.067589,-0.024402,0.042831,0.057762,0.050287,-0.026665,0.066305,0.075815,-0.007951,0.010432,-0.064152,-0.108103,-0.010188,-0.014881,-0.004384,-0.100383,-0.050108,0.005748,-0.077265,-0.032016,0.018451,0.000506,0.047647,-0.137362,-0.014604,0.044957,-0.020983,-0.052574,-0.039630,-0.016694,0.016047,-0.063721,0.015701,-0.012359,0.037501,0.022375,-0.026924,0.039303,-0.033879,0.073238,-0.014938,-0.113034,-0.015043,-0.071413,0.017620,-0.055073,0.052144,0.100194,-0.112003,0.043126,0.049851,0.043994,0.023587,-0.025385,-0.015167,-0.019331,0.034489,-0.007824,-0.018839
0.055487,0.021930,-0.048916,0.019030,0.050080,1.000000,-0.036148,0.075334,0.021669,-0.041440,-0.015283,-0.042371,-0.004010,-0.025792,0.013873,-0.001372,-0.039419,-0.018954,-0.026053,0.102106,-0.064071,-0.002902,0.063963,0.032186,-0.028198,-0.035121,-0.113790,0.011931,-0.084929,-0.001231,0.041796,0.074685,-0.003121,0.022757,0.040201,0.038190,-0.037178,0.011815,0.057394,0.112918,0.004556,0.042603,0.022983,0.090003,-0.003365,-0.003255,0.068001,-0.065390,0.032113,-0.029226,0.033119,-0.020529,0.055212,0.059639,-0.083462,0.055938,-0.082917,-0.058547,0.063006,-0.009442,0.042687,0.020408,0.032144,0.035990,0.030192,-0.009709,-0.036948,-0.097070
-0.028932,0.042772,0.066620,-0.051220,-0.047710,-0.036148,1.000000,-0.091174,-0.018984,0.029064,0.052157,0.056168,0.048533,0.061268,0.016569,-0.020377,0.011326,0.140023,0.080423,0.027445,0.046733,0.050165,-0.050429,-0.007802,0.016374,-0.164154,0.011404,0.021130,-0.042073,-0.015670,-0.072549,-0.020164,-0.037010,-0.032557,0.002412,0.041429,0.029519,0.054949,-0.041606,0.003954,-0.020095,0.053744,0.081122,0.017921,-0.022975,-0.055195,-0.007834,-0.064602,0.071608,0.082617,-0.029367,-0.043374,0.031188,0.039394,0.003620,-0.002959,-0.031990,-0.058268,-0.089975,-0.015964,0.032477,0.062651,0.016666,0.047205,-0.043776,0.030905,-0.042994,0.085389
0.023349,0.036129,-0.000132,0.029550,-0.009307,0.075334,-0.091174,1.000000,0.042266,-0.039554,-0.080049,0.007412,0.054817,0.000300,0.001963,-0.026725,0.053373,0.030665,-0.069857,-0.049544,0.008978,-0.020111,0.024476,0.006747,-0.006195,-0.015387,-0.020748,-0.016828,0.022760,0.073016,-0.060535,-0.065220,0.053970,-0.064107,-0.061713,0.034768,-0.055011,0.008813,0.009009,0.089209,-0.006103,0.101079,-0.073440,-0.031494,-0.009193,0.042295,-0.028571,-0.043721,-0.032069,-0.001697,-0.003944,0.078225,-0.025459,-0.015535,-0.012448,0.016919,-0.054097,-0.112454,0.013082,0.016526,-0.065990,-0.041277,0.021761,-0.014247,0.023439,-0.008398,-0.048818,-0.016072
0.068178,-0.001414,0.073549,-0.011835,-0.009366,0.021669,-0.018984,0.042266,1.000000,0.098329,0.002738,-0.031028,-0.016679,0.034475,0.017815,-0.000076,-0.017988,0.047028,-0.024597,0.050081,0.027844,-0.091024,0.018030,0.024561,-0.063044,-0.021638,-0.000136,-0.023380,0.022366,-0.029737,-0.051572,0.041381,0.054086,0.090717,0.011562,0.024849,-0.013899,0.012766,-0.030063,-0.038124,-0.007075,-0.023241,-0.042065,0.075864,-0.050057,-0.017573,-0.041187,-0.009195,0.000032,-0.032845,-0.067121,0.081218,-0.005135,0.015804,-0.028830,-0.075189,-0.141953,0.078665,0.005861,-0.019511,-0.033583,-0.000297,0.036821,0.054094,0.058907,0.002082,0.029523,-0.050550
0.102095,0.104709,0.048736,-0.083532,-0.067589,-0.041440,0.029064,-0.039554,0.098329,1.000000,0.028003,0.008218,0.057063,0.013762,-0.036402,0.020588,-0.005390,0.025185,0.036296,-0.004822,0.053556,0.038658,0.024521,0.002907,0.043758,-0.050110,-0.044513,-0.027703,-0.016105,-0.018034,0.010789,0.046894,-0.027100,0.016463,-0.039341,-0.026851,-0.018058,0.039425,-0.030315,0.003619,-0.018179,-0.069589,0.037902,-0.021077,0.055991,0.015157,-0.000425,0.022897,-0.009389,-0.065012,-0.036764,0.070263,0.023694,0.047067,0.012341,0.011182,0.063901,0.039732,-0.077886,0.029504,-0.056943,0.031084,-0.007265,-0.004482,0.049526,-0.057081,-0.019576,-0.105919
-0.082872,-0.019742,-0.021305,0.079164,-0.024402,-0.015283,0.052157,-0.080049,0.002738,0.028003,1.000000,0.035480,-0.096496,0.356264,0.054230,-0.071076,-0.030405,0.056525,0.042006,-0.043324,-0.014578,0.051305,0.061873,-0.132836,0.187739,0.077442,-0.013531,0.056931,0.047301,0.012837,-0.025092,-0.019591,-0.060139,-0.041572,-0.005627,0.054147,-0.060853,-0.153713,0.082058,0.027534,0.003050,0.000790,-0.044599,0.007801,0.021225,-0.122084,-0.037611,0.049715,-0.070961,0.008536,0.076069,-0.038911,0.049993,-0.036157,0.092457,0.004371,-0.066256,0.022648,0.047206,0.142255,-0.008837,0.104406,-0.022097,-0.064474,0.038942,0.047182,0.051421,0.088052
-0.167983,0.086770,0.008081,0.019738,0.042831,-0.042371,0.056168,0.007412,-0.031028,0.008218,0.035480,1.000000,-0.093048,0.046524,-0.035697,-0.096599,0.024430,0.055563,-0.015939,-0.036779,0.025433,-0.024918,0.068048,-0.043070,0.089782,-0.001969,0.002446,0.035356,-0.055123,-0.041322,0.013126,0.037520,-0.034217,0.005057,0.002402,0.017380,0.019413,-0.053559,0.043932,0.002142,-0.072455,0.015025,-0.088441,0.044190,-0.013079,0.127359,0.009823,-0.035308,-0.020531,-0.059598,-0.036865,-0.018653,0.007634,0.036079,0.045354,0.003954,0.037495,0.074398,0.034750,-0.008794,0.041403,-0.006359,0.027397,-0.051006,0.023408,0.045072,0.040495,0.057994
0.098446,0.027023,0.016482,-0.044612,0.057762,-0.004010,0.048533,0.054817,-0.016679,0.057063,-0.096496,-0.093048,1.000000,0.003861,0.000999,-0.001789,-0.058459,0.069443,0.005437,-0.073748,0.077573,0.034737,0.035938,0.014158,0.002246,-0.059495,0.016693,0.015961,-0.013579,0.008586,-0.006773,0.010569,0.022432,0.000730,0.008003,-0.028086,-0.050530,0.013241,-0.014610,-0.088732,0.016782,-0.049415,0.039050,0.037359,0.010173,0.001705,0.032120,0.089709,-0.044529,0.044689,0.061023,-0.015143,-0.024361,-0.027040,-0.036187,-0.014447,-0.040719,-0.075286,-0.010478,-0.033975,0.064620,-0.048872,-0.074006,-0.002920,0.091264,-0.038617,-0.057728,-0.062014
-0.023053,0.001959,-0.003156,-0.002918,0.050287,-0.025792,0.061268,0.000300,0.034475,0.013762,0.356264,0.046524,0.003861,1.000000,-0.018118,-0.032380,0.010849,0.038041,0.075043,0.069876,0.030969,0.075695,0.127021,-0.108256,0.058401,-0.008826,-0.056826,0.048773,-0.081065,0.014419,-0.016434,-0.043483,-0.043310,0.049844,0.017899,0.016356,0.031477,-0.052619,0.021726,-0.027434,-0.065869,0.018296,-0.033051,0.079720,-0.024923,-0.071174,0.034252,0.019369,0.011998,0.026907,0.061960,-0.043550,0.036357,0.039836,0.050408,-0.051565,-0.063927,0.036397,-0.093129,0.112885,0.022358,0.066996,-0.021979,0.022445,-0.004229,-0.008985,0.004052,0.080174
0.107382,0.044435,-0.051811,-0.005170,-0.026665,0.013873,0.016569,0.001963,0.017815,-0.036402,0.054230,-0.035697,0.000999,-0.018118,1.000000,0.053734,-0.142405,0.070003,0.014402,0.025237,0.080844,0.040988,0.075387,-0.019458,-0.064711,0.012202,-0.011328,0.057492,-0.033342,0.000434,0.032335,-0.009090,-0.077444,-0.000567,0.073640,0.012309,0.004914,-0.001413,0.061217,-0.010834,0.041358,0.016013,-0.022024,-0.004413,-0.075697,-0.029193,0.040150,0.087503,0.019498,-0.001304,0.028868,-0.011540,-0.041131,0.053829,0.018841,-0.021376,-0.021503,-0.038779,0.030755,0.015511,0.017732,-0.017873,-0.003157,0.046552,0.028520,0.006751,0.024569,-0.027007
-0.054998,0.014733,-0.071997,0.018019,0.066305,-0.001372,-0.020377,-0.026725,-0.000076,0.020588,-0.071076,-0.096599,-0.001789,-0.032380,0.053734,1.000000,0.033331,-0.141625,0.046523,0.040558,0.044808,-0.081622,-0.047139,0.065815,-0.028749,0.024098,0.010992,-0.075243,0.039057,-0.011698,0.059390,-0.056560,0.046542,-0.025890,0.122315,-0.031850,-0.019312,-0.049226,-0.006862,-0.062287,0.049263,0.054400,-0.058853,-0.015248,0.043971,-0.086561,-0.126708,0.006597,0.019231,-0.005194,-0.112185,0.026860,-0.040997,-0.026590,0.082278,0.084478,0.003089,0.047136,-0.054469,0.046936,-0.045541,-0.003219,0.005390,0.118121,-0.050744,0.082900,0.066708,-0.059908
-0.030141,0.052362,0.019688,0.007146,0.075815,-0.039419,0.011326,0.053373,-0.017988,-0.005390,-0.030405,0.024430,-0.058459,0.010849,-0.142405,0.033331,1.000000,0.032654,-0.062879,-0.018331,0.004667,-0.041794,0.009051,-0.069900,-0.040254,0.016999,0.099313,-0.015717,-0.045985,-0.014362,-0.047929,0.053667,0.039922,-0.043011,0.072197,0.104203,0.082499,-0.023616,0.170185,0.021391,0.057847,-0.064216,0.004765,0.030930,0.077939,0.020521,-0.030899,0.074089,0.068912,-0.030539,-0.098875,-0.043126,-0.051660,0.082196,0.039355,-0.043597,-0.014177,0.007211,0.034686,0.056465,0.094903,0.050946,0.065838,0.080645,0.002951,0.031725,-0.059315,0.008292
0.039649,0.061596,0.097096,0.037524,-0.007951,-0.018954,0.140023,0.030665,0.047028,0.025185,0.056525,0.055563,0.069443,0.038041,0.070003,-0.141625,0.032654,1.000000,-0.038398,-0.030967,-0.043380,0.054938,-0.022122,0.034791,-0.036950,-0.103271,0.116353,0.031728,-0.067493,0.053625,-0.035313,-0.020557,-0.041382,0.026181,-0.029251,0.041051,-0.014609,-0.007154,0.026576,-0.038976,-0.071429,-0.111639,0.119348,0.123057,0.009462,-0.012816,0.020860,0.033812,-0.052420,-0.000212,-0.031749,0.115840,0.024828,0.022783,-0.048193,-0.075334,-0.091826,-0.072830,-0.060008,0.023062,0.081762,-0.011576,-0.147983,0.019884,0.031048,0.044438,-0.044994,0.024189
-0.040331,0.030567,-0.036892,-0.099602,0.010432,-0.026053,0.080423,-0.069857,-0.024597,0.036296,0.042006,-0.015939,0.005437,0.075043,0.014402,0.046523,-0.062879,-0.038398,1.000000,0.035101,-0.025482,0.009986,-0.054209,0.083009,0.101793,0.024197,-0.016137,0.049096,0.007503,0.003585,0.061677,0.010662,-0.008273,-0.000980,0.016563,-0.029770,0.026886,-0.028476,0.054507,-0.024274,0.040919,-0.063120,-0.004093,-0.057684,-0.020190,-0.029858,0.098058,-0.016788,0.047369,-0.000166,-0.058332,-0.057612,0.015671,0.018488,-0.058682,0.042086,0.005800,-0.065035,-0.057045,-0.024603,-0.051935,0.004540,0.059742,0.047619,-0.053795,-0.051077,0.047556,-0.016995
-0.051060,-0.112523,0.086807,0.021068,-0.064152,0.102106,0.027445,-0.049544,0.050081,-0.004822,-0.043324,-0.036779,-0.073748,0.069876,0.025237,0.040558,-0.018331,-0.030967,0.035101,1.000000,0.039679,-0.064325,-0.002178,-0.014320,0.024469,-0.033457,-0.110712,-0.055340,-0.051481,0.019895,0.004441,0.021949,0.014041,-0.038829,0.057325,-0.063481,0.011444,0.101041,-0.072670,-0.049167,0.106169,-0.043947,0.041987,-0.060318,0.036883,0.059298,-0.043522,0.052694,-0.000631,-0.026794,-0.053365,0.030968,0.034170,0.036452,0.044766,0.046797,0.017594,0.080431,-0.012440,0.001866,0.042470,0.015380,-0.029192,0.024314,0.037766,0.003344,0.026785,-0.023596
-0.008575,0.085520,0.046379,0.085740,-0.108103,-0.064071,0.046733,0.008978,0.027844,0.053556,-0.014578,0.025433,0.077573,0.030969,0.080844,0.044808,0.004667,-0.043380,-0.025482,0.039679,1.000000,0.030962,0.020380,-0.109253,-0.029622,-0.006966,0.044394,-0.042785,-0.001754,-0.014755,0.030014,-0.082983,0.013409,-0.070110,-0.062670,-0.121772,0.091442,0.009531,0.085184,-0.080096,-0.124267,-0.012757,-0.009561,0.014889,-0.016982,-0.073582,-0.031200,0.051821,0.013545,0.010094,-0.096820,-0.008085,0.038977,0.027374,0.072306,-0.064164,-0.011329,0.000171,-0.045885,0.022604,-0.051498,-0.017962,-0.031585,-0.039663,-0.013866,0.112012,-0.002046,-0.012650
0.042323,0.022620,0.012238,-0.017374,-0.010188,-0.002902,0.050165,-0.020111,-0.091024,0.038658,0.051305,-0.024918,0.034737,0.075695,0.040988,-0.081622,-0.041794,0.054938,0.009986,-0.064325,0.030962,1.000000,0.023895,-0.022703,0.056793,-0.101068,0.029298,-0.060811,0.070714,0.030112,-0.059482,-0.021847,-0.050759,-0.012545,0.063518,0.007135,-0.010043,-0.007559,0.025082,0.029822,-0.076337,0.042684,-0.095416,0.040436,-0.051191,0.007922,0.066090,-0.051469,-0.063819,-0.026527,0.009081,-0.038872,-0.007279,0.015435,-0.022348,0.015929,-0.047673,0.010953,-0.057753,0.004035,0.026694,0.021217,-0.012129,-0.022876,-0.039095,-0.011030,-0.052776,-0.006426
0.059160,-0.037817,0.016316,0.022615,-0.014881,0.063963,-0.050429,0.024476,0.018030,0.024521,0.061873,0.068048,0.035938,0.127021,0.075387,-0.047139,0.009051,-0.022122,-0.054209,-0.002178,0.020380,0.023895,1.000000,-0.002989,0.044387,0.000249,-0.075284,0.055814,-0.062561,0.049021,-0.051394,0.054099,0.033693,0.028843,-0.043532,-0.001298,-0.002917,-0.047788,-0.025736,0.026448,-0.015851,0.029253,-0.059211,0.040876,-0.003133,0.003540,0.088691,0.021688,-0.044424,-0.027980,-0.021008,0.011411,0.039052,0.018309,0.038234,-0.024833,-0.114473,0.032305,-0.001629,-0.025470,-0.062406,-0.010926,-0.089950,0.011111,0.000947,0.091151,-0.030622,0.062089
0.022709,-0.040931,-0.022625,0.010635,-0.004384,0.032186,-0.007802,0.006747,0.024561,0.002907,-0.132836,-0.043070,0.014158,-0.108256,-0.019458,0.065815,-0.069900,0.034791,0.083009,-0.014320,-0.109253,-0.022703,-0.002989,1.000000,-0.075391,0.012962,-0.005568,-0.082101,0.095225,-0.008854,0.005339,-0.031130,0.033480,0.015927,-0.059608,-0.023432,0.068366,0.074924,0.036265,-0.012661,0.108347,0.011098,0.021052,0.003463,0.025456,0.009041,0.057536,-0.015838,-0.099178,0.017291,-0.055214,0.024514,-0.024188,-0.018514,0.017365,-0.001731,-0.002504,0.034362,-0.067349,-0.066801,-0.026722,0.030880,-0.011684,-0.043159,0.060131,0.021525,0.081420,-0.007117
-0.009030,0.069220,-0.096157,0.066119,-0.100383,-0.028198,0.016374,-0.006195,-0.063044,0.043758,0.187739,0.089782,0.002246,0.058401,-0.064711,-0.028749,-0.040254,-0.036950,0.101793,0.024469,-0.029622,0.056793,0.044387,-0.075391,1.000000,0.042382,0.051305,-0.002064,0.011239,0.015736,-0.062765,-0.028683,-0.033293,-0.084516,-0.064892,-0.009719,0.018732,-0.039913,0.054035,-0.052354,-0.102630,0.000481,0.075297,0.059448,-0.027136,0.003121,-0.110083,0.016226,0.015243,0.001905,-0.016157,0.038767,0.066462,-0.011801,0.027987,0.049061,-0.004603,-0.009412,-0.039198,0.032829,-0.075990,-0.016806,0.082578,-0.017880,0.068820,-0.011908,-0.009548,0.021863
-0.081324,-0.030244,-0.082753,0.077114,-0.050108,-0.035121,-0.164154,-0.015387,-0.021638,-0.050110,0.077442,-0.001969,-0.059495,-0.008826,0.012202,0.024098,0.016999,-0.103271,0.024197,-0.033457,-0.006966,-0.101068,0.000249,0.012962,0.042382,1.000000,-0.025818,0.000291,-0.006419,0.046288,0.091933,0.099402,0.014124,0.015245,-0.045499,0.066271,-0.042131,0.001019,0.053228,-0.040923,0.047873,-0.028191,-0.077353,-0.043695,-0.039929,-0.029487,-0.080671,0.016494,0.027131,-0.073484,-0.003402,-0.014244,-0.000369,-0.000467,-0.035313,0.006522,-0.034718,0.146460,0.105854,-0.053961,-0.005646,0.059092,-0.019151,-0.001454,-0.030514,0.087552,0.083705,-0.089703
0.052150,-0.056515,-0.016140,0.085932,0.005748,-0.113790,0.011404,-0.020748,-0.000136,-0.044513,-0.013531,0.002446,0.016693,-0.056826,-0.011328,0.010992,0.099313,0.116353,-0.016137,-0.110712,0.044394,0.029298,-0.075284,-0.005568,0.051305,-0.025818,1.000000,0.005720,0.046908,0.010285,-0.030288,-0.003492,0.080916,0.004245,-0.035860,-0.021165,-0.035069,-0.023332,0.069250,-0.103854,-0.032880,-0.026902,0.043695,0.020745,0.026146,-0.011678,-0.006265,0.023457,0.036200,0.036490,0.036685,-0.028626,-0.016258,-0.091700,-0.051667,-0.027682,0.077127,-0.017974,-0.063573,0.028972,-0.042460,-0.032030,0.039580,-0.002434,-0.079221,-0.034226,0.008094,0.080515
-0.041625,-0.006467,0.057849,0.013813,-0.077265,0.011931,0.021130,-0.016828,-0.023380,-0.027703,0.056931,0.035356,0.015961,0.048773,0.057492,-0.075243,-0.015717,0.031728,0.049096,-0.055340,-0.042785,-0.060811,0.055814,-0.082101,-0.002064,0.000291,0.005720,1.000000,-0.072214,-0.000164,-0.017192,-0.116725,-0.006128,-0.025223,0.028253,-0.005718,-0.023929,-0.077182,-0.068649,0.013252,0.033767,0.052585,0.002566,-0.030330,0.027103,0.008658,-0.063715,0.007607,-0.008333,0.001325,0.035026,-0.036594,0.017232,0.005513,-0.004265,-0.067908,-0.001632,-0.038690,0.071354,0.057892,-0.052305,0.037053,-0.047462,0.011608,-0.031407,0.017634,-0.008522,0.041006
-0.045446,-0.005517,-0.080833,0.024727,-0.032016,-0.084929,-0.042073,0.022760,0.022366,-0.016105,0.047301,-0.055123,-0.013579,-0.081065,-0.033342,0.039057,-0.045985,-0.067493,0.007503,-0.051481,-0.001754,0.070714,-0.062561,0.095225,0.011239,-0.006419,0.046908,-0.072214,1.000000,0.111593,-0.012851,0.014407,-0.060289,-0.012550,0.000355,-0.000133,0.065853,-0.091153,0.090781,0.016512,0.029347,0.039811,-0.099046,0.020444,0.018749,-0.056798,-0.039645,-0.033874,0.016835,-0.040016,0.010556,0.095890,0.042085,-0.035102,0.056437,0.012015,-0.036988,0.059103,-0.003852,0.072650,-0.072590,-0.000437,0.020571,-0.009125,-0.034623,-0.019472,0.132001,0.028992
-0.040975,-0.038876,0.025017,-0.005321,0.018451,-0.001231,-0.015670,0.073016,-0.029737,-0.018034,0.012837,-0.041322,0.008586,0.014419,0.000434,-0.011698,-0.014362,0.053625,0.003585,0.019895,-0.014755,0.030112,0.049021,-0.008854,0.015736,0.046288,0.010285,-0.000164,0.111593,1.000000,-0.047040,-0.032899,-0.035310,-0.054643,0.045404,0.000899,-0.088127,-0.021115,0.048001,0.018996,-0.017471,0.033355,-0.032301,-0.063523,-0.094370,0.036422,0.033273,-0.037903,0.082113,-0.008175,0.039827,0.073249,0.065793,0.007541,0.020593,0.106215,-0.091619,0.047200,0.012086,0.106467,-0.047880,0.016915,-0.051047,-0.037755,-0.014450,0.013187,-0.095144,0.024186
-0.082985,-0.008555,0.054588,-0.036076,0.000506,0.041796,-0.072549,-0.060535,-0.051572,0.010789,-0.025092,0.013126,-0.006773,-0.016434,0.032335,0.059390,-0.047929,-0.035313,0.061677,0.004441,0.030014,-0.059482,-0.051394,0.005339,-0.062765,0.091933,-0.030288,-0.017192,-0.012851,-0.047040,1.000000,0.037913,0.026405,0.030652,0.043379,-0.073790,0.024166,0.029126,-0.019295,-0.020466,-0.052452,-0.065540,-0.026195,-0.011312,0.007767,-0.038134,0.203493,0.032357,-0.060861,0.032244,0.044495,-0.015840,0.019782,0.009473,-0.106245,0.032595,0.001360,0.000610,0.136337,-0.080419,0.049231,-0.044388,-0.045321,-0.039949,0.112304,0.008795,0.023169,-0.043502
0.014085,0.050766,-0.028939,0.082841,0.047647,0.074685,-0.020164,-0.065220,0.041381,0.046894,-0.019591,0.037520,0.010569,-0.043483,-0.009090,-0.056560,0.053667,-0.020557,0.010662,0.021949,-0.082983,-0.021847,0.054099,-0.031130,-0.028683,0.099402,-0.003492,-0.116725,0.014407,-0.032899,0.037913,1.000000,0.077190,0.058537,-0.057019,0.026596,-0.008381,-0.022805,-0.050844,0.058031,-0.049932,-0.076541,-0.015577,-0.000812,-0.058915,0.030191,0.032428,-0.011036,0.009441,-0.027375,-0.008998,-0.025827,0.050814,0.057402,-0.098649,0.056746,0.035563,0.015381,0.000141,-0.024456,0.049666,0.059737,0.073398,-0.033367,0.006966,-0.048775,0.098729,-0.088689
-0.054142,0.038133,0.074361,-0.004726,-0.137362,-0.003121,-0.037010,0.053970,0.054086,-0.027100,-0.060139,-0.034217,0.022432,-0.043310,-0.077444,0.046542,0.039922,-0.041382,-0.008273,0.014041,0.013409,-0.050759,0.033693,0.033480,-0.033293,0.014124,0.080916,-0.006128,-0.060289,-0.035310,0.026405,0.077190,1.000000,0.111774,0.047457,0.040836,0.009304,0.070106,0.020739,0.001131,0.013139,-0.024668,-0.056251,-0.027673,-0.022502,-0.064857,0.059030,-0.011255,-0.096096,0.093872,-0.021086,0.010461,-0.039479,-0.094354,0.044317,-0.045985,0.017453,-0.000525,0.064542,0.011033,-0.032317,-0.034665,0.030450,-0.005810,0.018479,-0.055343,0.103092,-0.053611
0.034797,-0.085867,0.034499,0.023526,-0.014604,0.022757,-0.032557,-0.064107,0.090717,0.016463,-0.041572,0.005057,0.000730,0.049844,-0.000567,-0.025890,-0.043011,0.026181,-0.000980,-0.038829,-0.070110,-0.012545,0.028843,0.015927,-0.084516,0.015245,0.004245,-0.025223,-0.012550,-0.054643,0.030652,0.058537,0.111774,1.000000,-0.012188,0.021619,0.039295,-0.030700,0.001071,0.059518,-0.014409,-0.037885,0.009524,-0.041826,-0.115209,-0.052952,0.092838,0.054174,0.036768,0.008622,0.036100,-0.018330,0.069917,0.062278,-0.001692,-0.041174,-0.055167,0.123218,-0.069115,0.009341,-0.080662,-0.015025,0.012667,0.079506,0.048610,-0.049041,0.056931,-0.031165
-0.019969,0.003109,0.076511,-0.057540,0.044957,0.040201,0.002412,-0.061713,0.011562,-0.039341,-0.005627,0.002402,0.008003,0.017899,0.073640,0.122315,0.072197,-0.029251,0.016563,0.057325,-0.062670,0.063518,-0.043532,-0.059608,-0.064892,-0.045499,-0.035860,0.028253,0.000355,0.045404,0.043379,-0.057019,0.047457,-0.012188,1.000000,0.094043,-0.096941,-0.058932,-0.015163,-0.003061,0.064828,-0.015175,-0.043255,-0.061296,0.082633,-0.104747,-0.102554,0.002533,0.000419,-0.004011,0.064615,-0.032449,-0.033255,0.031402,-0.023923,0.047198,0.015098,0.005685,0.009867,0.028191,0.037707,-0.056834,0.009957,0.036578,-0.022976,-0.002740,-0.000444,-0.051317
0.046936,0.014745,0.053582,0.062292,-0.020983,0.038190,0.041429,0.034768,0.024849,-0.026851,0.054147,0.017380,-0.028086,0.016356,0.012309,-0.031850,0.104203,0.041051,-0.029770,-0.063481,-0.121772,0.007135,-0.001298,-0.023432,-0.009719,0.066271,-0.021165,-0.005718,-0.000133,0.000899,-0.073790,0.026596,0.040836,0.021619,0.094043,1.000000,0.001125,-0.014715,0.013227,0.000038,-0.003504,0.041532,-0.038262,-0.089786,0.052250,-0.036758,-0.034360,0.029549,-0.062516,0.016248,-0.042732,0.039171,-0.064385,-0.054064,-0.044910,-0.003740,0.022487,-0.068066,0.013791,0.083644,-0.023598,-0.042068,0.007564,0.060241,0.114600,0.042644,0.035727,-0.045071
-0.094209,-0.067844,0.029646,0.004015,-0.052574,-0.037178,0.029519,-0.055011,-0.013899,-0.018058,-0.060853,0.019413,-0.050530,0.031477,0.004914,-0.019312,0.082499,-0.014609,0.026886,0.011444,0.091442,-0.010043,-0.002917,0.068366,0.018732,-0.042131,-0.035069,-0.023929,0.065853,-0.088127,0.024166,-0.008381,0.009304,0.039295,-0.096941,0.001125,1.000000,0.076530,-0.031524,0.014527,-0.041956,0.001354,-0.003754,-0.010357,-0.035378,-0.047990,0.061290,0.024283,-0.063477,0.039392,0.056824,0.028264,0.006146,0.013065,0.065241,0.035600,0.032808,0.047091,0.034832,0.037473,0.101062,-0.002592,0.049047,0.017884,0.072289,0.066740,0.033056,0.027067
-0.044404,-0.074614,-0.049642,-0.094894,-0.039630,0.011815,0.054949,0.008813,0.012766,0.039425,-0.153713,-0.053559,0.013241,-0.052619,-0.001413,-0.049226,-0.023616,-0.007154,-0.028476,0.101041,0.009531,-0.007559,-0.047788,0.074924,-0.039913,0.001019,-0.023332,-0.077182,-0.091153,-0.021115,0.029126,-0.022805,0.070106,-0.030700,-0.058932,-0.014715,0.076530,1.000000,-0.069092,-0.070888,0.000449,0.073038,0.027637,0.088303,-0.016981,0.167262,0.051736,0.072292,-0.014359,0.042790,0.030950,0.006324,-0.023550,-0.006323,-0.133250,-0.013802,0.019944,0.043968,-0.005889,-0.099909,0.118136,0.026371,0.046961,-0.040342,0.047910,0.037270,-0.017614,0.054907
0.016167,0.094643,-0.076554,0.053295,-0.016694,0.057394,-0.041606,0.009009,-0.030063,-0.030315,0.082058,0.043932,-0.014610,0.021726,0.061217,-0.006862,0.170185,0.026576,0.054507,-0.072670,0.085184,0.025082,-0.025736,0.036265,0.054035,0.053228,0.069250,-0.068649,0.090781,0.048001,-0.019295,-0.050844,0.020739,0.001071,-0.015163,0.013227,-0.031524,-0.069092,1.000000,-0.021141,0.036118,-0.011647,-0.019591,-0.037814,0.111869,-0.011492,0.001319,0.011591,0.028170,-0.016100,0.015576,0.010029,0.000700,-0.082529,0.072532,-0.018673,0.008105,-0.022170,0.097318,0.061865,-0.002121,0.080942,-0.023110,-0.110209,0.127439,-0.091266,-0.048656,0.044499
0.052166,0.015675,-0.091768,-0.019331,0.016047,0.112918,0.003954,0.089209,-0.038124,0.003619,0.027534,0.002142,-0.088732,-0.027434,-0.010834,-0.062287,0.021391,-0.038976,-0.024274,-0.049167,-0.080096,0.029822,0.026448,-0.012661,-0.052354,-0.040923,-0.103854,0.013252,0.016512,0.018996,-0.020466,0.058031,0.001131,0.059518,-0.003061,0.000038,0.014527,-0.070888,-0.021141,1.000000,-0.058069,0.047443,0.070702,0.030914,0.017243,0.034544,0.065071,-0.034842,-0.018664,0.007584,-0.005777,0.001310,-0.000349,0.013072,-0.034697,0.020244,0.113924,-0.144232,0.007706,0.026570,0.045780,0.143107,0.074470,0.083616,0.095970,-0.008983,-0.045584,0.053747
0.162039,-0.074113,0.019950,-0.010575,-0.063721,0.004556,-0.020095,-0.006103,-0.007075,-0.018179,0.003050,-0.072455,0.016782,-0.065869,0.041358,0.049263,0.057847,-0.071429,0.040919,0.106169,-0.124267,-0.076337,-0.015851,0.108347,-0.102630,0.047873,-0.032880,0.033767,0.029347,-0.017471,-0.052452,-0.049932,0.013139,-0.014409,0.064828,-0.003504,-0.041956,0.000449,0.036118,-0.058069,1.000000,0.026435,-0.094334,-0.162068,0.099901,-0.023941,-0.111964,0.002169,0.056725,-0.025282,0.081597,0.023028,-0.062348,-0.070609,-0.001972,0.014574,-0.002771,0.021278,0.037493,-0.011646,0.034444,-0.034689,-0.062886,-0.015459,0.061615,0.029501,-0.033735,0.030222
0.052360,-0.068137,-0.081871,-0.027502,0.015701,0.042603,0.053744,0.101079,-0.023241,-0.069589,0.000790,0.015025,-0.049415,0.018296,0.016013,0.054400,-0.064216,-0.111639,-0.063120,-0.043947,-0.012757,0.042684,0.029253,0.011098,0.000481,-0.028191,-0.026902,0.052585,0.039811,0.033355,-0.065540,-0.076541,-0.024668,-0.037885,-0.015175,0.041532,0.001354,0.073038,-0.011647,0.047443,0.026435,1.000000,-0.087244,-0.008739,0.017507,-0.031722,0.031389,-0.115338,-0.000733,0.028430,-0.026120,0.061413,0.023246,0.033704,0.133239,-0.023117,0.033350,-0.001774,0.071539,0.107861,-0.055502,0.019652,0.070121,0.028415,0.041349,0.005735,0.011604,0.069578
0.013250,0.018256,0.043661,0.046282,-0.012359,0.022983,0.081122,-0.073440,-0.042065,0.037902,-0.044599,-0.088441,0.039050,-0.033051,-0.022024,-0.058853,0.004765,0.119348,-0.004093,0.041987,-0.009561,-0.095416,-0.059211,0.021052,0.075297,-0.077353,0.043695,0.002566,-0.099046,-0.032301,-0.026195,-0.015577,-0.056251,0.009524,-0.043255,-0.038262,-0.003754,0.027637,-0.019591,0.070702,-0.094334,-0.087244,1.000000,0.068815,-0.007858,0.073621,-0.025531,0.005017,0.079058,0.079171,-0.028994,-0.058058,0.016815,0.041370,0.076407,0.034907,0.062257,-0.057810,-0.025240,-0.026203,0.066450,-0.015771,0.009905,0.020481,0.050262,-0.023231,0.023027,-0.051959
0.074799,0.078850,-0.019355,0.108357,0.037501,0.090003,0.017921,-0.031494,0.075864,-0.021077,0.007801,0.044190,0.037359,0.079720,-0.004413,-0.015248,0.030930,0.123057,-0.057684,-0.060318,0.014889,0.040436,0.040876,0.003463,0.059448,-0.043695,0.020745,-0.030330,0.020444,-0.063523,-0.011312,-0.000812,-0.027673,-0.041826,-0.061296,-0.089786,-0.010357,0.088303,-0.037814,0.030914,-0.162068,-0.008739,0.068815,1.000000,0.009882,0.016351,0.106993,-0.058227,-0.096913,0.007886,-0.046627,-0.013288,0.007390,-0.053559,-0.007651,-0.123016,-0.032199,0.009023,0.013732,-0.053459,0.089080,0.009999,0.036274,0.038867,-0.060034,0.014449,0.019368,-0.046152
0.012411,0.009398,-0.014230,0.048174,0.022375,-0.003365,-0.022975,-0.009193,-0.050057,0.055991,0.021225,-0.013079,0.010173,-0.024923,-0.075697,0.043971,0.077939,0.009462,-0.020190,0.036883,-0.016982,-0.051191,-0.003133,0.025456,-0.027136,-0.039929,0.026146,0.027103,0.018749,-0.094370,0.007767,-0.058915,-0.022502,-0.115209,0.082633,0.052250,-0.035378,-0.016981,0.111869,0.017243,0.099901,0.017507,-0.007858,0.009882,1.000000,-0.054921,0.016131,0.111925,-0.041620,-0.043327,-0.045473,0.082346,0.013696,-0.011825,0.015999,-0.082148,0.041122,-0.068185,-0.000548,0.002941,0.010698,0.068005,-0.086966,0.009402,-0.030991,0.038082,-0.042719,0.040696
0.093622,-0.033724,0.106644,-0.008191,-0.026924,-0.003255,-0.055195,0.042295,-0.017573,0.015157,-0.122084,0.127359,0.001705,-0.071174,-0.029193,-0.086561,0.020521,-0.012816,-0.029858,0.059298,-0.073582,0.007922,0.003540,0.009041,0.003121,-0.029487,-0.011678,0.008658,-0.056798,0.036422,-0.038134,0.030191,-0.064857,-0.052952,-0.104747,-0.036758,-0.047990,0.167262,-0.011492,0.034544,-0.023941,-0.031722,0.073621,0.016351,-0.054921,1.000000,0.034785,-0.029765,0.000038,-0.041217,0.001596,-0.000193,0.006373,-0.005177,-0.043268,-0.043462,0.004103,-0.030193,-0.019766,-0.069535,-0.058276,0.032774,0.070129,-0.033750,0.031270,-0.104004,-0.017773,0.019031
-0.048111,0.052613,0.019860,-0.099318,0.039303,0.068001,-0.007834,-0.028571,-0.041187,-0.000425,-0.037611,0.009823,0.032120,0.034252,0.040150,-0.126708,-0.030899,0.020860,0.098058,-0.043522,-0.031200,0.066090,0.088691,0.057536,-0.110083,-0.080671,-0.006265,-0.063715,-0.039645,0.033273,0.203493,0.032428,0.059030,0.092838,-0.102554,-0.034360,0.061290,0.051736,0.001319,0.065071,-0.111964,0.031389,-0.025531,0.106993,0.016131,0.034785,1.000000,-0.016377,0.036361,0.000893,-0.017303,0.001009,0.094140,0.058523,-0.029739,-0.064394,-0.022467,-0.026183,0.037335,-0.106865,-0.017645,-0.024666,-0.023463,0.061635,0.063307,-0.101754,0.012451,-0.004188
-0.037179,-0.015643,-0.039991,0.043599,-0.033879,-0.065390,-0.064602,-0.043721,-0.009195,0.022897,0.049715,-0.035308,0.089709,0.019369,0.087503,0.006597,0.074089,0.033812,-0.016788,0.052694,0.051821,-0.051469,0.021688,-0.015838,0.016226,0.016494,0.023457,0.007607,-0.033874,-0.037903,0.032357,-0.011036,-0.011255,0.054174,0.002533,0.029549,0.024283,0.072292,0.011591,-0.034842,0.002169,-0.115338,0.005017,-0.058227,0.111925,-0.029765,-0.016377,1.000000,-0.001253,-0.018609,-0.031302,-0.012366,0.009223,-0.018161,-0.005290,0.040393,-0.019633,-0.009683,-0.008748,0.071606,0.021021,-0.070258,0.034239,-0.033852,0.022024,0.092131,-0.014008,0.069719
0.095308,0.017507,-0.051982,-0.036395,0.073238,0.032113,0.071608,-0.032069,0.000032,-0.009389,-0.070961,-0.020531,-0.044529,0.011998,0.019498,0.019231,0.068912,-0.052420,0.047369,-0.000631,0.013545,-0.063819,-0.044424,-0.099178,0.015243,0.027131,0.036200,-0.008333,0.016835,0.082113,-0.060861,0.009441,-0.096096,0.036768,0.000419,-0.062516,-0.063477,-0.014359,0.028170,-0.018664,0.056725,-0.000733,0.079058,-0.096913,-0.041620,0.000038,0.036361,-0.001253,1.000000,-0.006412,0.047650,-0.024686,0.046567,0.135141,0.033999,0.027752,-0.041658,-0.001213,-0.090255,0.044375,0.040166,-0.022119,0.064065,0.078535,-0.076293,-0.040840,0.038020,0.029152
-0.016085,-0.037906,-0.021492,-0.081547,-0.014938,-0.029226,0.082617,-0.001697,-0.032845,-0.065012,0.008536,-0.059598,0.044689,0.026907,-0.001304,-0.005194,-0.030539,-0.000212,-0.000166,-0.026794,0.010094,-0.026527,-0.027980,0.017291,0.001905,-0.073484,0.036490,0.001325,-0.040016,-0.008175,0.032244,-0.027375,0.093872,0.008622,-0.004011,0.016248,0.039392,0.042790,-0.016100,0.007584,-0.025282,0.028430,0.079171,0.007886,-0.043327,-0.041217,0.000893,-0.018609,-0.006412,1.000000,0.027684,0.011422,0.098173,0.020181,0.040390,-0.045273,0.012127,-0.033341,0.098700,-0.004977,0.023724,-0.040178,0.065458,0.029220,0.070539,-0.035167,-0.013493,-0.035031
0.087557,-0.043531,-0.015376,-0.109837,-0.113034,0.033119,-0.029367,-0.003944,-0.067121,-0.036764,0.076069,-0.036865,0.061023,0.061960,0.028868,-0.112185,-0.098875,-0.031749,-0.058332,-0.053365,-0.096820,0.009081,-0.021008,-0.055214,-0.016157,-0.003402,0.036685,0.035026,0.010556,0.039827,0.044495,-0.008998,-0.021086,0.036100,0.064615,-0.042732,0.056824,0.030950,0.015576,-0.005777,0.081597,-0.026120,-0.028994,-0.046627,-0.045473,0.001596,-0.017303,-0.031302,0.047650,0.027684,1.000000,0.015516,0.029035,-0.045511,0.034192,0.038537,0.039952,-0.094709,0.085586,0.007968,0.078858,-0.026521,0.071079,0.007013,0.064738,-0.005579,-0.067582,0.062695
-0.075701,0.068498,-0.012926,-0.008500,-0.015043,-0.020529,-0.043374,0.078225,0.081218,0.070263,-0.038911,-0.018653,-0.015143,-0.043550,-0.011540,0.026860,-0.043126,0.115840,-0.057612,0.030968,-0.008085,-0.038872,0.011411,0.024514,0.038767,-0.014244,-0.028626,-0.036594,0.095890,0.073249,-0.015840,-0.025827,0.010461,-0.018330,-0.032449,0.039171,0.028264,0.006324,0.010029,0.001310,0.023028,0.061413,-0.058058,-0.013288,0.082346,-0.000193,0.001009,-0.012366,-0.024686,0.011422,0.015516,1.000000,0.050988,-0.053409,0.102027,0.005355,-0.055581,0.033827,0.067583,0.008392,-0.003854,0.091591,0.075127,0.014825,0.024826,0.034588,-0.046243,-0.019751
-0.039783,-0.010932,-0.035774,-0.046376,-0.071413,0.055212,0.031188,-0.025459,-0.005135,0.023694,0.049993,0.007634,-0.024361,0.036357,-0.041131,-0.040997,-0.051660,0.024828,0.015671,0.034170,0.038977,-0.007279,0.039052,-0.024188,0.066462,-0.000369,-0.016258,0.017232,0.042085,0.065793,0.019782,0.050814,-0.039479,0.069917,-0.033255,-0.064385,0.006146,-0.023550,0.000700,-0.000349,-0.062348,0.023246,0.016815,0.007390,0.013696,0.006373,0.094140,0.009223,0.046567,0.098173,0.029035,0.050988,1.000000,0.085441,-0.029250,-0.031512,-0.067399,0.052042,0.032054,-0.015126,-0.018528,-0.007911,0.042205,0.031806,-0.063686,0.069852,-0.052856,0.003767
-0.029299,-0.046700,0.033091,0.005862,0.017620,0.059639,0.039394,-0.015535,0.015804,0.047067,-0.036157,0.036079,-0.027040,0.039836,0.053829,-0.026590,0.082196,0.022783,0.018488,0.036452,0.027374,0.015435,0.018309,-0.018514,-0.011801,-0.000467,-0.091700,0.005513,-0.035102,0.007541,0.009473,0.057402,-0.094354,0.062278,0.031402,-0.054064,0.013065,-0.006323,-0.082529,0.013072,-0.070609,0.033704,0.041370,-0.053559,-0.011825,-0.005177,0.058523,-0.018161,0.135141,0.020181,-0.045511,-0.053409,0.085441,1.000000,0.025408,0.042866,0.008057,0.048685,0.016612,-0.026909,0.039932,0.035605,-0.007015,0.093531,-0.092977,-0.048051,0.019021,-0.019098
-0.061218,-0.017822,0.062352,0.027550,-0.055073,-0.083462,0.003620,-0.012448,-0.028830,0.012341,0.092457,0.045354,-0.036187,0.050408,0.018841,0.082278,0.039355,-0.048193,-0.058682,0.044766,0.072306,-0.022348,0.038234,0.017365,0.027987,-0.035313,-0.051667,-0.004265,0.056437,0.020593,-0.106245,-0.098649,0.044317,-0.001692,-0.023923,-0.044910,0.065241,-0.133250,0.072532,-0.034697,-0.001972,0.133239,0.076407,-0.007651,0.015999,-0.043268,-0.029739,-0.005290,0.033999,0.040390,0.034192,0.102027,-0.029250,0.025408,1.000000,-0.068922,-0.035543,-0.008938,0.056050,0.136541,-0.091099,-0.026376,-0.000406,-0.056683,-0.051664,-0.016058,0.055632,-0.022253
0.042411,0.031089,-0.070314,-0.013281,0.052144,0.055938,-0.002959,0.016919,-0.075189,0.011182,0.004371,0.003954,-0.014447,-0.051565,-0.021376,0.084478,-0.043597,-0.075334,0.042086,0.046797,-0.064164,0.015929,-0.024833,-0.001731,0.049061,0.006522,-0.027682,-0.067908,0.012015,0.106215,0.032595,0.056746,-0.045985,-0.041174,0.047198,-0.003740,0.035600,-0.013802,-0.018673,0.020244,0.014574,-0.023117,0.034907,-0.123016,-0.082148,-0.043462,-0.064394,0.040393,0.027752,-0.045273,0.038537,0.005355,-0.031512,0.042866,-0.068922,1.000000,0.029607,0.005338,0.024450,0.041765,0.010482,-0.022134,-0.109910,0.023827,0.107315,-0.032409,-0.006690,0.079678
-0.045846,0.012164,-0.068420,-0.030482,0.100194,-0.082917,-0.031990,-0.054097,-0.141953,0.063901,-0.066256,0.037495,-0.040719,-0.063927,-0.021503,0.003089,-0.014177,-0.091826,0.005800,0.017594,-0.011329,-0.047673,-0.114473,-0.002504,-0.004603,-0.034718,0.077127,-0.001632,-0.036988,-0.091619,0.001360,0.035563,0.017453,-0.055167,0.015098,0.022487,0.032808,0.019944,0.008105,0.113924,-0.002771,0.033350,0.062257,-0.032199,0.041122,0.004103,-0.022467,-0.019633,-0.041658,0.012127,0.039952,-0.055581,-0.067399,0.008057,-0.035543,0.029607,1.000000,-0.136160,-0.002228,-0.041591,0.050967,0.014682,0.004718,0.056602,0.049406,0.004997,0.022685,0.022714
-0.056480,-0.056217,-0.029862,-0.047613,-0.112003,-0.058547,-0.058268,-0.112454,0.078665,0.039732,0.022648,0.074398,-0.075286,0.036397,-0.038779,0.047136,0.007211,-0.072830,-0.065035,0.080431,0.000171,0.010953,0.032305,0.034362,-0.009412,0.146460,-0.017974,-0.038690,0.059103,0.047200,0.000610,0.015381,-0.000525,0.123218,0.005685,-0.068066,0.047091,0.043968,-0.022170,-0.144232,0.021278,-0.001774,-0.057810,0.009023,-0.068185,-0.030193,-0.026183,-0.009683,-0.001213,-0.033341,-0.094709,0.033827,0.052042,0.048685,-0.008938,0.005338,-0.136160,1.000000,-0.084081,0.055286,0.027746,0.081793,-0.110160,-0.029237,-0.029585,0.061815,0.106711,-0.043527
-0.058942,-0.012514,0.065355,-0.015462,0.043126,0.063006,-0.089975,0.013082,0.005861,-0.077886,0.047206,0.034750,-0.010478,-0.093129,0.030755,-0.054469,0.034686,-0.060008,-0.057045,-0.012440,-0.045885,-0.057753,-0.001629,-0.067349,-0.039198,0.105854,-0.063573,0.071354,-0.003852,0.012086,0.136337,0.000141,0.064542,-0.069115,0.009867,0.013791,0.034832,-0.005889,0.097318,0.007706,0.037493,0.071539,-0.025240,0.013732,-0.000548,-0.019766,0.037335,-0.008748,-0.090255,0.098700,0.085586,0.067583,0.032054,0.016612,0.056050,0.024450,-0.002228,-0.084081,1.000000,-0.026161,0.068686,0.018171,-0.033029,0.001963,0.066886,0.078929,0.012131,0.018068
-0.027867,0.045350,0.011521,0.016657,0.049851,-0.009442,-0.015964,0.016526,-0.019511,0.029504,0.142255,-0.008794,-0.033975,0.112885,0.015511,0.046936,0.056465,0.023062,-0.024603,0.001866,0.022604,0.004035,-0.025470,-0.066801,0.032829,-0.053961,0.028972,0.057892,0.072650,0.106467,-0.080419,-0.024456,0.011033,0.009341,0.028191,0.083644,0.037473,-0.099909,0.061865,0.026570,-0.011646,0.107861,-0.026203,-0.053459,0.002941,-0.069535,-0.106865,0.071606,0.044375,-0.004977,0.007968,0.008392,-0.015126,-0.026909,0.136541,0.041765,-0.041591,0.055286,-0.026161,1.000000,-0.054880,0.055794,-0.018843,-0.026787,0.029634,0.021405,0.047939,0.016346
-0.044574,0.060929,-0.070615,0.021843,0.043994,0.042687,0.032477,-0.065990,-0.033583,-0.056943,-0.008837,0.041403,0.064620,0.022358,0.017732,-0.045541,0.094903,0.081762,-0.051935,0.042470,-0.051498,0.026694,-0.062406,-0.026722,-0.075990,-0.005646,-0.042460,-0.052305,-0.072590,-0.047880,0.049231,0.049666,-0.032317,-0.080662,0.037707,-0.023598,0.101062,0.118136,-0.002121,0.045780,0.034444,-0.055502,0.066450,0.089080,0.010698,-0.058276,-0.017645,0.021021,0.040166,0.023724,0.078858,-0.003854,-0.018528,0.039932,-0.091099,0.010482,0.050967,0.027746,0.068686,-0.054880,1.000000,0.041196,-0.005392,0.010440,-0.028044,0.087265,0.040265,-0.033066
-0.034578,0.026346,-0.093555,-0.008285,0.023587,0.020408,0.062651,-0.041277,-0.000297,0.031084,0.104406,-0.006359,-0.048872,0.066996,-0.017873,-0.003219,0.050946,-0.011576,0.004540,0.015380,-0.017962,0.021217,-0.010926,0.030880,-0.016806,0.059092,-0.032030,0.037053,-0.000437,0.016915,-0.044388,0.059737,-0.034665,-0.015025,-0.056834,-0.042068,-0.002592,0.026371,0.080942,0.143107,-0.034689,0.019652,-0.015771,0.009999,0.068005,0.032774,-0.024666,-0.070258,-0.022119,-0.040178,-0.026521,0.091591,-0.007911,0.035605,-0.026376,-0.022134,0.014682,0.081793,0.018171,0.055794,0.041196,1.000000,-0.043029,-0.054235,-0.056231,-0.052317,-0.036289,0.038964
